6661999 = Ignore first line (new format code)
File name: E:\Folders\PhD\ISAD\ISAD_Curry_data\ISAD_EEGs\eLORETA\EEGs_128Hz_200sec-window\Clinical_v_Healthy\T1_healthy_all\H1-ROIlinLagConn-crss.txt
1 = Number of time frames in Time X Frequency decomposition
2 = Number of EEG files
11 = Number Electrodes
25600 = Number of time frames in EEG files
32768 = Number of time frames in EEG files power of 2
7 = Number of matrices
5 = Band type (1=Classical1; 2=Classical2; 3=DiscreteFreqs; 4=AllDiscreteFreqs; 5=UserDefinedBands)
 1.280000E+0002 = Sampling rate Hz
-1.000000E+0002 = Freq1 Hz
-1.000000E+0002 = Freq2 Hz
 3.906250E-0003 = Frequency resolution Hz

  0.000000E+0000  2.062363E-0002  1.995509E-0002  7.860543E-0003  4.116474E-0002  5.636023E-0002  2.450985E-0002  2.662276E-0002  6.384174E-0003  5.501418E-0002  3.974992E-0002
  2.062363E-0002  0.000000E+0000  2.045141E-0002  4.812266E-0002  5.193046E-0002  6.211948E-0002  7.412236E-0002  5.981541E-0002  1.707992E-0002  7.258272E-0002  5.143356E-0002
  1.995509E-0002  2.045141E-0002  0.000000E+0000  5.699952E-0002  1.632184E-0002  5.321024E-0002  8.886052E-0002  7.409886E-0002  7.219251E-0003  2.799875E-0002  6.051138E-0003
  7.860543E-0003  4.812266E-0002  5.699952E-0002  0.000000E+0000  1.164455E-0001  3.745513E-0001  8.377494E-0002  5.034687E-0002  4.601628E-0002  1.059931E-0001  1.078787E-0001
  4.116474E-0002  5.193046E-0002  1.632184E-0002  1.164455E-0001  0.000000E+0000  1.165629E-0001  1.187327E-0001  1.385063E-0001  4.892624E-0002  8.517513E-0002  1.629115E-0002
  5.636023E-0002  6.211948E-0002  5.321024E-0002  3.745513E-0001  1.165629E-0001  0.000000E+0000  7.827660E-0002  8.551561E-0002  1.385669E-0001  8.212145E-0002  2.648351E-0001
  2.450985E-0002  7.412236E-0002  8.886052E-0002  8.377494E-0002  1.187327E-0001  7.827660E-0002  0.000000E+0000  9.395830E-0002  4.028794E-0002  4.674871E-0002  1.802716E-0001
  2.662276E-0002  5.981541E-0002  7.409886E-0002  5.034687E-0002  1.385063E-0001  8.551561E-0002  9.395830E-0002  0.000000E+0000  4.210717E-0002  1.552249E-0001  5.939241E-0002
  6.384174E-0003  1.707992E-0002  7.219251E-0003  4.601628E-0002  4.892624E-0002  1.385669E-0001  4.028794E-0002  4.210717E-0002  0.000000E+0000  1.057172E-0001  5.499088E-0002
  5.501418E-0002  7.258272E-0002  2.799875E-0002  1.059931E-0001  8.517513E-0002  8.212145E-0002  4.674871E-0002  1.552249E-0001  1.057172E-0001  0.000000E+0000  1.006277E-0001
  3.974992E-0002  5.143356E-0002  6.051138E-0003  1.078787E-0001  1.629115E-0002  2.648351E-0001  1.802716E-0001  5.939241E-0002  5.499088E-0002  1.006277E-0001  0.000000E+0000

  0.000000E+0000  3.236568E-0003  1.411930E-0003  2.120021E-0003  5.648798E-0003  1.930369E-0003  9.911129E-0003  2.932819E-0003  8.702623E-0003  1.132058E-0002  1.163058E-0002
  3.236568E-0003  0.000000E+0000  1.376852E-0002  1.211349E-0002  2.651531E-0002  2.532284E-0002  4.757578E-0003  2.764297E-0002  3.306065E-0003  6.673041E-0003  6.999717E-0003
  1.411930E-0003  1.376852E-0002  0.000000E+0000  3.781761E-0003  9.115766E-0003  1.327765E-0002  1.635547E-0003  7.443834E-0003  2.922624E-0003  2.218609E-0003  6.002929E-0004
  2.120021E-0003  1.211349E-0002  3.781761E-0003  0.000000E+0000  9.196041E-0003  1.164157E-0002  8.173720E-0003  5.802037E-0003  1.794784E-0002  1.524597E-0002  1.773243E-0002
  5.648798E-0003  2.651531E-0002  9.115766E-0003  9.196041E-0003  0.000000E+0000  1.908602E-0002  6.438264E-0003  2.846107E-0002  6.943220E-0003  1.077275E-0002  6.565407E-0003
  1.930369E-0003  2.532284E-0002  1.327765E-0002  1.164157E-0002  1.908602E-0002  0.000000E+0000  1.230500E-0002  2.456377E-0002  3.517045E-0003  2.186328E-0002  1.872487E-0002
  9.911129E-0003  4.757578E-0003  1.635547E-0003  8.173720E-0003  6.438264E-0003  1.230500E-0002  0.000000E+0000  1.052123E-0002  2.007930E-0002  6.351424E-0003  4.344040E-0003
  2.932819E-0003  2.764297E-0002  7.443834E-0003  5.802037E-0003  2.846107E-0002  2.456377E-0002  1.052123E-0002  0.000000E+0000  6.268018E-0003  2.224506E-0002  2.091683E-0002
  8.702623E-0003  3.306065E-0003  2.922624E-0003  1.794784E-0002  6.943220E-0003  3.517045E-0003  2.007930E-0002  6.268018E-0003  0.000000E+0000  1.099924E-0002  2.727802E-0002
  1.132058E-0002  6.673041E-0003  2.218609E-0003  1.524597E-0002  1.077275E-0002  2.186328E-0002  6.351424E-0003  2.224506E-0002  1.099924E-0002  0.000000E+0000  1.445936E-0002
  1.163058E-0002  6.999717E-0003  6.002929E-0004  1.773243E-0002  6.565407E-0003  1.872487E-0002  4.344040E-0003  2.091683E-0002  2.727802E-0002  1.445936E-0002  0.000000E+0000

  0.000000E+0000  4.432336E-0003  6.205008E-0003  2.930300E-0003  6.871241E-0003  3.611488E-0003  3.543753E-0003  6.372440E-0003  1.835062E-0003  7.614133E-0003  5.404643E-0003
  4.432336E-0003  0.000000E+0000  9.873158E-0004  1.411222E-0002  1.335760E-0003  3.315723E-0003  3.815501E-0003  5.245690E-0003  7.459175E-0003  5.614960E-0003  1.334931E-0002
  6.205008E-0003  9.873158E-0004  0.000000E+0000  9.294684E-0003  2.002916E-0003  2.405482E-0003  4.178053E-0003  4.206775E-0003  6.662692E-0003  3.169839E-0003  1.112901E-0002
  2.930300E-0003  1.411222E-0002  9.294684E-0003  0.000000E+0000  1.129460E-0002  9.147845E-0003  8.365327E-0003  2.565089E-0002  4.292070E-0003  1.034011E-0002  8.563293E-0003
  6.871241E-0003  1.335760E-0003  2.002916E-0003  1.129460E-0002  0.000000E+0000  2.259828E-0003  4.756641E-0003  7.031042E-0003  1.125356E-0002  1.112418E-0002  1.762931E-0002
  3.611488E-0003  3.315723E-0003  2.405482E-0003  9.147845E-0003  2.259828E-0003  0.000000E+0000  5.541334E-0003  5.281443E-0003  7.215968E-0003  1.625567E-0002  1.260192E-0002
  3.543753E-0003  3.815501E-0003  4.178053E-0003  8.365327E-0003  4.756641E-0003  5.541334E-0003  0.000000E+0000  5.405765E-0003  6.071184E-0003  5.557525E-0003  8.815342E-0003
  6.372440E-0003  5.245690E-0003  4.206775E-0003  2.565089E-0002  7.031042E-0003  5.281443E-0003  5.405765E-0003  0.000000E+0000  8.516718E-0003  1.566835E-0002  1.008697E-0002
  1.835062E-0003  7.459175E-0003  6.662692E-0003  4.292070E-0003  1.125356E-0002  7.215968E-0003  6.071184E-0003  8.516718E-0003  0.000000E+0000  1.110066E-0002  1.034526E-0002
  7.614133E-0003  5.614960E-0003  3.169839E-0003  1.034011E-0002  1.112418E-0002  1.625567E-0002  5.557525E-0003  1.566835E-0002  1.110066E-0002  0.000000E+0000  2.080890E-0002
  5.404643E-0003  1.334931E-0002  1.112901E-0002  8.563293E-0003  1.762931E-0002  1.260192E-0002  8.815342E-0003  1.008697E-0002  1.034526E-0002  2.080890E-0002  0.000000E+0000

  0.000000E+0000  1.927118E-0003  1.095398E-0003  4.536235E-0003  1.682049E-0003  7.338455E-0003  2.649731E-0003  2.590736E-0003  8.178917E-0004  5.495525E-0003  2.447791E-0003
  1.927118E-0003  0.000000E+0000  1.259451E-0003  1.869106E-0003  5.989102E-0003  6.049832E-0003  4.728123E-0003  1.135387E-0002  1.035119E-0002  5.667846E-0003  6.442652E-0003
  1.095398E-0003  1.259451E-0003  0.000000E+0000  1.235440E-0003  2.444334E-0003  4.171608E-0003  3.415687E-0003  6.325406E-0003  3.978407E-0003  6.338625E-0003  2.728259E-0003
  4.536235E-0003  1.869106E-0003  1.235440E-0003  0.000000E+0000  2.307149E-0003  2.993839E-0003  4.719472E-0003  3.289808E-0003  1.796892E-0003  3.132020E-0003  1.475944E-0003
  1.682049E-0003  5.989102E-0003  2.444334E-0003  2.307149E-0003  0.000000E+0000  7.564779E-0003  9.034738E-0003  1.554872E-0002  5.259624E-0003  1.224559E-0002  8.071238E-0003
  7.338455E-0003  6.049832E-0003  4.171608E-0003  2.993839E-0003  7.564779E-0003  0.000000E+0000  9.720398E-0003  9.152127E-0003  1.012038E-0002  2.019144E-0002  1.200761E-0002
  2.649731E-0003  4.728123E-0003  3.415687E-0003  4.719472E-0003  9.034738E-0003  9.720398E-0003  0.000000E+0000  7.961927E-0003  3.779606E-0003  9.112071E-0003  6.209569E-0003
  2.590736E-0003  1.135387E-0002  6.325406E-0003  3.289808E-0003  1.554872E-0002  9.152127E-0003  7.961927E-0003  0.000000E+0000  1.516159E-0002  2.122768E-0002  7.787389E-0003
  8.178917E-0004  1.035119E-0002  3.978407E-0003  1.796892E-0003  5.259624E-0003  1.012038E-0002  3.779606E-0003  1.516159E-0002  0.000000E+0000  1.321389E-0002  9.831458E-0003
  5.495525E-0003  5.667846E-0003  6.338625E-0003  3.132020E-0003  1.224559E-0002  2.019144E-0002  9.112071E-0003  2.122768E-0002  1.321389E-0002  0.000000E+0000  2.366199E-0002
  2.447791E-0003  6.442652E-0003  2.728259E-0003  1.475944E-0003  8.071238E-0003  1.200761E-0002  6.209569E-0003  7.787389E-0003  9.831458E-0003  2.366199E-0002  0.000000E+0000

  0.000000E+0000  5.549527E-0003  9.587975E-0003  1.743320E-0002  1.086156E-0002  3.422525E-0002  2.048823E-0002  3.005081E-0002  2.451847E-0002  3.849730E-0002  4.513078E-0002
  5.549527E-0003  0.000000E+0000  1.982238E-0003  1.717556E-0002  1.011216E-0002  1.427169E-0002  6.571355E-0003  5.832618E-0003  9.464622E-0003  1.579373E-0002  1.056497E-0002
  9.587975E-0003  1.982238E-0003  0.000000E+0000  2.298514E-0002  1.177616E-0002  1.566361E-0002  3.362058E-0003  3.393550E-0003  4.060944E-0003  1.518690E-0002  6.970306E-0003
  1.743320E-0002  1.717556E-0002  2.298514E-0002  0.000000E+0000  3.367095E-0002  9.883144E-0002  5.794432E-0002  7.677884E-0002  7.684237E-0002  1.280174E-0001  1.475406E-0001
  1.086156E-0002  1.011216E-0002  1.177616E-0002  3.367095E-0002  0.000000E+0000  2.522801E-0002  1.293391E-0002  1.377761E-0002  2.301775E-0002  2.679202E-0002  1.805160E-0002
  3.422525E-0002  1.427169E-0002  1.566361E-0002  9.883144E-0002  2.522801E-0002  0.000000E+0000  4.020141E-0002  5.407640E-0002  5.404310E-0002  9.844252E-0002  1.006975E-0001
  2.048823E-0002  6.571355E-0003  3.362058E-0003  5.794432E-0002  1.293391E-0002  4.020141E-0002  0.000000E+0000  1.950468E-0002  3.136296E-0002  5.085997E-0002  3.418803E-0002
  3.005081E-0002  5.832618E-0003  3.393550E-0003  7.677884E-0002  1.377761E-0002  5.407640E-0002  1.950468E-0002  0.000000E+0000  3.389437E-0002  3.670490E-0002  4.914153E-0002
  2.451847E-0002  9.464622E-0003  4.060944E-0003  7.684237E-0002  2.301775E-0002  5.404310E-0002  3.136296E-0002  3.389437E-0002  0.000000E+0000  4.035952E-0002  5.423123E-0002
  3.849730E-0002  1.579373E-0002  1.518690E-0002  1.280174E-0001  2.679202E-0002  9.844252E-0002  5.085997E-0002  3.670490E-0002  4.035952E-0002  0.000000E+0000  6.244469E-0002
  4.513078E-0002  1.056497E-0002  6.970306E-0003  1.475406E-0001  1.805160E-0002  1.006975E-0001  3.418803E-0002  4.914153E-0002  5.423123E-0002  6.244469E-0002  0.000000E+0000

  0.000000E+0000  9.326925E-0003  8.744190E-0003  1.277414E-0002  1.030754E-0002  2.770596E-0002  1.773743E-0002  7.331509E-0003  1.815928E-0003  1.899728E-0002  1.632462E-0002
  9.326925E-0003  0.000000E+0000  3.433434E-0003  1.272095E-0002  1.305605E-0002  1.863632E-0002  1.679731E-0002  1.181363E-0002  1.547700E-0002  2.079947E-0002  1.246433E-0002
  8.744190E-0003  3.433434E-0003  0.000000E+0000  1.655789E-0002  9.578996E-0003  8.561788E-0003  1.996161E-0002  1.146065E-0002  1.577028E-0002  1.212121E-0002  8.725359E-0003
  1.277414E-0002  1.272095E-0002  1.655789E-0002  0.000000E+0000  2.400927E-0002  3.148514E-0002  2.819558E-0002  9.930640E-0003  1.403118E-0002  2.010180E-0002  3.482620E-0002
  1.030754E-0002  1.305605E-0002  9.578996E-0003  2.400927E-0002  0.000000E+0000  2.405225E-0002  3.729770E-0002  1.999037E-0002  2.270569E-0002  2.695436E-0002  2.844899E-0002
  2.770596E-0002  1.863632E-0002  8.561788E-0003  3.148514E-0002  2.405225E-0002  0.000000E+0000  2.478242E-0002  3.070179E-0002  4.092386E-0002  3.980007E-0002  4.158233E-0002
  1.773743E-0002  1.679731E-0002  1.996161E-0002  2.819558E-0002  3.729770E-0002  2.478242E-0002  0.000000E+0000  3.551549E-0002  2.082003E-0002  1.508263E-0002  3.568456E-0002
  7.331509E-0003  1.181363E-0002  1.146065E-0002  9.930640E-0003  1.999037E-0002  3.070179E-0002  3.551549E-0002  0.000000E+0000  1.088320E-0002  1.647958E-0002  2.040273E-0002
  1.815928E-0003  1.547700E-0002  1.577028E-0002  1.403118E-0002  2.270569E-0002  4.092386E-0002  2.082003E-0002  1.088320E-0002  0.000000E+0000  3.015479E-0002  2.593159E-0002
  1.899728E-0002  2.079947E-0002  1.212121E-0002  2.010180E-0002  2.695436E-0002  3.980007E-0002  1.508263E-0002  1.647958E-0002  3.015479E-0002  0.000000E+0000  3.218283E-0002
  1.632462E-0002  1.246433E-0002  8.725359E-0003  3.482620E-0002  2.844899E-0002  4.158233E-0002  3.568456E-0002  2.040273E-0002  2.593159E-0002  3.218283E-0002  0.000000E+0000

  0.000000E+0000  7.770059E-0003  7.563203E-0003  4.720731E-0002  1.094429E-0002  5.610294E-0002  5.607936E-0003  3.655404E-0002  2.820459E-0002  4.785756E-0002  6.812853E-0002
  7.770059E-0003  0.000000E+0000  3.514436E-0003  1.760784E-0002  4.592427E-0003  2.980301E-0002  7.726447E-0003  3.153673E-0002  1.525208E-0002  3.131766E-0002  2.697552E-0002
  7.563203E-0003  3.514436E-0003  0.000000E+0000  2.993689E-0002  3.476175E-0003  2.188246E-0002  1.007870E-0002  3.670218E-0003  1.421208E-0003  1.937587E-0002  1.889906E-0002
  4.720731E-0002  1.760784E-0002  2.993689E-0002  0.000000E+0000  3.133316E-0002  5.653977E-0002  6.490389E-0002  4.298458E-0002  8.651864E-0002  9.670907E-0002  1.054233E-0001
  1.094429E-0002  4.592427E-0003  3.476175E-0003  3.133316E-0002  0.000000E+0000  3.408595E-0002  4.119863E-0003  4.709034E-0002  2.752037E-0002  3.769452E-0002  3.361011E-0002
  5.610294E-0002  2.980301E-0002  2.188246E-0002  5.653977E-0002  3.408595E-0002  0.000000E+0000  6.102232E-0002  5.499047E-0002  7.386865E-0002  1.115385E-0001  9.740049E-0002
  5.607936E-0003  7.726447E-0003  1.007870E-0002  6.490389E-0002  4.119863E-0003  6.102232E-0002  0.000000E+0000  2.838969E-0002  1.306334E-0002  5.456129E-0002  8.433242E-0002
  3.655404E-0002  3.153673E-0002  3.670218E-0003  4.298458E-0002  4.709034E-0002  5.499047E-0002  2.838969E-0002  0.000000E+0000  4.867246E-0002  7.620832E-0002  1.954096E-0002
  2.820459E-0002  1.525208E-0002  1.421208E-0003  8.651864E-0002  2.752037E-0002  7.386865E-0002  1.306334E-0002  4.867246E-0002  0.000000E+0000  8.837122E-0002  5.345485E-0002
  4.785756E-0002  3.131766E-0002  1.937587E-0002  9.670907E-0002  3.769452E-0002  1.115385E-0001  5.456129E-0002  7.620832E-0002  8.837122E-0002  0.000000E+0000  1.208985E-0001
  6.812853E-0002  2.697552E-0002  1.889906E-0002  1.054233E-0001  3.361011E-0002  9.740049E-0002  8.433242E-0002  1.954096E-0002  5.345485E-0002  1.208985E-0001  0.000000E+0000
