6661999 = Ignore first line (new format code)
File name: E:\Folders\PhD\ISAD\ISAD_Curry_data\ISAD_EEGs\eLORETA\EEGs_128Hz_200sec-window\Clinical_v_Healthy\T1_healthy_all\H11-ROIlinLagConn-crss.txt
1 = Number of time frames in Time X Frequency decomposition
2 = Number of EEG files
11 = Number Electrodes
25600 = Number of time frames in EEG files
32768 = Number of time frames in EEG files power of 2
7 = Number of matrices
5 = Band type (1=Classical1; 2=Classical2; 3=DiscreteFreqs; 4=AllDiscreteFreqs; 5=UserDefinedBands)
 1.280000E+0002 = Sampling rate Hz
-1.000000E+0002 = Freq1 Hz
-1.000000E+0002 = Freq2 Hz
 3.906250E-0003 = Frequency resolution Hz

  0.000000E+0000  4.555896E-0002  2.352678E-0002  2.619738E-0002  3.189205E-0002  3.733270E-0002  2.460611E-0002  7.973453E-0002  5.821150E-0002  3.459905E-0002  2.341883E-0002
  4.555896E-0002  0.000000E+0000  2.403367E-0002  1.837413E-0002  3.774143E-0002  3.222717E-0002  1.258424E-0002  9.070773E-0002  9.347115E-0002  7.917283E-0002  1.184328E-0002
  2.352678E-0002  2.403367E-0002  0.000000E+0000  1.244076E-0002  2.395065E-0002  2.529459E-0002  1.566508E-0002  2.833936E-0002  2.664462E-0002  2.716702E-0002  1.408852E-0002
  2.619738E-0002  1.837413E-0002  1.244076E-0002  0.000000E+0000  1.755585E-0002  1.589059E-0002  1.465011E-0002  2.506927E-0002  1.206135E-0002  1.442199E-0002  1.723744E-0002
  3.189205E-0002  3.774143E-0002  2.395065E-0002  1.755585E-0002  0.000000E+0000  1.691717E-0002  1.150945E-0002  7.683180E-0002  5.655690E-0002  2.827573E-0002  1.478785E-0002
  3.733270E-0002  3.222717E-0002  2.529459E-0002  1.589059E-0002  1.691717E-0002  0.000000E+0000  9.651651E-0003  6.896276E-0002  2.457855E-0002  1.614072E-0002  1.125079E-0002
  2.460611E-0002  1.258424E-0002  1.566508E-0002  1.465011E-0002  1.150945E-0002  9.651651E-0003  0.000000E+0000  4.221732E-0002  7.313276E-0003  1.035775E-0002  1.256557E-0002
  7.973453E-0002  9.070773E-0002  2.833936E-0002  2.506927E-0002  7.683180E-0002  6.896276E-0002  4.221732E-0002  0.000000E+0000  9.735986E-0002  9.288312E-0002  4.814683E-0002
  5.821150E-0002  9.347115E-0002  2.664462E-0002  1.206135E-0002  5.655690E-0002  2.457855E-0002  7.313276E-0003  9.735986E-0002  0.000000E+0000  5.858606E-0002  2.728582E-0002
  3.459905E-0002  7.917283E-0002  2.716702E-0002  1.442199E-0002  2.827573E-0002  1.614072E-0002  1.035775E-0002  9.288312E-0002  5.858606E-0002  0.000000E+0000  1.137438E-0002
  2.341883E-0002  1.184328E-0002  1.408852E-0002  1.723744E-0002  1.478785E-0002  1.125079E-0002  1.256557E-0002  4.814683E-0002  2.728582E-0002  1.137438E-0002  0.000000E+0000

  0.000000E+0000  1.281298E-0003  1.877090E-0004  9.031674E-0004  7.985550E-0004  1.555913E-0003  5.529334E-0004  1.514498E-0003  1.766802E-0003  1.676300E-0003  1.461646E-0003
  1.281298E-0003  0.000000E+0000  7.936748E-0004  1.236703E-0003  1.273887E-0003  2.364165E-0003  7.669099E-0004  2.224489E-0003  5.329664E-0003  4.707741E-0003  1.430387E-0003
  1.877090E-0004  7.936748E-0004  0.000000E+0000  9.027067E-0004  4.132434E-0004  1.505885E-0003  4.620992E-0004  8.479623E-0004  1.375691E-0003  1.155686E-0003  1.565227E-0003
  9.031674E-0004  1.236703E-0003  9.027067E-0004  0.000000E+0000  8.176942E-0004  3.812081E-0004  2.022507E-0004  2.274199E-0003  9.840993E-0004  1.448415E-0003  6.717035E-0004
  7.985550E-0004  1.273887E-0003  4.132434E-0004  8.176942E-0004  0.000000E+0000  1.724274E-0003  3.773675E-0004  1.618857E-0003  1.550731E-0003  1.764356E-0003  1.569136E-0003
  1.555913E-0003  2.364165E-0003  1.505885E-0003  3.812081E-0004  1.724274E-0003  0.000000E+0000  1.298082E-0004  4.712299E-0003  1.445131E-0003  1.339901E-0003  8.751193E-0004
  5.529334E-0004  7.669099E-0004  4.620992E-0004  2.022507E-0004  3.773675E-0004  1.298082E-0004  0.000000E+0000  1.344837E-0003  6.460125E-0004  5.844391E-0004  2.073335E-0004
  1.514498E-0003  2.224489E-0003  8.479623E-0004  2.274199E-0003  1.618857E-0003  4.712299E-0003  1.344837E-0003  0.000000E+0000  7.017741E-0003  5.697322E-0003  3.519433E-0003
  1.766802E-0003  5.329664E-0003  1.375691E-0003  9.840993E-0004  1.550731E-0003  1.445131E-0003  6.460125E-0004  7.017741E-0003  0.000000E+0000  3.348693E-0003  2.084350E-0003
  1.676300E-0003  4.707741E-0003  1.155686E-0003  1.448415E-0003  1.764356E-0003  1.339901E-0003  5.844391E-0004  5.697322E-0003  3.348693E-0003  0.000000E+0000  2.023004E-0003
  1.461646E-0003  1.430387E-0003  1.565227E-0003  6.717035E-0004  1.569136E-0003  8.751193E-0004  2.073335E-0004  3.519433E-0003  2.084350E-0003  2.023004E-0003  0.000000E+0000

  0.000000E+0000  1.383730E-0003  3.762133E-0004  1.759034E-0003  1.481022E-0003  1.869314E-0003  1.310387E-0003  1.247863E-0003  6.029432E-0004  1.830376E-0003  2.044732E-0003
  1.383730E-0003  0.000000E+0000  6.536405E-0004  1.972979E-0003  2.934024E-0004  1.821654E-0003  2.122792E-0003  1.768878E-0003  1.573748E-0003  1.465788E-0003  2.484438E-0003
  3.762133E-0004  6.536405E-0004  0.000000E+0000  2.349003E-0003  9.707537E-0004  2.099646E-0003  1.489160E-0003  7.615111E-0004  8.119760E-0004  1.612006E-0003  2.264029E-0003
  1.759034E-0003  1.972979E-0003  2.349003E-0003  0.000000E+0000  2.678141E-0003  3.800674E-0003  6.332116E-0004  7.050826E-0003  6.399705E-0003  4.482182E-0003  3.434774E-0003
  1.481022E-0003  2.934024E-0004  9.707537E-0004  2.678141E-0003  0.000000E+0000  2.713836E-0003  2.303605E-0003  1.884463E-0003  1.203995E-0003  1.209841E-0003  3.067753E-0003
  1.869314E-0003  1.821654E-0003  2.099646E-0003  3.800674E-0003  2.713836E-0003  0.000000E+0000  2.193291E-0003  4.519323E-0003  4.929272E-0003  3.856696E-0003  3.035849E-0003
  1.310387E-0003  2.122792E-0003  1.489160E-0003  6.332116E-0004  2.303605E-0003  2.193291E-0003  0.000000E+0000  2.878837E-0003  4.782790E-0003  3.714598E-0003  1.764101E-0003
  1.247863E-0003  1.768878E-0003  7.615111E-0004  7.050826E-0003  1.884463E-0003  4.519323E-0003  2.878837E-0003  0.000000E+0000  2.158727E-0003  5.007279E-0003  4.905312E-0003
  6.029432E-0004  1.573748E-0003  8.119760E-0004  6.399705E-0003  1.203995E-0003  4.929272E-0003  4.782790E-0003  2.158727E-0003  0.000000E+0000  4.328473E-0003  6.864666E-0003
  1.830376E-0003  1.465788E-0003  1.612006E-0003  4.482182E-0003  1.209841E-0003  3.856696E-0003  3.714598E-0003  5.007279E-0003  4.328473E-0003  0.000000E+0000  5.449757E-0003
  2.044732E-0003  2.484438E-0003  2.264029E-0003  3.434774E-0003  3.067753E-0003  3.035849E-0003  1.764101E-0003  4.905312E-0003  6.864666E-0003  5.449757E-0003  0.000000E+0000

  0.000000E+0000  4.363233E-0003  2.702391E-0003  1.201334E-0002  9.971595E-0003  8.413849E-0003  1.886927E-0003  5.203935E-0003  6.273725E-0003  8.848921E-0003  4.956780E-0003
  4.363233E-0003  0.000000E+0000  3.875287E-0003  6.885508E-0003  4.934802E-0003  8.291540E-0003  2.117201E-0003  7.436914E-0003  1.393055E-0002  1.313654E-0002  5.613585E-0003
  2.702391E-0003  3.875287E-0003  0.000000E+0000  8.884422E-0003  7.222033E-0003  5.502324E-0003  1.595081E-0003  3.146130E-0003  2.375898E-0003  8.817870E-0003  5.501563E-0003
  1.201334E-0002  6.885508E-0003  8.884422E-0003  0.000000E+0000  6.862854E-0003  1.465293E-0002  2.126037E-0003  2.213735E-0002  1.996708E-0002  1.333643E-0002  6.268939E-0003
  9.971595E-0003  4.934802E-0003  7.222033E-0003  6.862854E-0003  0.000000E+0000  1.206862E-0002  2.160086E-0003  1.727916E-0002  1.681784E-0002  1.058317E-0002  5.050347E-0003
  8.413849E-0003  8.291540E-0003  5.502324E-0003  1.465293E-0002  1.206862E-0002  0.000000E+0000  2.910543E-0003  1.273966E-0002  1.466033E-0002  1.369020E-0002  6.966347E-0003
  1.886927E-0003  2.117201E-0003  1.595081E-0003  2.126037E-0003  2.160086E-0003  2.910543E-0003  0.000000E+0000  3.345833E-0003  4.684824E-0003  2.737739E-0003  1.690228E-0003
  5.203935E-0003  7.436914E-0003  3.146130E-0003  2.213735E-0002  1.727916E-0002  1.273966E-0002  3.345833E-0003  0.000000E+0000  7.374603E-0003  2.048851E-0002  1.155347E-0002
  6.273725E-0003  1.393055E-0002  2.375898E-0003  1.996708E-0002  1.681784E-0002  1.466033E-0002  4.684824E-0003  7.374603E-0003  0.000000E+0000  2.123774E-0002  1.435883E-0002
  8.848921E-0003  1.313654E-0002  8.817870E-0003  1.333643E-0002  1.058317E-0002  1.369020E-0002  2.737739E-0003  2.048851E-0002  2.123774E-0002  0.000000E+0000  1.020076E-0002
  4.956780E-0003  5.613585E-0003  5.501563E-0003  6.268939E-0003  5.050347E-0003  6.966347E-0003  1.690228E-0003  1.155347E-0002  1.435883E-0002  1.020076E-0002  0.000000E+0000

  0.000000E+0000  2.843035E-0002  2.292574E-0002  2.519085E-0002  3.022647E-0002  4.428924E-0002  1.233382E-0002  5.037500E-0002  5.333434E-0002  4.556077E-0002  3.814237E-0002
  2.843035E-0002  0.000000E+0000  6.852742E-0003  3.303381E-0002  2.991755E-0002  3.508687E-0002  5.575241E-0003  8.161048E-0003  3.455447E-0002  3.085754E-0002  3.210609E-0002
  2.292574E-0002  6.852742E-0003  0.000000E+0000  2.320046E-0002  2.253313E-0002  2.480814E-0002  4.428973E-0003  3.525203E-0003  2.841360E-0002  2.311116E-0002  2.159830E-0002
  2.519085E-0002  3.303381E-0002  2.320046E-0002  0.000000E+0000  2.874171E-0002  4.172523E-0002  5.486805E-0003  5.283240E-0002  5.914836E-0002  5.629674E-0002  3.374514E-0002
  3.022647E-0002  2.991755E-0002  2.253313E-0002  2.874171E-0002  0.000000E+0000  4.177210E-0002  1.027632E-0002  5.442529E-0002  6.028840E-0002  5.585572E-0002  3.336597E-0002
  4.428924E-0002  3.508687E-0002  2.480814E-0002  4.172523E-0002  4.177210E-0002  0.000000E+0000  1.253942E-0002  5.586598E-0002  5.729372E-0002  5.190215E-0002  4.438647E-0002
  1.233382E-0002  5.575241E-0003  4.428973E-0003  5.486805E-0003  1.027632E-0002  1.253942E-0002  0.000000E+0000  7.951564E-0003  1.964980E-0002  1.384231E-0002  1.070751E-0002
  5.037500E-0002  8.161048E-0003  3.525203E-0003  5.283240E-0002  5.442529E-0002  5.586598E-0002  7.951564E-0003  0.000000E+0000  5.644026E-0002  5.774485E-0002  4.803639E-0002
  5.333434E-0002  3.455447E-0002  2.841360E-0002  5.914836E-0002  6.028840E-0002  5.729372E-0002  1.964980E-0002  5.644026E-0002  0.000000E+0000  5.502788E-0002  4.441217E-0002
  4.556077E-0002  3.085754E-0002  2.311116E-0002  5.629674E-0002  5.585572E-0002  5.190215E-0002  1.384231E-0002  5.774485E-0002  5.502788E-0002  0.000000E+0000  4.470098E-0002
  3.814237E-0002  3.210609E-0002  2.159830E-0002  3.374514E-0002  3.336597E-0002  4.438647E-0002  1.070751E-0002  4.803639E-0002  4.441217E-0002  4.470098E-0002  0.000000E+0000

  0.000000E+0000  6.385577E-0003  6.619016E-0003  6.041322E-0003  6.563491E-0003  1.002831E-0002  2.903551E-0003  1.173181E-0002  1.190368E-0002  8.289812E-0003  6.465512E-0003
  6.385577E-0003  0.000000E+0000  1.374930E-0003  3.655098E-0003  5.478631E-0003  5.278653E-0003  1.864941E-0003  1.496858E-0003  6.874485E-0003  4.449684E-0003  2.319585E-0003
  6.619016E-0003  1.374930E-0003  0.000000E+0000  4.812449E-0003  6.094224E-0003  5.834029E-0003  2.604492E-0003  8.066677E-0004  6.719583E-0003  5.815686E-0003  3.727193E-0003
  6.041322E-0003  3.655098E-0003  4.812449E-0003  0.000000E+0000  5.665767E-0003  6.341059E-0003  1.642697E-0003  9.437185E-0003  1.148987E-0002  8.620969E-0003  2.358085E-0003
  6.563491E-0003  5.478631E-0003  6.094224E-0003  5.665767E-0003  0.000000E+0000  1.001115E-0002  3.430229E-0003  1.285328E-0002  1.346735E-0002  1.083481E-0002  5.290533E-0003
  1.002831E-0002  5.278653E-0003  5.834029E-0003  6.341059E-0003  1.001115E-0002  0.000000E+0000  2.064817E-0003  1.078235E-0002  1.236651E-0002  9.159267E-0003  5.042950E-0003
  2.903551E-0003  1.864941E-0003  2.604492E-0003  1.642697E-0003  3.430229E-0003  2.064817E-0003  0.000000E+0000  5.380852E-0003  6.564599E-0003  4.904307E-0003  1.063786E-0003
  1.173181E-0002  1.496858E-0003  8.066677E-0004  9.437185E-0003  1.285328E-0002  1.078235E-0002  5.380852E-0003  0.000000E+0000  1.094932E-0002  1.219256E-0002  8.841387E-0003
  1.190368E-0002  6.874485E-0003  6.719583E-0003  1.148987E-0002  1.346735E-0002  1.236651E-0002  6.564599E-0003  1.094932E-0002  0.000000E+0000  1.176693E-0002  1.006772E-0002
  8.289812E-0003  4.449684E-0003  5.815686E-0003  8.620969E-0003  1.083481E-0002  9.159267E-0003  4.904307E-0003  1.219256E-0002  1.176693E-0002  0.000000E+0000  7.043060E-0003
  6.465512E-0003  2.319585E-0003  3.727193E-0003  2.358085E-0003  5.290533E-0003  5.042950E-0003  1.063786E-0003  8.841387E-0003  1.006772E-0002  7.043060E-0003  0.000000E+0000

  0.000000E+0000  9.914038E-0004  1.156999E-0003  1.702607E-0003  1.131941E-0003  1.902401E-0003  6.948475E-0004  2.437843E-0003  2.150740E-0003  1.381765E-0003  1.172086E-0003
  9.914038E-0004  0.000000E+0000  2.162408E-0004  2.589122E-0004  7.893413E-0004  6.257212E-0004  2.836430E-0004  2.772623E-0004  9.492455E-0004  5.409739E-0004  1.944695E-0004
  1.156999E-0003  2.162408E-0004  0.000000E+0000  7.873811E-0004  1.095985E-0003  9.845438E-0004  4.522986E-0004  1.816224E-0004  1.057532E-0003  9.718581E-0004  6.142288E-0004
  1.702607E-0003  2.589122E-0004  7.873811E-0004  0.000000E+0000  1.726386E-0003  1.284900E-0003  6.333639E-0004  1.449210E-0003  2.306189E-0003  1.546002E-0003  8.962731E-0004
  1.131941E-0003  7.893413E-0004  1.095985E-0003  1.726386E-0003  0.000000E+0000  1.933374E-0003  6.610629E-0004  2.719695E-0003  2.358302E-0003  1.362144E-0003  7.872105E-0004
  1.902401E-0003  6.257212E-0004  9.845438E-0004  1.284900E-0003  1.933374E-0003  0.000000E+0000  5.338803E-0004  2.101803E-0003  2.276784E-0003  1.323961E-0003  7.535581E-0004
  6.948475E-0004  2.836430E-0004  4.522986E-0004  6.333639E-0004  6.610629E-0004  5.338803E-0004  0.000000E+0000  9.989671E-0004  5.604465E-0004  5.981452E-0004  3.888669E-0004
  2.437843E-0003  2.772623E-0004  1.816224E-0004  1.449210E-0003  2.719695E-0003  2.101803E-0003  9.989671E-0004  0.000000E+0000  2.151411E-0003  2.518314E-0003  1.780332E-0003
  2.150740E-0003  9.492455E-0004  1.057532E-0003  2.306189E-0003  2.358302E-0003  2.276784E-0003  5.604465E-0004  2.151411E-0003  0.000000E+0000  2.342234E-0003  1.652846E-0003
  1.381765E-0003  5.409739E-0004  9.718581E-0004  1.546002E-0003  1.362144E-0003  1.323961E-0003  5.981452E-0004  2.518314E-0003  2.342234E-0003  0.000000E+0000  9.021619E-0004
  1.172086E-0003  1.944695E-0004  6.142288E-0004  8.962731E-0004  7.872105E-0004  7.535581E-0004  3.888669E-0004  1.780332E-0003  1.652846E-0003  9.021619E-0004  0.000000E+0000
