6661999 = Ignore first line (new format code)
File name: E:\Folders\PhD\ISAD\ISAD_Curry_data\ISAD_EEGs\eLORETA\EEGs_128Hz_200sec-window\Clinical_v_Healthy\T1_healthy_all\H12-ROIlinLagConn-crss.txt
1 = Number of time frames in Time X Frequency decomposition
3 = Number of EEG files
11 = Number Electrodes
25600 = Number of time frames in EEG files
32768 = Number of time frames in EEG files power of 2
7 = Number of matrices
5 = Band type (1=Classical1; 2=Classical2; 3=DiscreteFreqs; 4=AllDiscreteFreqs; 5=UserDefinedBands)
 1.280000E+0002 = Sampling rate Hz
-1.000000E+0002 = Freq1 Hz
-1.000000E+0002 = Freq2 Hz
 3.906250E-0003 = Frequency resolution Hz

  0.000000E+0000  1.072291E-0001  3.056527E-0002  3.702204E-0002  5.416228E-0002  3.232523E-0002  3.023835E-0002  4.650356E-0002  8.643908E-0002  5.571796E-0002  9.428199E-0002
  1.072291E-0001  0.000000E+0000  8.333681E-0003  4.083222E-0002  9.624188E-0002  2.307530E-0002  5.909884E-0003  1.701172E-0002  8.667661E-0002  1.345487E-0002  5.316192E-0003
  3.056527E-0002  8.333681E-0003  0.000000E+0000  5.121748E-0003  3.400696E-0002  1.425538E-0002  5.672948E-0003  9.981208E-0003  3.668717E-0003  1.709108E-0002  3.777817E-0003
  3.702204E-0002  4.083222E-0002  5.121748E-0003  0.000000E+0000  2.394622E-0002  2.453911E-0002  1.257708E-0002  3.345789E-0002  2.888712E-0002  1.123294E-0002  4.391219E-0002
  5.416228E-0002  9.624188E-0002  3.400696E-0002  2.394622E-0002  0.000000E+0000  1.100615E-0001  7.746053E-0002  6.499057E-0002  1.485702E-0001  1.104799E-0001  7.683319E-0002
  3.232523E-0002  2.307530E-0002  1.425538E-0002  2.453911E-0002  1.100615E-0001  0.000000E+0000  1.832091E-0002  5.491827E-0002  3.792364E-0002  6.001117E-0002  4.111874E-0002
  3.023835E-0002  5.909884E-0003  5.672948E-0003  1.257708E-0002  7.746053E-0002  1.832091E-0002  0.000000E+0000  4.861979E-0002  2.051776E-0002  1.951580E-0002  6.495963E-0003
  4.650356E-0002  1.701172E-0002  9.981208E-0003  3.345789E-0002  6.499057E-0002  5.491827E-0002  4.861979E-0002  0.000000E+0000  1.375043E-0001  3.230277E-0002  3.779963E-0002
  8.643908E-0002  8.667661E-0002  3.668717E-0003  2.888712E-0002  1.485702E-0001  3.792364E-0002  2.051776E-0002  1.375043E-0001  0.000000E+0000  4.956650E-0002  3.645091E-0002
  5.571796E-0002  1.345487E-0002  1.709108E-0002  1.123294E-0002  1.104799E-0001  6.001117E-0002  1.951580E-0002  3.230277E-0002  4.956650E-0002  0.000000E+0000  3.843187E-0002
  9.428199E-0002  5.316192E-0003  3.777817E-0003  4.391219E-0002  7.683319E-0002  4.111874E-0002  6.495963E-0003  3.779963E-0002  3.645091E-0002  3.843187E-0002  0.000000E+0000

  0.000000E+0000  1.003671E-0003  1.496136E-0003  1.819152E-0002  8.895395E-0003  1.718900E-0002  1.079386E-0002  3.195239E-0003  4.043883E-0003  1.880285E-0002  1.173329E-0002
  1.003671E-0003  0.000000E+0000  9.281450E-0004  4.559462E-0003  2.489988E-0003  9.975711E-0003  2.380923E-0003  2.644256E-0003  1.258481E-0003  1.237548E-0002  4.052332E-0003
  1.496136E-0003  9.281450E-0004  0.000000E+0000  2.532730E-0003  3.471593E-0003  2.908295E-0003  3.355250E-0003  2.526171E-0003  3.335018E-0003  1.537401E-0003  3.397334E-0003
  1.819152E-0002  4.559462E-0003  2.532730E-0003  0.000000E+0000  8.702479E-0003  7.485585E-0003  4.782218E-0003  9.368412E-0003  2.089297E-0003  1.372447E-0002  4.009715E-0003
  8.895395E-0003  2.489988E-0003  3.471593E-0003  8.702479E-0003  0.000000E+0000  1.460016E-0002  6.846892E-0003  2.720372E-0003  7.222251E-0003  1.795819E-0002  8.299931E-0003
  1.718900E-0002  9.975711E-0003  2.908295E-0003  7.485585E-0003  1.460016E-0002  0.000000E+0000  1.430698E-0002  1.856361E-0002  5.531320E-0003  1.248458E-0002  1.913344E-0002
  1.079386E-0002  2.380923E-0003  3.355250E-0003  4.782218E-0003  6.846892E-0003  1.430698E-0002  0.000000E+0000  1.632877E-0002  6.025756E-0003  1.566823E-0002  3.709620E-0003
  3.195239E-0003  2.644256E-0003  2.526171E-0003  9.368412E-0003  2.720372E-0003  1.856361E-0002  1.632877E-0002  0.000000E+0000  7.940524E-0003  1.459804E-0002  1.773931E-0002
  4.043883E-0003  1.258481E-0003  3.335018E-0003  2.089297E-0003  7.222251E-0003  5.531320E-0003  6.025756E-0003  7.940524E-0003  0.000000E+0000  6.522034E-0003  1.082304E-0002
  1.880285E-0002  1.237548E-0002  1.537401E-0003  1.372447E-0002  1.795819E-0002  1.248458E-0002  1.566823E-0002  1.459804E-0002  6.522034E-0003  0.000000E+0000  1.634807E-0002
  1.173329E-0002  4.052332E-0003  3.397334E-0003  4.009715E-0003  8.299931E-0003  1.913344E-0002  3.709620E-0003  1.773931E-0002  1.082304E-0002  1.634807E-0002  0.000000E+0000

  0.000000E+0000  2.503338E-0003  2.329526E-0003  9.171125E-0003  5.445945E-0003  6.632246E-0003  4.803018E-0003  2.120733E-0003  6.636300E-0003  7.570944E-0003  4.490870E-0003
  2.503338E-0003  0.000000E+0000  1.862083E-0003  1.288054E-0002  4.081658E-0003  6.561141E-0003  2.282108E-0003  1.616852E-0003  1.863498E-0003  4.577582E-0003  3.757790E-0003
  2.329526E-0003  1.862083E-0003  0.000000E+0000  2.555442E-0003  1.068038E-0003  5.079872E-0003  1.635699E-0003  1.659483E-0003  1.640684E-0003  2.018816E-0003  1.408782E-0003
  9.171125E-0003  1.288054E-0002  2.555442E-0003  0.000000E+0000  9.292980E-0003  1.210262E-0002  1.124882E-0002  1.800019E-0002  1.308408E-0002  8.233895E-0003  6.234991E-0003
  5.445945E-0003  4.081658E-0003  1.068038E-0003  9.292980E-0003  0.000000E+0000  1.539689E-0002  7.317024E-0003  3.564849E-0003  4.309000E-0003  9.943794E-0003  2.664101E-0003
  6.632246E-0003  6.561141E-0003  5.079872E-0003  1.210262E-0002  1.539689E-0002  0.000000E+0000  1.466108E-0002  1.358485E-0002  5.079068E-0003  7.805948E-0003  2.401396E-0002
  4.803018E-0003  2.282108E-0003  1.635699E-0003  1.124882E-0002  7.317024E-0003  1.466108E-0002  0.000000E+0000  8.967911E-0003  6.780591E-0003  9.821682E-0003  7.743690E-0003
  2.120733E-0003  1.616852E-0003  1.659483E-0003  1.800019E-0002  3.564849E-0003  1.358485E-0002  8.967911E-0003  0.000000E+0000  2.094383E-0003  9.605547E-0003  6.056527E-0003
  6.636300E-0003  1.863498E-0003  1.640684E-0003  1.308408E-0002  4.309000E-0003  5.079068E-0003  6.780591E-0003  2.094383E-0003  0.000000E+0000  6.540852E-0003  7.772854E-0003
  7.570944E-0003  4.577582E-0003  2.018816E-0003  8.233895E-0003  9.943794E-0003  7.805948E-0003  9.821682E-0003  9.605547E-0003  6.540852E-0003  0.000000E+0000  9.940233E-0003
  4.490870E-0003  3.757790E-0003  1.408782E-0003  6.234991E-0003  2.664101E-0003  2.401396E-0002  7.743690E-0003  6.056527E-0003  7.772854E-0003  9.940233E-0003  0.000000E+0000

  0.000000E+0000  3.674703E-0003  3.235141E-0003  5.227764E-0003  7.906701E-0003  1.101015E-0002  8.969494E-0003  1.096173E-0002  1.186037E-0002  6.327750E-0003  8.897669E-0003
  3.674703E-0003  0.000000E+0000  1.632163E-0003  3.793337E-0003  2.420085E-0003  1.610102E-0003  1.616520E-0003  1.064139E-0003  2.912632E-0003  7.111589E-0003  2.996001E-0003
  3.235141E-0003  1.632163E-0003  0.000000E+0000  7.176556E-0003  1.356398E-0003  4.059844E-0003  2.537675E-0003  1.560242E-0003  4.174328E-0003  3.076418E-0003  4.418618E-0003
  5.227764E-0003  3.793337E-0003  7.176556E-0003  0.000000E+0000  1.428596E-0002  6.773103E-0003  1.360409E-0002  4.922296E-0003  2.045399E-0002  7.771559E-0003  8.087418E-0003
  7.906701E-0003  2.420085E-0003  1.356398E-0003  1.428596E-0002  0.000000E+0000  1.478277E-0002  5.741905E-0003  6.547102E-0003  6.315816E-0003  9.296862E-0003  6.719323E-0003
  1.101015E-0002  1.610102E-0003  4.059844E-0003  6.773103E-0003  1.478277E-0002  0.000000E+0000  8.992996E-0003  3.002256E-0003  9.101005E-0003  7.682607E-0003  1.150078E-0002
  8.969494E-0003  1.616520E-0003  2.537675E-0003  1.360409E-0002  5.741905E-0003  8.992996E-0003  0.000000E+0000  4.019783E-0003  5.261220E-0003  2.152847E-0002  8.010849E-0003
  1.096173E-0002  1.064139E-0003  1.560242E-0003  4.922296E-0003  6.547102E-0003  3.002256E-0003  4.019783E-0003  0.000000E+0000  4.895968E-0003  5.124844E-0003  4.577695E-0003
  1.186037E-0002  2.912632E-0003  4.174328E-0003  2.045399E-0002  6.315816E-0003  9.101005E-0003  5.261220E-0003  4.895968E-0003  0.000000E+0000  2.429564E-0002  9.918086E-0003
  6.327750E-0003  7.111589E-0003  3.076418E-0003  7.771559E-0003  9.296862E-0003  7.682607E-0003  2.152847E-0002  5.124844E-0003  2.429564E-0002  0.000000E+0000  2.015994E-0002
  8.897669E-0003  2.996001E-0003  4.418618E-0003  8.087418E-0003  6.719323E-0003  1.150078E-0002  8.010849E-0003  4.577695E-0003  9.918086E-0003  2.015994E-0002  0.000000E+0000

  0.000000E+0000  1.070593E-0002  9.295705E-0003  4.850185E-0002  4.220335E-0002  2.735668E-0002  5.109574E-0002  4.547229E-0002  4.878555E-0002  4.333223E-0002  6.043184E-0002
  1.070593E-0002  0.000000E+0000  3.007588E-0003  9.684303E-0003  1.424506E-0002  1.379819E-0002  6.998370E-0003  2.049875E-0002  1.458112E-0002  1.386838E-0002  1.195330E-0002
  9.295705E-0003  3.007588E-0003  0.000000E+0000  8.277293E-0002  1.022063E-0002  8.819650E-0002  6.465665E-0002  1.068130E-0002  9.756221E-0003  7.283802E-0002  5.615159E-0002
  4.850185E-0002  9.684303E-0003  8.277293E-0002  0.000000E+0000  2.423641E-0001  2.666986E-0001  1.382812E-0001  1.780031E-0001  4.256456E-0002  1.418577E-0001  1.841039E-0001
  4.220335E-0002  1.424506E-0002  1.022063E-0002  2.423641E-0001  0.000000E+0000  2.113173E-0001  2.133433E-0001  6.672800E-0002  6.327308E-0002  2.655907E-0001  1.883359E-0001
  2.735668E-0002  1.379819E-0002  8.819650E-0002  2.666986E-0001  2.113173E-0001  0.000000E+0000  1.752464E-0001  1.351141E-0001  4.990598E-0002  2.636264E-0001  2.765865E-0001
  5.109574E-0002  6.998370E-0003  6.465665E-0002  1.382812E-0001  2.133433E-0001  1.752464E-0001  0.000000E+0000  1.270677E-0001  5.549767E-0002  2.006705E-0001  1.860806E-0001
  4.547229E-0002  2.049875E-0002  1.068130E-0002  1.780031E-0001  6.672800E-0002  1.351141E-0001  1.270677E-0001  0.000000E+0000  5.995770E-0002  1.772998E-0001  1.346118E-0001
  4.878555E-0002  1.458112E-0002  9.756221E-0003  4.256456E-0002  6.327308E-0002  4.990598E-0002  5.549767E-0002  5.995770E-0002  0.000000E+0000  2.653400E-0002  4.087888E-0002
  4.333223E-0002  1.386838E-0002  7.283802E-0002  1.418577E-0001  2.655907E-0001  2.636264E-0001  2.006705E-0001  1.772998E-0001  2.653400E-0002  0.000000E+0000  2.016090E-0001
  6.043184E-0002  1.195330E-0002  5.615159E-0002  1.841039E-0001  1.883359E-0001  2.765865E-0001  1.860806E-0001  1.346118E-0001  4.087888E-0002  2.016090E-0001  0.000000E+0000

  0.000000E+0000  1.308675E-0002  2.449270E-0003  4.946847E-0003  8.349018E-0003  1.165789E-0002  3.667009E-0003  1.689075E-0002  2.681158E-0002  1.268222E-0002  1.088002E-0002
  1.308675E-0002  0.000000E+0000  3.237611E-0003  1.421372E-0002  1.295333E-0002  1.044707E-0002  9.409845E-0003  2.096566E-0002  3.191362E-0002  9.523623E-0003  1.791060E-0002
  2.449270E-0003  3.237611E-0003  0.000000E+0000  1.041050E-0002  1.728725E-0003  2.303994E-0002  6.214398E-0003  4.413388E-0003  4.109826E-0003  1.741223E-0002  1.456241E-0002
  4.946847E-0003  1.421372E-0002  1.041050E-0002  0.000000E+0000  2.686657E-0002  6.392907E-0002  3.825765E-0002  2.079989E-0002  2.198847E-0002  5.547520E-0002  3.194883E-0002
  8.349018E-0003  1.295333E-0002  1.728725E-0003  2.686657E-0002  0.000000E+0000  5.093265E-0002  1.388411E-0002  1.822971E-0002  5.930545E-0003  5.120203E-0002  4.275856E-0002
  1.165789E-0002  1.044707E-0002  2.303994E-0002  6.392907E-0002  5.093265E-0002  0.000000E+0000  2.211101E-0002  2.248737E-0002  1.171791E-0002  6.911657E-0002  5.825203E-0002
  3.667009E-0003  9.409845E-0003  6.214398E-0003  3.825765E-0002  1.388411E-0002  2.211101E-0002  0.000000E+0000  9.056656E-0003  1.088493E-0002  2.845395E-0002  5.155133E-0002
  1.689075E-0002  2.096566E-0002  4.413388E-0003  2.079989E-0002  1.822971E-0002  2.248737E-0002  9.056656E-0003  0.000000E+0000  1.147634E-0002  2.018307E-0002  4.075246E-0002
  2.681158E-0002  3.191362E-0002  4.109826E-0003  2.198847E-0002  5.930545E-0003  1.171791E-0002  1.088493E-0002  1.147634E-0002  0.000000E+0000  2.152409E-0002  4.758074E-0002
  1.268222E-0002  9.523623E-0003  1.741223E-0002  5.547520E-0002  5.120203E-0002  6.911657E-0002  2.845395E-0002  2.018307E-0002  2.152409E-0002  0.000000E+0000  4.113658E-0002
  1.088002E-0002  1.791060E-0002  1.456241E-0002  3.194883E-0002  4.275856E-0002  5.825203E-0002  5.155133E-0002  4.075246E-0002  4.758074E-0002  4.113658E-0002  0.000000E+0000

  0.000000E+0000  8.785484E-0004  7.513466E-0004  1.751229E-0003  1.234320E-0003  1.397770E-0002  3.255445E-0003  1.865215E-0003  4.779872E-0003  4.482987E-0003  3.084205E-0003
  8.785484E-0004  0.000000E+0000  5.076893E-0004  5.397906E-0003  1.765194E-0003  9.753183E-0003  1.557892E-0004  2.373565E-0003  1.435515E-0003  4.198867E-0003  9.673465E-0004
  7.513466E-0004  5.076893E-0004  0.000000E+0000  6.671104E-0003  1.051716E-0003  7.433238E-0003  1.113520E-0003  9.530515E-0004  2.297779E-0003  6.892551E-0003  2.052789E-0003
  1.751229E-0003  5.397906E-0003  6.671104E-0003  0.000000E+0000  7.677922E-0003  6.044854E-0002  9.748358E-0003  7.603868E-0003  1.610911E-0002  1.803001E-0002  1.517278E-0002
  1.234320E-0003  1.765194E-0003  1.051716E-0003  7.677922E-0003  0.000000E+0000  2.729000E-0002  6.146178E-0003  5.139943E-0003  8.865396E-0003  7.395416E-0003  1.156673E-0002
  1.397770E-0002  9.753183E-0003  7.433238E-0003  6.044854E-0002  2.729000E-0002  0.000000E+0000  1.117790E-0002  2.674178E-0002  2.024541E-0002  5.978514E-0002  2.265884E-0002
  3.255445E-0003  1.557892E-0004  1.113520E-0003  9.748358E-0003  6.146178E-0003  1.117790E-0002  0.000000E+0000  3.533565E-0003  7.003248E-0004  7.681015E-0003  3.856046E-0003
  1.865215E-0003  2.373565E-0003  9.530515E-0004  7.603868E-0003  5.139943E-0003  2.674178E-0002  3.533565E-0003  0.000000E+0000  9.942556E-0003  5.110383E-0003  9.182081E-0003
  4.779872E-0003  1.435515E-0003  2.297779E-0003  1.610911E-0002  8.865396E-0003  2.024541E-0002  7.003248E-0004  9.942556E-0003  0.000000E+0000  1.851144E-0002  3.194526E-0003
  4.482987E-0003  4.198867E-0003  6.892551E-0003  1.803001E-0002  7.395416E-0003  5.978514E-0002  7.681015E-0003  5.110383E-0003  1.851144E-0002  0.000000E+0000  7.856399E-0003
  3.084205E-0003  9.673465E-0004  2.052789E-0003  1.517278E-0002  1.156673E-0002  2.265884E-0002  3.856046E-0003  9.182081E-0003  3.194526E-0003  7.856399E-0003  0.000000E+0000
