6661999 = Ignore first line (new format code)
File name: E:\Folders\PhD\ISAD\ISAD_Curry_data\ISAD_EEGs\eLORETA\EEGs_128Hz_200sec-window\Clinical_v_Healthy\T1_healthy_all\H13-ROIlinLagConn-crss.txt
1 = Number of time frames in Time X Frequency decomposition
3 = Number of EEG files
11 = Number Electrodes
25600 = Number of time frames in EEG files
32768 = Number of time frames in EEG files power of 2
7 = Number of matrices
5 = Band type (1=Classical1; 2=Classical2; 3=DiscreteFreqs; 4=AllDiscreteFreqs; 5=UserDefinedBands)
 1.280000E+0002 = Sampling rate Hz
-1.000000E+0002 = Freq1 Hz
-1.000000E+0002 = Freq2 Hz
 3.906250E-0003 = Frequency resolution Hz

  0.000000E+0000  8.164988E-0002  1.478858E-0002  4.413924E-0002  8.758430E-0002  6.377120E-0002  1.923225E-0002  9.295031E-0002  5.823004E-0002  7.498168E-0002  3.608819E-0002
  8.164988E-0002  0.000000E+0000  5.276318E-0002  5.574610E-0002  2.930054E-0002  1.163324E-0001  1.080718E-0001  6.579855E-0002  1.412723E-0001  1.737092E-0001  1.624148E-0001
  1.478858E-0002  5.276318E-0002  0.000000E+0000  3.621637E-0002  4.028001E-0002  2.390256E-0002  5.519556E-0003  4.700772E-0002  1.741808E-0002  5.960283E-0002  2.313608E-0002
  4.413924E-0002  5.574610E-0002  3.621637E-0002  0.000000E+0000  1.272439E-0001  6.666461E-0002  4.082671E-0002  7.262646E-0002  6.138782E-0002  7.195794E-0002  5.453191E-0002
  8.758430E-0002  2.930054E-0002  4.028001E-0002  1.272439E-0001  0.000000E+0000  1.442097E-0001  7.390027E-0002  7.369880E-0002  1.711623E-0001  2.136214E-0001  1.358095E-0001
  6.377120E-0002  1.163324E-0001  2.390256E-0002  6.666461E-0002  1.442097E-0001  0.000000E+0000  5.821266E-0002  1.599157E-0001  1.335661E-0001  2.036245E-0001  1.142956E-0001
  1.923225E-0002  1.080718E-0001  5.519556E-0003  4.082671E-0002  7.390027E-0002  5.821266E-0002  0.000000E+0000  1.042416E-0001  3.812005E-0003  5.099347E-0002  1.946187E-0002
  9.295031E-0002  6.579855E-0002  4.700772E-0002  7.262646E-0002  7.369880E-0002  1.599157E-0001  1.042416E-0001  0.000000E+0000  2.050521E-0001  2.076308E-0001  1.436985E-0001
  5.823004E-0002  1.412723E-0001  1.741808E-0002  6.138782E-0002  1.711623E-0001  1.335661E-0001  3.812005E-0003  2.050521E-0001  0.000000E+0000  8.043098E-0002  2.301596E-0002
  7.498168E-0002  1.737092E-0001  5.960283E-0002  7.195794E-0002  2.136214E-0001  2.036245E-0001  5.099347E-0002  2.076308E-0001  8.043098E-0002  0.000000E+0000  1.110360E-0001
  3.608819E-0002  1.624148E-0001  2.313608E-0002  5.453191E-0002  1.358095E-0001  1.142956E-0001  1.946187E-0002  1.436985E-0001  2.301596E-0002  1.110360E-0001  0.000000E+0000

  0.000000E+0000  5.561444E-0003  1.434083E-0003  7.648923E-0003  6.280538E-0003  9.821150E-0003  1.953376E-0003  6.981685E-0003  7.569108E-0003  1.278486E-0002  1.628524E-0002
  5.561444E-0003  0.000000E+0000  2.046151E-0003  1.109700E-0002  1.049567E-0002  3.762512E-0002  2.350275E-0003  2.697777E-0003  1.153264E-0002  3.342260E-0002  7.525947E-0003
  1.434083E-0003  2.046151E-0003  0.000000E+0000  3.038003E-0003  1.277806E-0003  9.620158E-0003  1.487284E-0003  2.894517E-0003  2.152601E-0003  1.060438E-0002  6.425363E-0003
  7.648923E-0003  1.109700E-0002  3.038003E-0003  0.000000E+0000  1.058018E-0002  1.172235E-0002  3.370631E-0003  1.437714E-0002  5.475101E-0003  2.315756E-0002  1.946709E-0002
  6.280538E-0003  1.049567E-0002  1.277806E-0003  1.058018E-0002  0.000000E+0000  2.651142E-0002  2.389916E-0003  1.253398E-0002  1.092518E-0002  2.809130E-0002  4.914614E-0003
  9.821150E-0003  3.762512E-0002  9.620158E-0003  1.172235E-0002  2.651142E-0002  0.000000E+0000  5.441798E-0003  3.184408E-0002  1.559216E-0002  9.100832E-0003  4.300627E-0002
  1.953376E-0003  2.350275E-0003  1.487284E-0003  3.370631E-0003  2.389916E-0003  5.441798E-0003  0.000000E+0000  5.092552E-0003  7.714743E-0003  6.818288E-0003  9.370381E-0003
  6.981685E-0003  2.697777E-0003  2.894517E-0003  1.437714E-0002  1.253398E-0002  3.184408E-0002  5.092552E-0003  0.000000E+0000  1.307926E-0002  2.782914E-0002  1.532819E-0002
  7.569108E-0003  1.153264E-0002  2.152601E-0003  5.475101E-0003  1.092518E-0002  1.559216E-0002  7.714743E-0003  1.307926E-0002  0.000000E+0000  1.793054E-0002  3.247660E-0002
  1.278486E-0002  3.342260E-0002  1.060438E-0002  2.315756E-0002  2.809130E-0002  9.100832E-0003  6.818288E-0003  2.782914E-0002  1.793054E-0002  0.000000E+0000  3.343267E-0002
  1.628524E-0002  7.525947E-0003  6.425363E-0003  1.946709E-0002  4.914614E-0003  4.300627E-0002  9.370381E-0003  1.532819E-0002  3.247660E-0002  3.343267E-0002  0.000000E+0000

  0.000000E+0000  6.097432E-0004  1.823119E-0003  1.075286E-0003  2.791846E-0003  7.493871E-0004  3.403743E-0003  3.712740E-0004  1.932496E-0003  1.432257E-0003  4.676057E-0003
  6.097432E-0004  0.000000E+0000  4.470100E-0004  9.330635E-0004  1.568708E-0003  1.263080E-0003  2.494155E-0004  5.892054E-0004  1.311975E-0003  1.231539E-0003  2.023333E-0003
  1.823119E-0003  4.470100E-0004  0.000000E+0000  1.508742E-0003  5.258103E-0003  7.694869E-0004  2.227382E-0003  3.347529E-0004  2.542028E-0003  1.415785E-0003  3.967312E-0003
  1.075286E-0003  9.330635E-0004  1.508742E-0003  0.000000E+0000  2.166626E-0003  1.452777E-0004  4.084358E-0003  3.143073E-0004  2.610380E-0003  8.641292E-0004  2.917856E-0003
  2.791846E-0003  1.568708E-0003  5.258103E-0003  2.166626E-0003  0.000000E+0000  2.410858E-0003  1.115874E-0002  2.498088E-0003  8.593842E-0003  3.369093E-0003  1.872516E-0002
  7.493871E-0004  1.263080E-0003  7.694869E-0004  1.452777E-0004  2.410858E-0003  0.000000E+0000  1.793592E-0003  1.011743E-0003  1.301650E-0003  1.678609E-0003  8.683773E-0004
  3.403743E-0003  2.494155E-0004  2.227382E-0003  4.084358E-0003  1.115874E-0002  1.793592E-0003  0.000000E+0000  1.022916E-0003  7.755939E-0003  3.521645E-0003  6.731892E-0003
  3.712740E-0004  5.892054E-0004  3.347529E-0004  3.143073E-0004  2.498088E-0003  1.011743E-0003  1.022916E-0003  0.000000E+0000  1.656920E-0003  7.399847E-0004  1.442248E-0003
  1.932496E-0003  1.311975E-0003  2.542028E-0003  2.610380E-0003  8.593842E-0003  1.301650E-0003  7.755939E-0003  1.656920E-0003  0.000000E+0000  2.478563E-0003  1.029543E-0002
  1.432257E-0003  1.231539E-0003  1.415785E-0003  8.641292E-0004  3.369093E-0003  1.678609E-0003  3.521645E-0003  7.399847E-0004  2.478563E-0003  0.000000E+0000  3.808491E-0003
  4.676057E-0003  2.023333E-0003  3.967312E-0003  2.917856E-0003  1.872516E-0002  8.683773E-0004  6.731892E-0003  1.442248E-0003  1.029543E-0002  3.808491E-0003  0.000000E+0000

  0.000000E+0000  1.103321E-0003  7.442946E-0004  9.980275E-0004  1.932563E-0003  6.552750E-0003  4.222757E-0004  1.380725E-0003  1.920686E-0003  2.475880E-0003  7.172835E-0003
  1.103321E-0003  0.000000E+0000  1.601210E-0004  3.225553E-0003  5.961026E-0003  9.435684E-0003  4.326967E-0003  1.025833E-0003  7.221510E-0003  7.093085E-0003  7.926106E-0003
  7.442946E-0004  1.601210E-0004  0.000000E+0000  9.687760E-0004  2.394221E-0003  1.562093E-0003  2.292489E-0003  5.216943E-0004  3.427756E-0003  1.124105E-0003  3.440466E-0003
  9.980275E-0004  3.225553E-0003  9.687760E-0004  0.000000E+0000  4.599193E-0003  2.216458E-0002  7.078615E-0004  7.878313E-0003  5.785740E-0003  1.949441E-0002  9.636330E-0003
  1.932563E-0003  5.961026E-0003  2.394221E-0003  4.599193E-0003  0.000000E+0000  1.091311E-0002  6.000469E-0003  7.596269E-0003  6.797208E-0003  9.033673E-0003  8.292137E-0003
  6.552750E-0003  9.435684E-0003  1.562093E-0003  2.216458E-0002  1.091311E-0002  0.000000E+0000  1.857031E-0002  1.018135E-0002  1.826080E-0002  1.610795E-0002  1.701790E-0002
  4.222757E-0004  4.326967E-0003  2.292489E-0003  7.078615E-0004  6.000469E-0003  1.857031E-0002  0.000000E+0000  9.959645E-0003  3.198298E-0003  3.877286E-0003  9.726092E-0003
  1.380725E-0003  1.025833E-0003  5.216943E-0004  7.878313E-0003  7.596269E-0003  1.018135E-0002  9.959645E-0003  0.000000E+0000  9.211680E-0003  1.183629E-0002  1.370477E-0002
  1.920686E-0003  7.221510E-0003  3.427756E-0003  5.785740E-0003  6.797208E-0003  1.826080E-0002  3.198298E-0003  9.211680E-0003  0.000000E+0000  1.088596E-0002  1.434889E-0002
  2.475880E-0003  7.093085E-0003  1.124105E-0003  1.949441E-0002  9.033673E-0003  1.610795E-0002  3.877286E-0003  1.183629E-0002  1.088596E-0002  0.000000E+0000  6.250176E-0003
  7.172835E-0003  7.926106E-0003  3.440466E-0003  9.636330E-0003  8.292137E-0003  1.701790E-0002  9.726092E-0003  1.370477E-0002  1.434889E-0002  6.250176E-0003  0.000000E+0000

  0.000000E+0000  1.665942E-0004  3.276376E-0004  7.343168E-0004  1.528444E-0003  1.024061E-0003  2.853734E-0003  5.257342E-0004  1.311774E-0003  8.323049E-0004  2.288794E-0003
  1.665942E-0004  0.000000E+0000  4.925078E-0004  7.273690E-0004  5.054448E-0003  1.003143E-0003  7.131450E-0003  1.546080E-0003  5.136361E-0003  1.232173E-0003  7.854501E-0003
  3.276376E-0004  4.925078E-0004  0.000000E+0000  1.513624E-0003  5.045371E-0003  3.138378E-0004  7.430446E-0003  2.138366E-0003  3.823684E-0003  4.264261E-0004  7.967941E-0003
  7.343168E-0004  7.273690E-0004  1.513624E-0003  0.000000E+0000  2.007832E-0002  1.016881E-0002  6.445169E-0003  6.784191E-0004  2.438926E-0002  1.327058E-0002  4.968510E-0003
  1.528444E-0003  5.054448E-0003  5.045371E-0003  2.007832E-0002  0.000000E+0000  1.283940E-0002  3.797871E-0002  7.286701E-0003  2.631308E-0002  2.246813E-0002  4.776705E-0002
  1.024061E-0003  1.003143E-0003  3.138378E-0004  1.016881E-0002  1.283940E-0002  0.000000E+0000  5.175326E-0003  7.342830E-0003  7.238603E-0003  1.388984E-0002  5.771644E-0003
  2.853734E-0003  7.131450E-0003  7.430446E-0003  6.445169E-0003  3.797871E-0002  5.175326E-0003  0.000000E+0000  6.257783E-0003  5.836117E-0002  9.784042E-0004  1.849809E-0002
  5.257342E-0004  1.546080E-0003  2.138366E-0003  6.784191E-0004  7.286701E-0003  7.342830E-0003  6.257783E-0003  0.000000E+0000  7.203479E-0003  4.811654E-0003  1.314830E-0002
  1.311774E-0003  5.136361E-0003  3.823684E-0003  2.438926E-0002  2.631308E-0002  7.238603E-0003  5.836117E-0002  7.203479E-0003  0.000000E+0000  1.855961E-0002  7.344026E-0002
  8.323049E-0004  1.232173E-0003  4.264261E-0004  1.327058E-0002  2.246813E-0002  1.388984E-0002  9.784042E-0004  4.811654E-0003  1.855961E-0002  0.000000E+0000  3.031780E-0003
  2.288794E-0003  7.854501E-0003  7.967941E-0003  4.968510E-0003  4.776705E-0002  5.771644E-0003  1.849809E-0002  1.314830E-0002  7.344026E-0002  3.031780E-0003  0.000000E+0000

  0.000000E+0000  1.295967E-0004  4.151849E-0004  1.043614E-0003  2.812571E-0004  4.654130E-0004  8.371027E-0004  9.123765E-0004  1.833750E-0004  7.290216E-0004  7.229153E-0004
  1.295967E-0004  0.000000E+0000  2.481573E-0004  2.003814E-0004  7.032796E-0004  4.219809E-0004  7.781267E-0005  2.098690E-0004  2.226937E-0004  5.286607E-0004  1.834431E-0004
  4.151849E-0004  2.481573E-0004  0.000000E+0000  5.454824E-0004  1.076864E-0003  2.737971E-0004  3.674412E-0004  2.010065E-0004  6.598030E-0004  4.400594E-0004  7.856169E-0004
  1.043614E-0003  2.003814E-0004  5.454824E-0004  0.000000E+0000  1.055371E-0003  1.007230E-0003  1.446523E-0003  1.109977E-0003  7.388316E-0004  1.205926E-0003  1.326895E-0003
  2.812571E-0004  7.032796E-0004  1.076864E-0003  1.055371E-0003  0.000000E+0000  2.559066E-0003  7.346952E-0004  8.797778E-0004  1.934104E-0003  1.612892E-0003  3.513874E-0003
  4.654130E-0004  4.219809E-0004  2.737971E-0004  1.007230E-0003  2.559066E-0003  0.000000E+0000  1.135075E-0003  1.536220E-0003  1.747420E-0003  1.142904E-0003  1.510974E-0003
  8.371027E-0004  7.781267E-0005  3.674412E-0004  1.446523E-0003  7.346952E-0004  1.135075E-0003  0.000000E+0000  1.113330E-0003  1.034429E-0003  2.838023E-0003  1.053574E-0003
  9.123765E-0004  2.098690E-0004  2.010065E-0004  1.109977E-0003  8.797778E-0004  1.536220E-0003  1.113330E-0003  0.000000E+0000  9.640224E-0004  1.384227E-0003  1.137923E-0003
  1.833750E-0004  2.226937E-0004  6.598030E-0004  7.388316E-0004  1.934104E-0003  1.747420E-0003  1.034429E-0003  9.640224E-0004  0.000000E+0000  8.863431E-0004  1.452969E-0003
  7.290216E-0004  5.286607E-0004  4.400594E-0004  1.205926E-0003  1.612892E-0003  1.142904E-0003  2.838023E-0003  1.384227E-0003  8.863431E-0004  0.000000E+0000  2.555084E-0003
  7.229153E-0004  1.834431E-0004  7.856169E-0004  1.326895E-0003  3.513874E-0003  1.510974E-0003  1.053574E-0003  1.137923E-0003  1.452969E-0003  2.555084E-0003  0.000000E+0000

  0.000000E+0000  2.767491E-0004  1.433307E-0003  1.084005E-0003  9.803497E-0004  2.169220E-0004  1.454479E-0003  5.127876E-0004  1.661592E-0003  4.189986E-0004  1.882982E-0003
  2.767491E-0004  0.000000E+0000  6.526714E-0004  1.539892E-0004  8.351225E-0004  2.417684E-0004  1.100000E-0003  5.768908E-0004  4.635565E-0004  2.606450E-0004  1.725669E-0003
  1.433307E-0003  6.526714E-0004  0.000000E+0000  5.833667E-0004  1.215807E-0002  1.354823E-0003  2.452590E-0003  2.376385E-0003  6.631990E-0003  2.914763E-0004  6.223696E-0003
  1.084005E-0003  1.539892E-0004  5.833667E-0004  0.000000E+0000  5.526368E-0004  5.413315E-0004  2.559352E-0003  8.300046E-0004  3.293022E-0004  1.149069E-0003  3.430283E-0003
  9.803497E-0004  8.351225E-0004  1.215807E-0002  5.526368E-0004  0.000000E+0000  4.300867E-0003  1.482411E-0002  3.834180E-0003  7.975357E-0003  2.406188E-0003  2.351966E-0002
  2.169220E-0004  2.417684E-0004  1.354823E-0003  5.413315E-0004  4.300867E-0003  0.000000E+0000  2.914884E-0003  6.785296E-0004  2.223062E-0003  2.719632E-0003  3.387950E-0003
  1.454479E-0003  1.100000E-0003  2.452590E-0003  2.559352E-0003  1.482411E-0002  2.914884E-0003  0.000000E+0000  2.210084E-0003  7.133287E-0003  3.190027E-0003  5.814441E-0003
  5.127876E-0004  5.768908E-0004  2.376385E-0003  8.300046E-0004  3.834180E-0003  6.785296E-0004  2.210084E-0003  0.000000E+0000  1.624035E-0003  6.517468E-0004  5.092755E-0003
  1.661592E-0003  4.635565E-0004  6.631990E-0003  3.293022E-0004  7.975357E-0003  2.223062E-0003  7.133287E-0003  1.624035E-0003  0.000000E+0000  1.858057E-0003  1.131215E-0002
  4.189986E-0004  2.606450E-0004  2.914763E-0004  1.149069E-0003  2.406188E-0003  2.719632E-0003  3.190027E-0003  6.517468E-0004  1.858057E-0003  0.000000E+0000  1.884329E-0003
  1.882982E-0003  1.725669E-0003  6.223696E-0003  3.430283E-0003  2.351966E-0002  3.387950E-0003  5.814441E-0003  5.092755E-0003  1.131215E-0002  1.884329E-0003  0.000000E+0000
