6661999 = Ignore first line (new format code)
File name: E:\Folders\PhD\ISAD\ISAD_Curry_data\ISAD_EEGs\eLORETA\EEGs_128Hz_200sec-window\Clinical_v_Healthy\T1_healthy_all\H14-ROIlinLagConn-crss.txt
1 = Number of time frames in Time X Frequency decomposition
3 = Number of EEG files
11 = Number Electrodes
25600 = Number of time frames in EEG files
32768 = Number of time frames in EEG files power of 2
7 = Number of matrices
5 = Band type (1=Classical1; 2=Classical2; 3=DiscreteFreqs; 4=AllDiscreteFreqs; 5=UserDefinedBands)
 1.280000E+0002 = Sampling rate Hz
-1.000000E+0002 = Freq1 Hz
-1.000000E+0002 = Freq2 Hz
 3.906250E-0003 = Frequency resolution Hz

  0.000000E+0000  3.405279E-0002  1.632742E-0002  2.254580E-0002  6.838339E-0002  3.304035E-0002  9.093549E-0003  4.760815E-0002  3.876987E-0002  1.529212E-0002  3.074625E-0002
  3.405279E-0002  0.000000E+0000  1.746869E-0002  5.138705E-0002  1.709593E-0002  5.868784E-0002  1.366682E-0002  4.433234E-0002  4.968945E-0002  4.914881E-0002  4.327783E-0002
  1.632742E-0002  1.746869E-0002  0.000000E+0000  3.500423E-0002  3.142208E-0002  5.316854E-0002  1.604771E-0002  2.392082E-0002  2.471471E-0002  4.315670E-0002  3.763729E-0002
  2.254580E-0002  5.138705E-0002  3.500423E-0002  0.000000E+0000  7.896255E-0002  3.070682E-0002  1.968924E-0002  8.724247E-0002  6.247829E-0002  1.690097E-0002  4.039069E-0002
  6.838339E-0002  1.709593E-0002  3.142208E-0002  7.896255E-0002  0.000000E+0000  8.965871E-0002  2.098141E-0002  7.522960E-0002  8.124853E-0002  7.034753E-0002  6.882916E-0002
  3.304035E-0002  5.868784E-0002  5.316854E-0002  3.070682E-0002  8.965871E-0002  0.000000E+0000  2.210458E-0002  9.389839E-0002  6.972215E-0002  2.828309E-0002  3.992455E-0002
  9.093549E-0003  1.366682E-0002  1.604771E-0002  1.968924E-0002  2.098141E-0002  2.210458E-0002  0.000000E+0000  1.793359E-0002  1.803239E-0002  1.683991E-0002  1.203426E-0002
  4.760815E-0002  4.433234E-0002  2.392082E-0002  8.724247E-0002  7.522960E-0002  9.389839E-0002  1.793359E-0002  0.000000E+0000  6.583940E-0002  6.650162E-0002  6.594863E-0002
  3.876987E-0002  4.968945E-0002  2.471471E-0002  6.247829E-0002  8.124853E-0002  6.972215E-0002  1.803239E-0002  6.583940E-0002  0.000000E+0000  5.189598E-0002  7.285488E-0002
  1.529212E-0002  4.914881E-0002  4.315670E-0002  1.690097E-0002  7.034753E-0002  2.828309E-0002  1.683991E-0002  6.650162E-0002  5.189598E-0002  0.000000E+0000  2.802149E-0002
  3.074625E-0002  4.327783E-0002  3.763729E-0002  4.039069E-0002  6.882916E-0002  3.992455E-0002  1.203426E-0002  6.594863E-0002  7.285488E-0002  2.802149E-0002  0.000000E+0000

  0.000000E+0000  2.455061E-0002  6.143291E-0003  1.863736E-0002  2.041434E-0002  4.482611E-0002  1.430438E-0002  5.059315E-0002  3.830678E-0002  4.724344E-0002  5.874509E-0002
  2.455061E-0002  0.000000E+0000  3.314025E-0003  1.326669E-0002  1.237446E-0002  1.296819E-0002  6.324829E-0003  2.218479E-0002  3.181946E-0002  8.214010E-0003  2.893114E-0002
  6.143291E-0003  3.314025E-0003  0.000000E+0000  5.074584E-0003  5.805821E-0003  2.156891E-0002  9.484944E-0003  1.114417E-0002  7.210545E-0003  2.398287E-0002  1.437098E-0002
  1.863736E-0002  1.326669E-0002  5.074584E-0003  0.000000E+0000  1.213698E-0002  3.569232E-0002  1.980786E-0002  3.908912E-0002  1.920791E-0002  1.921596E-0002  3.826677E-0002
  2.041434E-0002  1.237446E-0002  5.805821E-0003  1.213698E-0002  0.000000E+0000  1.632421E-0002  4.977720E-0003  2.282620E-0002  1.997482E-0002  2.378738E-0002  1.218045E-0002
  4.482611E-0002  1.296819E-0002  2.156891E-0002  3.569232E-0002  1.632421E-0002  0.000000E+0000  1.593371E-0002  4.796694E-0002  5.200224E-0002  1.824328E-0002  7.906581E-0002
  1.430438E-0002  6.324829E-0003  9.484944E-0003  1.980786E-0002  4.977720E-0003  1.593371E-0002  0.000000E+0000  3.973651E-0002  3.889329E-0002  3.920303E-0002  4.290251E-0002
  5.059315E-0002  2.218479E-0002  1.114417E-0002  3.908912E-0002  2.282620E-0002  4.796694E-0002  3.973651E-0002  0.000000E+0000  4.648637E-0002  6.466915E-0002  8.981808E-0002
  3.830678E-0002  3.181946E-0002  7.210545E-0003  1.920791E-0002  1.997482E-0002  5.200224E-0002  3.889329E-0002  4.648637E-0002  0.000000E+0000  6.063153E-0002  5.107335E-0002
  4.724344E-0002  8.214010E-0003  2.398287E-0002  1.921596E-0002  2.378738E-0002  1.824328E-0002  3.920303E-0002  6.466915E-0002  6.063153E-0002  0.000000E+0000  9.448184E-0002
  5.874509E-0002  2.893114E-0002  1.437098E-0002  3.826677E-0002  1.218045E-0002  7.906581E-0002  4.290251E-0002  8.981808E-0002  5.107335E-0002  9.448184E-0002  0.000000E+0000

  0.000000E+0000  2.993574E-0002  4.778804E-0002  1.004841E-0001  5.240431E-0002  1.059487E-0001  2.411660E-0002  8.331446E-0002  1.076768E-0001  9.988827E-0002  8.984676E-0002
  2.993574E-0002  0.000000E+0000  3.358972E-0002  7.859281E-0002  5.322020E-0003  8.219901E-0002  1.524009E-0002  8.208909E-0002  7.870809E-0002  7.829600E-0002  6.138991E-0002
  4.778804E-0002  3.358972E-0002  0.000000E+0000  2.424006E-0002  1.771009E-0002  3.850120E-0002  4.222459E-0002  5.044784E-0002  1.518853E-0002  5.511735E-0002  4.985337E-0002
  1.004841E-0001  7.859281E-0002  2.424006E-0002  0.000000E+0000  5.660987E-0002  9.315979E-0002  6.728368E-0002  9.225402E-0002  2.521342E-0002  1.425477E-0001  8.481563E-0002
  5.240431E-0002  5.322020E-0003  1.771009E-0002  5.660987E-0002  0.000000E+0000  5.704173E-0002  2.659424E-0002  4.450628E-0002  6.136264E-0002  4.502895E-0002  6.589705E-0002
  1.059487E-0001  8.219901E-0002  3.850120E-0002  9.315979E-0002  5.704173E-0002  0.000000E+0000  6.654366E-0002  9.620443E-0002  8.613934E-0002  1.182315E-0001  1.005184E-0001
  2.411660E-0002  1.524009E-0002  4.222459E-0002  6.728368E-0002  2.659424E-0002  6.654366E-0002  0.000000E+0000  7.341028E-0002  7.346499E-0002  8.400247E-0002  5.272163E-0002
  8.331446E-0002  8.208909E-0002  5.044784E-0002  9.225402E-0002  4.450628E-0002  9.620443E-0002  7.341028E-0002  0.000000E+0000  9.840959E-0002  9.962898E-0002  1.444721E-0001
  1.076768E-0001  7.870809E-0002  1.518853E-0002  2.521342E-0002  6.136264E-0002  8.613934E-0002  7.346499E-0002  9.840959E-0002  0.000000E+0000  1.380668E-0001  8.942769E-0002
  9.988827E-0002  7.829600E-0002  5.511735E-0002  1.425477E-0001  4.502895E-0002  1.182315E-0001  8.400247E-0002  9.962898E-0002  1.380668E-0001  0.000000E+0000  1.671926E-0001
  8.984676E-0002  6.138991E-0002  4.985337E-0002  8.481563E-0002  6.589705E-0002  1.005184E-0001  5.272163E-0002  1.444721E-0001  8.942769E-0002  1.671926E-0001  0.000000E+0000

  0.000000E+0000  4.745793E-0003  3.177567E-0002  4.588474E-0002  1.357151E-0002  4.856775E-0002  3.959024E-0003  3.097527E-0002  5.096541E-0002  5.214545E-0002  2.418050E-0002
  4.745793E-0003  0.000000E+0000  1.966311E-0002  5.843976E-0002  2.774070E-0002  4.538255E-0002  3.900013E-0003  6.339850E-0002  4.408284E-0002  5.398599E-0002  2.484237E-0002
  3.177567E-0002  1.966311E-0002  0.000000E+0000  1.632053E-0002  9.666290E-0003  3.294925E-0002  2.806997E-0002  2.553643E-0002  4.834300E-0003  4.721775E-0002  4.112460E-0002
  4.588474E-0002  5.843976E-0002  1.632053E-0002  0.000000E+0000  3.982119E-0002  3.141345E-0002  5.550760E-0002  3.974920E-0002  2.272926E-0002  2.394227E-0002  5.220493E-0002
  1.357151E-0002  2.774070E-0002  9.666290E-0003  3.982119E-0002  0.000000E+0000  3.219025E-0002  1.000048E-0002  5.180703E-0002  2.634600E-0002  3.559402E-0002  2.191595E-0002
  4.856775E-0002  4.538255E-0002  3.294925E-0002  3.141345E-0002  3.219025E-0002  0.000000E+0000  4.822014E-0002  4.940499E-0002  5.312694E-0002  1.908180E-0002  4.420000E-0002
  3.959024E-0003  3.900013E-0003  2.806997E-0002  5.550760E-0002  1.000048E-0002  4.822014E-0002  0.000000E+0000  3.012749E-0002  4.278509E-0002  5.912026E-0002  2.227819E-0002
  3.097527E-0002  6.339850E-0002  2.553643E-0002  3.974920E-0002  5.180703E-0002  4.940499E-0002  3.012749E-0002  0.000000E+0000  4.674207E-0002  7.135110E-0002  5.953493E-0002
  5.096541E-0002  4.408284E-0002  4.834300E-0003  2.272926E-0002  2.634600E-0002  5.312694E-0002  4.278509E-0002  4.674207E-0002  0.000000E+0000  6.702446E-0002  5.670809E-0002
  5.214545E-0002  5.398599E-0002  4.721775E-0002  2.394227E-0002  3.559402E-0002  1.908180E-0002  5.912026E-0002  7.135110E-0002  6.702446E-0002  0.000000E+0000  5.980613E-0002
  2.418050E-0002  2.484237E-0002  4.112460E-0002  5.220493E-0002  2.191595E-0002  4.420000E-0002  2.227819E-0002  5.953493E-0002  5.670809E-0002  5.980613E-0002  0.000000E+0000

  0.000000E+0000  1.438003E-0002  7.705123E-0003  5.099045E-0002  2.237197E-0002  4.453269E-0002  6.357364E-0003  2.828004E-0002  2.387993E-0002  4.087943E-0002  2.130206E-0002
  1.438003E-0002  0.000000E+0000  5.236236E-0003  2.821512E-0002  1.260441E-0002  1.690201E-0002  8.611792E-0003  5.900718E-0002  3.910590E-0002  2.355364E-0002  3.516626E-0002
  7.705123E-0003  5.236236E-0003  0.000000E+0000  8.712566E-0003  6.053708E-0003  1.413685E-0002  1.100198E-0002  2.457717E-0002  1.414773E-0002  1.530038E-0002  2.195064E-0002
  5.099045E-0002  2.821512E-0002  8.712566E-0003  0.000000E+0000  3.521767E-0002  4.042269E-0002  3.177662E-0002  2.782957E-0002  5.233900E-0002  2.188661E-0002  6.783060E-0002
  2.237197E-0002  1.260441E-0002  6.053708E-0003  3.521767E-0002  0.000000E+0000  3.060418E-0002  1.495731E-0002  4.964218E-0002  3.612491E-0002  2.621314E-0002  3.168427E-0002
  4.453269E-0002  1.690201E-0002  1.413685E-0002  4.042269E-0002  3.060418E-0002  0.000000E+0000  2.125346E-0002  3.066445E-0002  6.691653E-0002  2.178029E-0002  7.400192E-0002
  6.357364E-0003  8.611792E-0003  1.100198E-0002  3.177662E-0002  1.495731E-0002  2.125346E-0002  0.000000E+0000  2.484571E-0002  2.129459E-0002  2.863744E-0002  2.147238E-0002
  2.828004E-0002  5.900718E-0002  2.457717E-0002  2.782957E-0002  4.964218E-0002  3.066445E-0002  2.484571E-0002  0.000000E+0000  3.416675E-0002  4.320274E-0002  4.083286E-0002
  2.387993E-0002  3.910590E-0002  1.414773E-0002  5.233900E-0002  3.612491E-0002  6.691653E-0002  2.129459E-0002  3.416675E-0002  0.000000E+0000  8.086168E-0002  5.748840E-0002
  4.087943E-0002  2.355364E-0002  1.530038E-0002  2.188661E-0002  2.621314E-0002  2.178029E-0002  2.863744E-0002  4.320274E-0002  8.086168E-0002  0.000000E+0000  8.141162E-0002
  2.130206E-0002  3.516626E-0002  2.195064E-0002  6.783060E-0002  3.168427E-0002  7.400192E-0002  2.147238E-0002  4.083286E-0002  5.748840E-0002  8.141162E-0002  0.000000E+0000

  0.000000E+0000  2.078824E-0002  9.485616E-0003  2.280844E-0002  2.491095E-0002  2.072635E-0002  7.935709E-0003  3.492063E-0002  2.577005E-0002  3.764119E-0002  2.799877E-0002
  2.078824E-0002  0.000000E+0000  4.386996E-0003  1.369258E-0002  6.985923E-0003  3.323920E-0003  8.266109E-0003  3.786291E-0002  3.225672E-0002  1.207585E-0002  3.990156E-0002
  9.485616E-0003  4.386996E-0003  0.000000E+0000  9.907055E-0003  5.121993E-0003  1.203177E-0002  1.085262E-0002  2.061567E-0002  1.468401E-0002  9.808617E-0003  2.437072E-0002
  2.280844E-0002  1.369258E-0002  9.907055E-0003  0.000000E+0000  1.143827E-0002  2.386007E-0002  1.775502E-0002  2.994674E-0002  3.750628E-0002  2.754361E-0002  4.826189E-0002
  2.491095E-0002  6.985923E-0003  5.121993E-0003  1.143827E-0002  0.000000E+0000  8.712466E-0003  7.550255E-0003  2.809852E-0002  2.827020E-0002  1.613734E-0002  2.905188E-0002
  2.072635E-0002  3.323920E-0003  1.203177E-0002  2.386007E-0002  8.712466E-0003  0.000000E+0000  1.401097E-0002  3.486132E-0002  4.786839E-0002  3.316320E-0002  5.575042E-0002
  7.935709E-0003  8.266109E-0003  1.085262E-0002  1.775502E-0002  7.550255E-0003  1.401097E-0002  0.000000E+0000  1.515007E-0002  1.542389E-0002  1.810493E-0002  1.558536E-0002
  3.492063E-0002  3.786291E-0002  2.061567E-0002  2.994674E-0002  2.809852E-0002  3.486132E-0002  1.515007E-0002  0.000000E+0000  3.512548E-0002  1.982204E-0002  3.639253E-0002
  2.577005E-0002  3.225672E-0002  1.468401E-0002  3.750628E-0002  2.827020E-0002  4.786839E-0002  1.542389E-0002  3.512548E-0002  0.000000E+0000  3.731713E-0002  4.851952E-0002
  3.764119E-0002  1.207585E-0002  9.808617E-0003  2.754361E-0002  1.613734E-0002  3.316320E-0002  1.810493E-0002  1.982204E-0002  3.731713E-0002  0.000000E+0000  5.029912E-0002
  2.799877E-0002  3.990156E-0002  2.437072E-0002  4.826189E-0002  2.905188E-0002  5.575042E-0002  1.558536E-0002  3.639253E-0002  4.851952E-0002  5.029912E-0002  0.000000E+0000

  0.000000E+0000  3.631322E-0003  1.046956E-0003  6.903851E-0003  4.709362E-0003  8.138421E-0003  1.740498E-0003  5.238684E-0003  2.098476E-0003  2.661881E-0003  5.427005E-0003
  3.631322E-0003  0.000000E+0000  8.953038E-0004  3.190022E-0003  3.049578E-0003  2.039648E-0003  4.939792E-0003  3.494267E-0003  3.041178E-0003  9.843833E-0004  8.493079E-0003
  1.046956E-0003  8.953038E-0004  0.000000E+0000  1.644258E-0003  2.014948E-0003  1.570911E-0003  2.172800E-0003  4.426573E-0003  2.025238E-0003  1.291062E-0003  3.845831E-0003
  6.903851E-0003  3.190022E-0003  1.644258E-0003  0.000000E+0000  4.752996E-0003  8.643806E-0003  8.236228E-0003  7.663760E-0003  4.747190E-0003  4.899614E-0003  1.454774E-0002
  4.709362E-0003  3.049578E-0003  2.014948E-0003  4.752996E-0003  0.000000E+0000  6.653980E-0003  3.808120E-0003  4.593974E-0003  3.286049E-0003  2.670350E-0003  5.648111E-0003
  8.138421E-0003  2.039648E-0003  1.570911E-0003  8.643806E-0003  6.653980E-0003  0.000000E+0000  8.803180E-0003  9.223317E-0003  6.273405E-0003  4.954464E-0003  1.494232E-0002
  1.740498E-0003  4.939792E-0003  2.172800E-0003  8.236228E-0003  3.808120E-0003  8.803180E-0003  0.000000E+0000  4.829747E-0003  2.524258E-0003  5.585486E-0003  5.472104E-0003
  5.238684E-0003  3.494267E-0003  4.426573E-0003  7.663760E-0003  4.593974E-0003  9.223317E-0003  4.829747E-0003  0.000000E+0000  3.464007E-0003  4.711599E-0003  9.577070E-0003
  2.098476E-0003  3.041178E-0003  2.025238E-0003  4.747190E-0003  3.286049E-0003  6.273405E-0003  2.524258E-0003  3.464007E-0003  0.000000E+0000  5.096368E-0003  6.812258E-0003
  2.661881E-0003  9.843833E-0004  1.291062E-0003  4.899614E-0003  2.670350E-0003  4.954464E-0003  5.585486E-0003  4.711599E-0003  5.096368E-0003  0.000000E+0000  8.913720E-0003
  5.427005E-0003  8.493079E-0003  3.845831E-0003  1.454774E-0002  5.648111E-0003  1.494232E-0002  5.472104E-0003  9.577070E-0003  6.812258E-0003  8.913720E-0003  0.000000E+0000
