6661999 = Ignore first line (new format code)
File name: E:\Folders\PhD\ISAD\ISAD_Curry_data\ISAD_EEGs\eLORETA\EEGs_128Hz_200sec-window\Clinical_v_Healthy\T1_healthy_all\H15-ROIlinLagConn-crss.txt
1 = Number of time frames in Time X Frequency decomposition
3 = Number of EEG files
11 = Number Electrodes
25600 = Number of time frames in EEG files
32768 = Number of time frames in EEG files power of 2
7 = Number of matrices
5 = Band type (1=Classical1; 2=Classical2; 3=DiscreteFreqs; 4=AllDiscreteFreqs; 5=UserDefinedBands)
 1.280000E+0002 = Sampling rate Hz
-1.000000E+0002 = Freq1 Hz
-1.000000E+0002 = Freq2 Hz
 3.906250E-0003 = Frequency resolution Hz

  0.000000E+0000  8.060291E-0004  1.536710E-0003  1.748557E-0003  1.786660E-0003  1.763785E-0003  1.659069E-0003  1.731859E-0003  1.048974E-0003  1.715446E-0003  1.800602E-0003
  8.060291E-0004  0.000000E+0000  8.416051E-0004  1.003296E-0003  9.994810E-0004  9.945496E-0004  9.568631E-0004  9.932384E-0004  9.963746E-0004  9.301744E-0004  1.035481E-0003
  1.536710E-0003  8.416051E-0004  0.000000E+0000  3.537536E-0004  1.740261E-0003  3.262227E-0004  3.553108E-0004  9.004850E-0004  1.947851E-0003  8.050588E-0004  9.356352E-0004
  1.748557E-0003  1.003296E-0003  3.537536E-0004  0.000000E+0000  2.058948E-0003  6.139093E-0004  3.569918E-0004  9.738561E-0004  2.196366E-0003  9.005677E-0004  1.216680E-0003
  1.786660E-0003  9.994810E-0004  1.740261E-0003  2.058948E-0003  0.000000E+0000  2.063453E-0003  1.946831E-0003  2.036510E-0003  2.254373E-0003  1.986521E-0003  2.129558E-0003
  1.763785E-0003  9.945496E-0004  3.262227E-0004  6.139093E-0004  2.063453E-0003  0.000000E+0000  5.976299E-0004  1.021222E-0003  2.227383E-0003  9.291595E-0004  1.411393E-0003
  1.659069E-0003  9.568631E-0004  3.553108E-0004  3.569918E-0004  1.946831E-0003  5.976299E-0004  0.000000E+0000  8.931712E-0004  2.082557E-0003  6.657850E-0004  6.025077E-0004
  1.731859E-0003  9.932384E-0004  9.004850E-0004  9.738561E-0004  2.036510E-0003  1.021222E-0003  8.931712E-0004  0.000000E+0000  2.175479E-0003  1.020130E-0003  9.855669E-0004
  1.048974E-0003  9.963746E-0004  1.947851E-0003  2.196366E-0003  2.254373E-0003  2.227383E-0003  2.082557E-0003  2.175479E-0003  0.000000E+0000  2.178869E-0003  2.261336E-0003
  1.715446E-0003  9.301744E-0004  8.050588E-0004  9.005677E-0004  1.986521E-0003  9.291595E-0004  6.657850E-0004  1.020130E-0003  2.178869E-0003  0.000000E+0000  1.465186E-0003
  1.800602E-0003  1.035481E-0003  9.356352E-0004  1.216680E-0003  2.129558E-0003  1.411393E-0003  6.025077E-0004  9.855669E-0004  2.261336E-0003  1.465186E-0003  0.000000E+0000

  0.000000E+0000  1.468036E-0004  3.040799E-0004  3.487294E-0004  3.606683E-0004  3.555874E-0004  3.276282E-0004  3.449249E-0004  1.663206E-0004  3.459877E-0004  3.604722E-0004
  1.468036E-0004  0.000000E+0000  2.336948E-0004  2.719421E-0004  2.797582E-0004  2.753805E-0004  2.557935E-0004  2.690554E-0004  1.567219E-0004  2.642155E-0004  2.807860E-0004
  3.040799E-0004  2.336948E-0004  0.000000E+0000  1.400653E-0004  3.177951E-0004  1.327171E-0004  1.377290E-0004  2.417185E-0004  3.294394E-0004  2.283272E-0004  2.471088E-0004
  3.487294E-0004  2.719421E-0004  1.400653E-0004  0.000000E+0000  3.711208E-0004  2.060154E-0004  1.432737E-0004  2.645049E-0004  3.779946E-0004  2.539154E-0004  2.937229E-0004
  3.606683E-0004  2.797582E-0004  3.177951E-0004  3.711208E-0004  0.000000E+0000  3.756174E-0004  3.504693E-0004  3.671586E-0004  3.902112E-0004  3.638584E-0004  3.834117E-0004
  3.555874E-0004  2.753805E-0004  1.327171E-0004  2.060154E-0004  3.756174E-0004  0.000000E+0000  1.983448E-0004  2.809883E-0004  3.847594E-0004  2.675088E-0004  3.251422E-0004
  3.276282E-0004  2.557935E-0004  1.377290E-0004  1.432737E-0004  3.504693E-0004  1.983448E-0004  0.000000E+0000  2.438840E-0004  3.551753E-0004  2.032111E-0004  1.853647E-0004
  3.449249E-0004  2.690554E-0004  2.417185E-0004  2.645049E-0004  3.671586E-0004  2.809883E-0004  2.438840E-0004  0.000000E+0000  3.737866E-0004  2.771222E-0004  2.734126E-0004
  1.663206E-0004  1.567219E-0004  3.294394E-0004  3.779946E-0004  3.902112E-0004  3.847594E-0004  3.551753E-0004  3.737866E-0004  0.000000E+0000  3.752617E-0004  3.910725E-0004
  3.459877E-0004  2.642155E-0004  2.283272E-0004  2.539154E-0004  3.638584E-0004  2.675088E-0004  2.032111E-0004  2.771222E-0004  3.752617E-0004  0.000000E+0000  3.272567E-0004
  3.604722E-0004  2.807860E-0004  2.471088E-0004  2.937229E-0004  3.834117E-0004  3.251422E-0004  1.853647E-0004  2.734126E-0004  3.910725E-0004  3.272567E-0004  0.000000E+0000

  0.000000E+0000  3.912083E-0005  8.980110E-0005  1.113324E-0004  1.180431E-0004  1.152547E-0004  1.005267E-0004  1.093661E-0004  3.709687E-0005  1.104104E-0004  1.177177E-0004
  3.912083E-0005  0.000000E+0000  7.983589E-0005  9.848404E-0005  1.056267E-0004  1.030772E-0004  8.883264E-0005  9.685493E-0005  3.454392E-0005  9.744940E-0005  1.036096E-0004
  8.980110E-0005  7.983589E-0005  0.000000E+0000  6.642267E-0005  9.113490E-0005  6.495071E-0005  6.238176E-0005  8.148588E-0005  9.278522E-0005  8.010420E-0005  8.465046E-0005
  1.113324E-0004  9.848404E-0005  6.642267E-0005  0.000000E+0000  1.150765E-0004  8.517590E-0005  6.928366E-0005  9.628381E-0005  1.154521E-0004  9.386613E-0005  9.960429E-0005
  1.180431E-0004  1.056267E-0004  9.113490E-0005  1.150765E-0004  0.000000E+0000  1.178508E-0004  1.060553E-0004  1.131364E-0004  1.218008E-0004  1.124807E-0004  1.213314E-0004
  1.152547E-0004  1.030772E-0004  6.495071E-0005  8.517590E-0005  1.178508E-0004  0.000000E+0000  7.929609E-0005  1.039234E-0004  1.189227E-0004  1.017664E-0004  1.111649E-0004
  1.005267E-0004  8.883264E-0005  6.238176E-0005  6.928366E-0005  1.060553E-0004  7.929609E-0005  0.000000E+0000  8.489968E-0005  1.042839E-0004  8.642135E-0005  6.754391E-0005
  1.093661E-0004  9.685493E-0005  8.148588E-0005  9.628381E-0005  1.131364E-0004  1.039234E-0004  8.489968E-0005  0.000000E+0000  1.133629E-0004  1.000628E-0004  1.018510E-0004
  3.709687E-0005  3.454392E-0005  9.278522E-0005  1.154521E-0004  1.218008E-0004  1.189227E-0004  1.042839E-0004  1.133629E-0004  0.000000E+0000  1.142670E-0004  1.223127E-0004
  1.104104E-0004  9.744940E-0005  8.010420E-0005  9.386613E-0005  1.124807E-0004  1.017664E-0004  8.642135E-0005  1.000628E-0004  1.142670E-0004  0.000000E+0000  1.097149E-0004
  1.177177E-0004  1.036096E-0004  8.465046E-0005  9.960429E-0005  1.213314E-0004  1.111649E-0004  6.754391E-0005  1.018510E-0004  1.223127E-0004  1.097149E-0004  0.000000E+0000

  0.000000E+0000  5.547110E-0006  1.298919E-0005  1.657705E-0005  1.776931E-0005  1.727999E-0005  1.474661E-0005  1.622388E-0005  4.992492E-0006  1.642920E-0005  1.768868E-0005
  5.547110E-0006  0.000000E+0000  1.167556E-0005  1.482235E-0005  1.609823E-0005  1.564601E-0005  1.317003E-0005  1.452696E-0005  4.594807E-0006  1.463916E-0005  1.572351E-0005
  1.298919E-0005  1.167556E-0005  0.000000E+0000  1.025642E-0005  1.312593E-0005  1.007433E-0005  9.497993E-0006  1.195267E-0005  1.338331E-0005  1.172347E-0005  1.247154E-0005
  1.657705E-0005  1.482235E-0005  1.025642E-0005  0.000000E+0000  1.711466E-0005  1.295796E-0005  1.071724E-0005  1.450819E-0005  1.713917E-0005  1.435334E-0005  1.476581E-0005
  1.776931E-0005  1.609823E-0005  1.312593E-0005  1.711466E-0005  0.000000E+0000  1.761623E-0005  1.584623E-0005  1.678658E-0005  1.827436E-0005  1.668500E-0005  1.817737E-0005
  1.727999E-0005  1.564601E-0005  1.007433E-0005  1.295796E-0005  1.761623E-0005  0.000000E+0000  1.191492E-0005  1.577919E-0005  1.777138E-0005  1.535689E-0005  1.665593E-0005
  1.474661E-0005  1.317003E-0005  9.497993E-0006  1.071724E-0005  1.584623E-0005  1.191492E-0005  0.000000E+0000  1.258557E-0005  1.525181E-0005  1.324927E-0005  9.952123E-0006
  1.622388E-0005  1.452696E-0005  1.195267E-0005  1.450819E-0005  1.678658E-0005  1.577919E-0005  1.258557E-0005  0.000000E+0000  1.676501E-0005  1.505052E-0005  1.548461E-0005
  4.992492E-0006  4.594807E-0006  1.338331E-0005  1.713917E-0005  1.827436E-0005  1.777138E-0005  1.525181E-0005  1.676501E-0005  0.000000E+0000  1.696211E-0005  1.832864E-0005
  1.642920E-0005  1.463916E-0005  1.172347E-0005  1.435334E-0005  1.668500E-0005  1.535689E-0005  1.324927E-0005  1.505052E-0005  1.696211E-0005  0.000000E+0000  1.637365E-0005
  1.768868E-0005  1.572351E-0005  1.247154E-0005  1.476581E-0005  1.817737E-0005  1.665593E-0005  9.952123E-0006  1.548461E-0005  1.832864E-0005  1.637365E-0005  0.000000E+0000

  0.000000E+0000  1.069449E-0003  2.684886E-0003  3.122369E-0003  3.410371E-0003  3.298033E-0003  2.857020E-0003  3.077750E-0003  1.255127E-0003  3.228362E-0003  3.259908E-0003
  1.069449E-0003  0.000000E+0000  2.002042E-0003  2.234745E-0003  2.556594E-0003  2.390047E-0003  1.999800E-0003  2.150447E-0003  1.155761E-0003  2.391756E-0003  2.243850E-0003
  2.684886E-0003  2.002042E-0003  0.000000E+0000  9.543471E-0004  2.950820E-0003  1.044347E-0003  9.384517E-0004  1.982352E-0003  2.936657E-0003  1.771394E-0003  1.770494E-0003
  3.122369E-0003  2.234745E-0003  9.543471E-0004  0.000000E+0000  3.478694E-0003  1.532560E-0003  1.049751E-0003  2.270038E-0003  3.544714E-0003  2.111653E-0003  2.350019E-0003
  3.410371E-0003  2.556594E-0003  2.950820E-0003  3.478694E-0003  0.000000E+0000  3.568568E-0003  3.249747E-0003  3.436486E-0003  3.733722E-0003  3.463337E-0003  3.609708E-0003
  3.298033E-0003  2.390047E-0003  1.044347E-0003  1.532560E-0003  3.568568E-0003  0.000000E+0000  1.483210E-0003  2.431794E-0003  3.658986E-0003  2.272771E-0003  2.834794E-0003
  2.857020E-0003  1.999800E-0003  9.384517E-0004  1.049751E-0003  3.249747E-0003  1.483210E-0003  0.000000E+0000  1.827962E-0003  3.237975E-0003  1.614109E-0003  1.175693E-0003
  3.077750E-0003  2.150447E-0003  1.982352E-0003  2.270038E-0003  3.436486E-0003  2.431794E-0003  1.827962E-0003  0.000000E+0000  3.488117E-0003  2.485556E-0003  2.157589E-0003
  1.255127E-0003  1.155761E-0003  2.936657E-0003  3.544714E-0003  3.733722E-0003  3.658986E-0003  3.237975E-0003  3.488117E-0003  0.000000E+0000  3.538776E-0003  3.724536E-0003
  3.228362E-0003  2.391756E-0003  1.771394E-0003  2.111653E-0003  3.463337E-0003  2.272771E-0003  1.614109E-0003  2.485556E-0003  3.538776E-0003  0.000000E+0000  2.852793E-0003
  3.259908E-0003  2.243850E-0003  1.770494E-0003  2.350019E-0003  3.609708E-0003  2.834794E-0003  1.175693E-0003  2.157589E-0003  3.724536E-0003  2.852793E-0003  0.000000E+0000

  0.000000E+0000  4.736102E-0005  1.099729E-0004  1.371385E-0004  1.461989E-0004  1.428445E-0004  1.233575E-0004  1.346300E-0004  4.431119E-0005  1.363295E-0004  1.453626E-0004
  4.736102E-0005  0.000000E+0000  9.811404E-0005  1.205331E-0004  1.308004E-0004  1.278446E-0004  1.082905E-0004  1.185103E-0004  4.130192E-0005  1.209040E-0004  1.269510E-0004
  1.099729E-0004  9.811404E-0005  0.000000E+0000  8.021120E-0005  1.118784E-0004  7.877515E-0005  7.521270E-0005  9.962072E-0005  1.134699E-0004  9.735410E-0005  1.020654E-0004
  1.371385E-0004  1.205331E-0004  8.021120E-0005  0.000000E+0000  1.420695E-0004  1.041152E-0004  8.476494E-0005  1.175514E-0004  1.424846E-0004  1.154469E-0004  1.216224E-0004
  1.461989E-0004  1.308004E-0004  1.118784E-0004  1.420695E-0004  0.000000E+0000  1.460795E-0004  1.320673E-0004  1.396296E-0004  1.508301E-0004  1.388572E-0004  1.500772E-0004
  1.428445E-0004  1.278446E-0004  7.877515E-0005  1.041152E-0004  1.460795E-0004  0.000000E+0000  9.687410E-0005  1.287386E-0004  1.473245E-0004  1.258311E-0004  1.372428E-0004
  1.233575E-0004  1.082905E-0004  7.521270E-0005  8.476494E-0005  1.320673E-0004  9.687410E-0005  0.000000E+0000  1.030093E-0004  1.282159E-0004  1.066494E-0004  8.030939E-0005
  1.346300E-0004  1.185103E-0004  9.962072E-0005  1.175514E-0004  1.396296E-0004  1.287386E-0004  1.030093E-0004  0.000000E+0000  1.397964E-0004  1.238437E-0004  1.246308E-0004
  4.431119E-0005  4.130192E-0005  1.134699E-0004  1.424846E-0004  1.508301E-0004  1.473245E-0004  1.282159E-0004  1.397964E-0004  0.000000E+0000  1.408507E-0004  1.514029E-0004
  1.363295E-0004  1.209040E-0004  9.735410E-0005  1.154469E-0004  1.388572E-0004  1.258311E-0004  1.066494E-0004  1.238437E-0004  1.408507E-0004  0.000000E+0000  1.349142E-0004
  1.453626E-0004  1.269510E-0004  1.020654E-0004  1.216224E-0004  1.500772E-0004  1.372428E-0004  8.030939E-0005  1.246308E-0004  1.514029E-0004  1.349142E-0004  0.000000E+0000

  0.000000E+0000  3.250088E-0006  7.813110E-0006  1.043737E-0005  1.124579E-0005  1.090166E-0005  9.102727E-0006  1.016697E-0005  2.790031E-0006  1.020246E-0005  1.126077E-0005
  3.250088E-0006  0.000000E+0000  7.034892E-0006  9.459705E-0006  1.026805E-0005  9.932123E-0006  8.236614E-0006  9.224540E-0006  2.563851E-0006  9.065327E-0006  1.015043E-0005
  7.813110E-0006  7.034892E-0006  0.000000E+0000  6.855904E-0006  7.835062E-0006  6.745683E-0006  6.197974E-0006  7.250832E-0006  8.040482E-0006  7.267132E-0006  7.896097E-0006
  1.043737E-0005  9.459705E-0006  6.855904E-0006  0.000000E+0000  1.076104E-0005  8.564531E-0006  7.018436E-0006  9.205706E-0006  1.073463E-0005  9.202948E-0006  9.421173E-0006
  1.124579E-0005  1.026805E-0005  7.835062E-0006  1.076104E-0005  0.000000E+0000  1.108427E-0005  9.781038E-0006  1.047934E-0005  1.152734E-0005  1.033826E-0005  1.153219E-0005
  1.090166E-0005  9.932123E-0006  6.745683E-0006  8.564531E-0006  1.108427E-0005  0.000000E+0000  7.712515E-0006  9.988044E-0006  1.118054E-0005  9.873299E-0006  1.062557E-0005
  9.102727E-0006  8.236614E-0006  6.197974E-0006  7.018436E-0006  9.781038E-0006  7.712515E-0006  0.000000E+0000  7.833107E-0006  9.366367E-0006  8.380211E-0006  6.333706E-0006
  1.016697E-0005  9.224540E-0006  7.250832E-0006  9.205706E-0006  1.047934E-0005  9.988044E-0006  7.833107E-0006  0.000000E+0000  1.045226E-0005  9.335072E-0006  9.932742E-0006
  2.790031E-0006  2.563851E-0006  8.040482E-0006  1.073463E-0005  1.152734E-0005  1.118054E-0005  9.366367E-0006  1.045226E-0005  0.000000E+0000  1.053265E-0005  1.160465E-0005
  1.020246E-0005  9.065327E-0006  7.267132E-0006  9.202948E-0006  1.033826E-0005  9.873299E-0006  8.380211E-0006  9.335072E-0006  1.053265E-0005  0.000000E+0000  1.034287E-0005
  1.126077E-0005  1.015043E-0005  7.896097E-0006  9.421173E-0006  1.153219E-0005  1.062557E-0005  6.333706E-0006  9.932742E-0006  1.160465E-0005  1.034287E-0005  0.000000E+0000
