6661999 = Ignore first line (new format code)
File name: E:\Folders\PhD\ISAD\ISAD_Curry_data\ISAD_EEGs\eLORETA\EEGs_128Hz_200sec-window\Clinical_v_Healthy\T1_healthy_all\H16-ROIlinLagConn-crss.txt
1 = Number of time frames in Time X Frequency decomposition
3 = Number of EEG files
11 = Number Electrodes
25600 = Number of time frames in EEG files
32768 = Number of time frames in EEG files power of 2
7 = Number of matrices
5 = Band type (1=Classical1; 2=Classical2; 3=DiscreteFreqs; 4=AllDiscreteFreqs; 5=UserDefinedBands)
 1.280000E+0002 = Sampling rate Hz
-1.000000E+0002 = Freq1 Hz
-1.000000E+0002 = Freq2 Hz
 3.906250E-0003 = Frequency resolution Hz

  0.000000E+0000  4.611388E-0002  4.592054E-0002  5.737571E-0002  6.408773E-0002  7.287715E-0002  6.752563E-0002  7.661409E-0002  3.027208E-0002  7.495778E-0002  5.901663E-0002
  4.611388E-0002  0.000000E+0000  4.264164E-0002  4.843658E-0002  2.981512E-0002  7.646866E-0002  6.159585E-0002  7.476006E-0002  6.000454E-0002  7.436956E-0002  4.369805E-0002
  4.592054E-0002  4.264164E-0002  0.000000E+0000  6.245002E-0002  7.043344E-0002  7.915089E-0002  7.433521E-0002  8.339436E-0002  5.476258E-0002  8.276648E-0002  6.521548E-0002
  5.737571E-0002  4.843658E-0002  6.245002E-0002  0.000000E+0000  6.799068E-0002  7.885764E-0002  7.353038E-0002  8.276401E-0002  6.295316E-0002  8.196025E-0002  6.110004E-0002
  6.408773E-0002  2.981512E-0002  7.043344E-0002  6.799068E-0002  0.000000E+0000  8.347632E-0002  7.098050E-0002  8.445948E-0002  7.516193E-0002  8.372275E-0002  6.089189E-0002
  7.287715E-0002  7.646866E-0002  7.915089E-0002  7.885764E-0002  8.347632E-0002  0.000000E+0000  7.325424E-0002  8.459155E-0002  7.222474E-0002  8.192331E-0002  8.325455E-0002
  6.752563E-0002  6.159585E-0002  7.433521E-0002  7.353038E-0002  7.098050E-0002  7.325424E-0002  0.000000E+0000  7.784446E-0002  7.391281E-0002  7.623070E-0002  7.237671E-0002
  7.661409E-0002  7.476006E-0002  8.339436E-0002  8.276401E-0002  8.445948E-0002  8.459155E-0002  7.784446E-0002  0.000000E+0000  8.171244E-0002  8.663841E-0002  8.338894E-0002
  3.027208E-0002  6.000454E-0002  5.476258E-0002  6.295316E-0002  7.516193E-0002  7.222474E-0002  7.391281E-0002  8.171244E-0002  0.000000E+0000  8.184995E-0002  7.381248E-0002
  7.495778E-0002  7.436956E-0002  8.276648E-0002  8.196025E-0002  8.372275E-0002  8.192331E-0002  7.623070E-0002  8.663841E-0002  8.184995E-0002  0.000000E+0000  8.400783E-0002
  5.901663E-0002  4.369805E-0002  6.521548E-0002  6.110004E-0002  6.089189E-0002  8.325455E-0002  7.237671E-0002  8.338894E-0002  7.381248E-0002  8.400783E-0002  0.000000E+0000

  0.000000E+0000  3.477395E-0003  3.301471E-0003  4.166895E-0003  4.994838E-0003  4.865233E-0003  4.963577E-0003  5.511934E-0003  2.037822E-0003  5.558220E-0003  4.703514E-0003
  3.477395E-0003  0.000000E+0000  3.186955E-0003  4.008716E-0003  2.508434E-0003  5.261597E-0003  4.805310E-0003  5.438267E-0003  4.203789E-0003  5.329820E-0003  3.353251E-0003
  3.301471E-0003  3.186955E-0003  0.000000E+0000  4.457922E-0003  5.267507E-0003  5.460714E-0003  5.329184E-0003  5.955911E-0003  3.678546E-0003  5.980157E-0003  4.992745E-0003
  4.166895E-0003  4.008716E-0003  4.457922E-0003  0.000000E+0000  5.157633E-0003  5.438172E-0003  5.302922E-0003  5.919244E-0003  4.223310E-0003  5.941281E-0003  4.772044E-0003
  4.994838E-0003  2.508434E-0003  5.267507E-0003  5.157633E-0003  0.000000E+0000  5.984856E-0003  5.419416E-0003  6.097925E-0003  5.485756E-0003  6.041532E-0003  4.842706E-0003
  4.865233E-0003  5.261597E-0003  5.460714E-0003  5.438172E-0003  5.984856E-0003  0.000000E+0000  5.321329E-0003  6.116977E-0003  4.741087E-0003  5.946739E-0003  5.977080E-0003
  4.963577E-0003  4.805310E-0003  5.329184E-0003  5.302922E-0003  5.419416E-0003  5.321329E-0003  0.000000E+0000  5.490389E-0003  5.149126E-0003  5.105689E-0003  5.339762E-0003
  5.511934E-0003  5.438267E-0003  5.955911E-0003  5.919244E-0003  6.097925E-0003  6.116977E-0003  5.490389E-0003  0.000000E+0000  5.803200E-0003  6.177069E-0003  6.045073E-0003
  2.037822E-0003  4.203789E-0003  3.678546E-0003  4.223310E-0003  5.485756E-0003  4.741087E-0003  5.149126E-0003  5.803200E-0003  0.000000E+0000  5.896942E-0003  5.464841E-0003
  5.558220E-0003  5.329820E-0003  5.980157E-0003  5.941281E-0003  6.041532E-0003  5.946739E-0003  5.105689E-0003  6.177069E-0003  5.896942E-0003  0.000000E+0000  5.963737E-0003
  4.703514E-0003  3.353251E-0003  4.992745E-0003  4.772044E-0003  4.842706E-0003  5.977080E-0003  5.339762E-0003  6.045073E-0003  5.464841E-0003  5.963737E-0003  0.000000E+0000

  0.000000E+0000  6.854602E-0004  6.548756E-0004  7.556474E-0004  8.502601E-0004  8.532009E-0004  8.424706E-0004  8.992836E-0004  4.620787E-0004  8.972748E-0004  8.278625E-0004
  6.854602E-0004  0.000000E+0000  6.615423E-0004  6.817127E-0004  5.156192E-0004  9.019152E-0004  7.881571E-0004  8.792165E-0004  8.066536E-0004  9.000681E-0004  6.601200E-0004
  6.548756E-0004  6.615423E-0004  0.000000E+0000  8.333700E-0004  9.163773E-0004  9.479797E-0004  9.288624E-0004  9.902219E-0004  7.336586E-0004  9.909029E-0004  8.847942E-0004
  7.556474E-0004  6.817127E-0004  8.333700E-0004  0.000000E+0000  8.965908E-0004  9.426893E-0004  9.206701E-0004  9.818841E-0004  7.968898E-0004  9.815877E-0004  8.508901E-0004
  8.502601E-0004  5.156192E-0004  9.163773E-0004  8.965908E-0004  0.000000E+0000  1.008902E-0003  9.212143E-0004  1.012130E-0003  9.436937E-0004  1.012879E-0003  8.359333E-0004
  8.532009E-0004  9.019152E-0004  9.479797E-0004  9.426893E-0004  1.008902E-0003  0.000000E+0000  9.220950E-0004  1.025565E-0003  8.482112E-0004  9.827098E-0004  1.004288E-0003
  8.424706E-0004  7.881571E-0004  9.288624E-0004  9.206701E-0004  9.212143E-0004  9.220950E-0004  0.000000E+0000  9.707637E-0004  9.008175E-0004  9.045709E-0004  9.197430E-0004
  8.992836E-0004  8.792165E-0004  9.902219E-0004  9.818841E-0004  1.012130E-0003  1.025565E-0003  9.707637E-0004  0.000000E+0000  9.650450E-0004  1.036902E-0003  9.994042E-0004
  4.620787E-0004  8.066536E-0004  7.336586E-0004  7.968898E-0004  9.436937E-0004  8.482112E-0004  9.008175E-0004  9.650450E-0004  0.000000E+0000  9.746961E-0004  9.466870E-0004
  8.972748E-0004  9.000681E-0004  9.909029E-0004  9.815877E-0004  1.012879E-0003  9.827098E-0004  9.045709E-0004  1.036902E-0003  9.746961E-0004  0.000000E+0000  1.013725E-0003
  8.278625E-0004  6.601200E-0004  8.847942E-0004  8.508901E-0004  8.359333E-0004  1.004288E-0003  9.197430E-0004  9.994042E-0004  9.466870E-0004  1.013725E-0003  0.000000E+0000

  0.000000E+0000  4.466604E-0004  4.135706E-0004  4.751844E-0004  5.455911E-0004  5.120361E-0004  5.223050E-0004  5.536590E-0004  2.881805E-0004  5.542914E-0004  5.431620E-0004
  4.466604E-0004  0.000000E+0000  4.377060E-0004  4.382109E-0004  3.588188E-0004  5.494790E-0004  4.917926E-0004  5.364470E-0004  5.090709E-0004  5.512300E-0004  4.327887E-0004
  4.135706E-0004  4.377060E-0004  0.000000E+0000  5.285014E-0004  5.877596E-0004  5.853985E-0004  5.836150E-0004  6.175490E-0004  4.538177E-0004  6.208965E-0004  5.750533E-0004
  4.751844E-0004  4.382109E-0004  5.285014E-0004  0.000000E+0000  5.772981E-0004  5.808302E-0004  5.782960E-0004  6.111027E-0004  4.876699E-0004  6.141411E-0004  5.576309E-0004
  5.455911E-0004  3.588188E-0004  5.877596E-0004  5.772981E-0004  0.000000E+0000  6.355721E-0004  5.914812E-0004  6.367743E-0004  5.984794E-0004  6.377849E-0004  5.466602E-0004
  5.120361E-0004  5.494790E-0004  5.853985E-0004  5.808302E-0004  6.355721E-0004  0.000000E+0000  5.813342E-0004  6.494520E-0004  5.074205E-0004  6.156373E-0004  6.315114E-0004
  5.223050E-0004  4.917926E-0004  5.836150E-0004  5.782960E-0004  5.914812E-0004  5.813342E-0004  0.000000E+0000  6.128612E-0004  5.559211E-0004  5.502547E-0004  5.823171E-0004
  5.536590E-0004  5.364470E-0004  6.175490E-0004  6.111027E-0004  6.367743E-0004  6.494520E-0004  6.128612E-0004  0.000000E+0000  6.204110E-0004  6.540858E-0004  6.271967E-0004
  2.881805E-0004  5.090709E-0004  4.538177E-0004  4.876699E-0004  5.984794E-0004  5.074205E-0004  5.559211E-0004  6.204110E-0004  0.000000E+0000  6.077337E-0004  6.055867E-0004
  5.542914E-0004  5.512300E-0004  6.208965E-0004  6.141411E-0004  6.377849E-0004  6.156373E-0004  5.502547E-0004  6.540858E-0004  6.077337E-0004  0.000000E+0000  6.374517E-0004
  5.431620E-0004  4.327887E-0004  5.750533E-0004  5.576309E-0004  5.466602E-0004  6.315114E-0004  5.823171E-0004  6.271967E-0004  6.055867E-0004  6.374517E-0004  0.000000E+0000

  0.000000E+0000  1.519159E-0002  1.253413E-0002  1.449525E-0002  2.101718E-0002  1.424168E-0002  1.595867E-0002  2.238048E-0002  7.573046E-0003  1.861507E-0002  2.104855E-0002
  1.519159E-0002  0.000000E+0000  1.585225E-0002  1.527055E-0002  1.415994E-0002  1.654924E-0002  1.466835E-0002  1.728136E-0002  1.668556E-0002  1.714681E-0002  1.474549E-0002
  1.253413E-0002  1.585225E-0002  0.000000E+0000  1.796331E-0002  2.209040E-0002  1.935636E-0002  2.038171E-0002  2.381227E-0002  1.321276E-0002  2.235715E-0002  2.264431E-0002
  1.449525E-0002  1.527055E-0002  1.796331E-0002  0.000000E+0000  2.164710E-0002  1.902275E-0002  2.004816E-0002  2.316463E-0002  1.412546E-0002  2.189248E-0002  2.206912E-0002
  2.101718E-0002  1.415994E-0002  2.209040E-0002  2.164710E-0002  0.000000E+0000  2.388447E-0002  2.241660E-0002  2.392529E-0002  2.315514E-0002  2.412889E-0002  2.082244E-0002
  1.424168E-0002  1.654924E-0002  1.935636E-0002  1.902275E-0002  2.388447E-0002  0.000000E+0000  2.039968E-0002  2.539639E-0002  1.407864E-0002  2.184589E-0002  2.343252E-0002
  1.595867E-0002  1.466835E-0002  2.038171E-0002  2.004816E-0002  2.241660E-0002  2.039968E-0002  0.000000E+0000  2.354988E-0002  1.763433E-0002  1.670773E-0002  2.091549E-0002
  2.238048E-0002  1.728136E-0002  2.381227E-0002  2.316463E-0002  2.392529E-0002  2.539639E-0002  2.354988E-0002  0.000000E+0000  2.464949E-0002  2.567927E-0002  2.437164E-0002
  7.573046E-0003  1.668556E-0002  1.321276E-0002  1.412546E-0002  2.315514E-0002  1.407864E-0002  1.763433E-0002  2.464949E-0002  0.000000E+0000  2.168156E-0002  2.319895E-0002
  1.861507E-0002  1.714681E-0002  2.235715E-0002  2.189248E-0002  2.412889E-0002  2.184589E-0002  1.670773E-0002  2.567927E-0002  2.168156E-0002  0.000000E+0000  2.401281E-0002
  2.104855E-0002  1.474549E-0002  2.264431E-0002  2.206912E-0002  2.082244E-0002  2.343252E-0002  2.091549E-0002  2.437164E-0002  2.319895E-0002  2.401281E-0002  0.000000E+0000

  0.000000E+0000  1.115684E-0002  1.024065E-0002  1.182359E-0002  1.371770E-0002  1.264514E-0002  1.302287E-0002  1.401958E-0002  7.032959E-0003  1.386108E-0002  1.372884E-0002
  1.115684E-0002  0.000000E+0000  1.093355E-0002  1.100425E-0002  9.086020E-0003  1.364525E-0002  1.230765E-0002  1.336692E-0002  1.263881E-0002  1.366625E-0002  1.082587E-0002
  1.024065E-0002  1.093355E-0002  0.000000E+0000  1.317551E-0002  1.476922E-0002  1.459792E-0002  1.460476E-0002  1.547269E-0002  1.117758E-0002  1.557022E-0002  1.450589E-0002
  1.182359E-0002  1.100425E-0002  1.317551E-0002  0.000000E+0000  1.451421E-0002  1.449197E-0002  1.448042E-0002  1.531331E-0002  1.203349E-0002  1.540330E-0002  1.407498E-0002
  1.371770E-0002  9.086020E-0003  1.476922E-0002  1.451421E-0002  0.000000E+0000  1.595670E-0002  1.490621E-0002  1.599482E-0002  1.503688E-0002  1.600406E-0002  1.378962E-0002
  1.264514E-0002  1.364525E-0002  1.459792E-0002  1.449197E-0002  1.595670E-0002  0.000000E+0000  1.455628E-0002  1.633753E-0002  1.253171E-0002  1.543063E-0002  1.585214E-0002
  1.302287E-0002  1.230765E-0002  1.460476E-0002  1.448042E-0002  1.490621E-0002  1.455628E-0002  0.000000E+0000  1.535190E-0002  1.383356E-0002  1.364311E-0002  1.461670E-0002
  1.401958E-0002  1.336692E-0002  1.547269E-0002  1.531331E-0002  1.599482E-0002  1.633753E-0002  1.535190E-0002  0.000000E+0000  1.562191E-0002  1.644087E-0002  1.574994E-0002
  7.032959E-0003  1.263881E-0002  1.117758E-0002  1.203349E-0002  1.503688E-0002  1.253171E-0002  1.383356E-0002  1.562191E-0002  0.000000E+0000  1.520871E-0002  1.522273E-0002
  1.386108E-0002  1.366625E-0002  1.557022E-0002  1.540330E-0002  1.600406E-0002  1.543063E-0002  1.364311E-0002  1.644087E-0002  1.520871E-0002  0.000000E+0000  1.599953E-0002
  1.372884E-0002  1.082587E-0002  1.450589E-0002  1.407498E-0002  1.378962E-0002  1.585214E-0002  1.461670E-0002  1.574994E-0002  1.522273E-0002  1.599953E-0002  0.000000E+0000

  0.000000E+0000  2.305978E-0004  2.266999E-0004  2.695110E-0004  3.019449E-0004  3.251313E-0004  3.103008E-0004  3.411380E-0004  1.557478E-0004  3.367108E-0004  2.842832E-0004
  2.305978E-0004  0.000000E+0000  2.174038E-0004  2.370760E-0004  1.592259E-0004  3.411208E-0004  2.873171E-0004  3.336209E-0004  2.857385E-0004  3.362395E-0004  2.221128E-0004
  2.266999E-0004  2.174038E-0004  0.000000E+0000  2.968370E-0004  3.277093E-0004  3.547994E-0004  3.403712E-0004  3.715375E-0004  2.621668E-0004  3.700274E-0004  3.085989E-0004
  2.695110E-0004  2.370760E-0004  2.968370E-0004  0.000000E+0000  3.182785E-0004  3.541624E-0004  3.374994E-0004  3.692302E-0004  2.929640E-0004  3.670119E-0004  2.922596E-0004
  3.019449E-0004  1.592259E-0004  3.277093E-0004  3.182785E-0004  0.000000E+0000  3.743256E-0004  3.310801E-0004  3.776465E-0004  3.436856E-0004  3.757117E-0004  2.910076E-0004
  3.251313E-0004  3.411208E-0004  3.547994E-0004  3.541624E-0004  3.743256E-0004  0.000000E+0000  3.363182E-0004  3.792980E-0004  3.227913E-0004  3.663540E-0004  3.718529E-0004
  3.103008E-0004  2.873171E-0004  3.403712E-0004  3.374994E-0004  3.310801E-0004  3.363182E-0004  0.000000E+0000  3.550330E-0004  3.348925E-0004  3.412162E-0004  3.334845E-0004
  3.411380E-0004  3.336209E-0004  3.715375E-0004  3.692302E-0004  3.776465E-0004  3.792980E-0004  3.550330E-0004  0.000000E+0000  3.631624E-0004  3.859752E-0004  3.721307E-0004
  1.557478E-0004  2.857385E-0004  2.621668E-0004  2.929640E-0004  3.436856E-0004  3.227913E-0004  3.348925E-0004  3.631624E-0004  0.000000E+0000  3.650252E-0004  3.396351E-0004
  3.367108E-0004  3.362395E-0004  3.700274E-0004  3.670119E-0004  3.757117E-0004  3.663540E-0004  3.412162E-0004  3.859752E-0004  3.650252E-0004  0.000000E+0000  3.750284E-0004
  2.842832E-0004  2.221128E-0004  3.085989E-0004  2.922596E-0004  2.910076E-0004  3.718529E-0004  3.334845E-0004  3.721307E-0004  3.396351E-0004  3.750284E-0004  0.000000E+0000
