6661999 = Ignore first line (new format code)
File name: E:\Folders\PhD\ISAD\ISAD_Curry_data\ISAD_EEGs\eLORETA\EEGs_128Hz_200sec-window\Clinical_v_Healthy\T1_healthy_all\H19-ROIlinLagConn-crss.txt
1 = Number of time frames in Time X Frequency decomposition
3 = Number of EEG files
11 = Number Electrodes
25600 = Number of time frames in EEG files
32768 = Number of time frames in EEG files power of 2
7 = Number of matrices
5 = Band type (1=Classical1; 2=Classical2; 3=DiscreteFreqs; 4=AllDiscreteFreqs; 5=UserDefinedBands)
 1.280000E+0002 = Sampling rate Hz
-1.000000E+0002 = Freq1 Hz
-1.000000E+0002 = Freq2 Hz
 3.906250E-0003 = Frequency resolution Hz

  0.000000E+0000  1.617009E-0002  2.482125E-0002  6.767569E-0002  4.950732E-0002  8.120063E-0002  7.345831E-0002  2.281767E-0002  5.804150E-0002  7.317727E-0002  7.344919E-0002
  1.617009E-0002  0.000000E+0000  5.817355E-0003  2.385243E-0002  1.430803E-0003  2.355830E-0002  2.646462E-0002  1.680625E-0003  1.870323E-0002  3.454542E-0002  1.237317E-0002
  2.482125E-0002  5.817355E-0003  0.000000E+0000  1.135527E-0002  1.340511E-0002  1.608692E-0002  1.588522E-0002  1.319431E-0002  2.134969E-0002  1.625409E-0002  1.703400E-0002
  6.767569E-0002  2.385243E-0002  1.135527E-0002  0.000000E+0000  4.942607E-0002  5.306614E-0002  4.738515E-0002  5.855341E-0002  6.901637E-0002  6.223436E-0002  5.813044E-0002
  4.950732E-0002  1.430803E-0003  1.340511E-0002  4.942607E-0002  0.000000E+0000  6.697197E-0002  5.492520E-0002  1.526860E-0002  4.484909E-0002  7.209180E-0002  3.888635E-0002
  8.120063E-0002  2.355830E-0002  1.608692E-0002  5.306614E-0002  6.697197E-0002  0.000000E+0000  6.833460E-0002  6.910641E-0002  7.994188E-0002  9.698250E-0002  7.803185E-0002
  7.345831E-0002  2.646462E-0002  1.588522E-0002  4.738515E-0002  5.492520E-0002  6.833460E-0002  0.000000E+0000  5.507768E-0002  6.611195E-0002  7.570349E-0002  5.851452E-0002
  2.281767E-0002  1.680625E-0003  1.319431E-0002  5.855341E-0002  1.526860E-0002  6.910641E-0002  5.507768E-0002  0.000000E+0000  4.821568E-0002  6.540474E-0002  5.144118E-0002
  5.804150E-0002  1.870323E-0002  2.134969E-0002  6.901637E-0002  4.484909E-0002  7.994188E-0002  6.611195E-0002  4.821568E-0002  0.000000E+0000  7.150114E-0002  6.517955E-0002
  7.317727E-0002  3.454542E-0002  1.625409E-0002  6.223436E-0002  7.209180E-0002  9.698250E-0002  7.570349E-0002  6.540474E-0002  7.150114E-0002  0.000000E+0000  8.050432E-0002
  7.344919E-0002  1.237317E-0002  1.703400E-0002  5.813044E-0002  3.888635E-0002  7.803185E-0002  5.851452E-0002  5.144118E-0002  6.517955E-0002  8.050432E-0002  0.000000E+0000

  0.000000E+0000  1.216993E-0003  1.133058E-0003  6.161215E-0003  5.594309E-0003  8.663873E-0003  7.753442E-0003  2.466939E-0003  6.782717E-0003  8.285352E-0003  8.107481E-0003
  1.216993E-0003  0.000000E+0000  2.955286E-0004  2.286417E-0003  1.775854E-0004  2.370205E-0003  2.495173E-0003  1.043278E-0004  1.776422E-0003  3.166708E-0003  1.190525E-0003
  1.133058E-0003  2.955286E-0004  0.000000E+0000  2.070107E-0003  1.324109E-0003  2.706298E-0003  2.019264E-0003  7.799601E-0004  2.283483E-0003  2.772585E-0003  2.305545E-0003
  6.161215E-0003  2.286417E-0003  2.070107E-0003  0.000000E+0000  5.432671E-0003  5.333119E-0003  4.582533E-0003  5.822886E-0003  6.079876E-0003  6.307442E-0003  6.168911E-0003
  5.594309E-0003  1.775854E-0004  1.324109E-0003  5.432671E-0003  0.000000E+0000  7.869136E-0003  6.179380E-0003  1.739546E-0003  5.153370E-0003  8.128617E-0003  4.602447E-0003
  8.663873E-0003  2.370205E-0003  2.706298E-0003  5.333119E-0003  7.869136E-0003  0.000000E+0000  7.525138E-0003  7.703454E-0003  8.171389E-0003  1.040586E-0002  8.790691E-0003
  7.753442E-0003  2.495173E-0003  2.019264E-0003  4.582533E-0003  6.179380E-0003  7.525138E-0003  0.000000E+0000  5.804319E-0003  6.832271E-0003  8.106946E-0003  6.405700E-0003
  2.466939E-0003  1.043278E-0004  7.799601E-0004  5.822886E-0003  1.739546E-0003  7.703454E-0003  5.804319E-0003  0.000000E+0000  5.510543E-0003  7.390087E-0003  5.752820E-0003
  6.782717E-0003  1.776422E-0003  2.283483E-0003  6.079876E-0003  5.153370E-0003  8.171389E-0003  6.832271E-0003  5.510543E-0003  0.000000E+0000  7.559805E-0003  7.479894E-0003
  8.285352E-0003  3.166708E-0003  2.772585E-0003  6.307442E-0003  8.128617E-0003  1.040586E-0002  8.106946E-0003  7.390087E-0003  7.559805E-0003  0.000000E+0000  9.396061E-0003
  8.107481E-0003  1.190525E-0003  2.305545E-0003  6.168911E-0003  4.602447E-0003  8.790691E-0003  6.405700E-0003  5.752820E-0003  7.479894E-0003  9.396061E-0003  0.000000E+0000

  0.000000E+0000  6.103927E-0004  1.422251E-0003  2.081066E-0003  6.383517E-0004  2.189837E-0003  2.277402E-0003  3.974692E-0004  1.139191E-0003  1.442631E-0003  1.222259E-0003
  6.103927E-0004  0.000000E+0000  2.467453E-0004  1.062144E-0003  9.045775E-0005  1.165923E-0003  1.092706E-0003  7.052565E-0005  9.331715E-0004  1.198447E-0003  7.342058E-0004
  1.422251E-0003  2.467453E-0004  0.000000E+0000  8.282831E-0004  1.174412E-0004  9.365092E-0004  1.389338E-0003  4.687919E-0004  1.322708E-0003  1.704702E-0003  3.896773E-0004
  2.081066E-0003  1.062144E-0003  8.282831E-0004  0.000000E+0000  3.016289E-0004  2.787374E-0003  2.996011E-0003  1.174027E-0003  2.555318E-0003  2.650401E-0003  1.865454E-0003
  6.383517E-0004  9.045775E-0005  1.174412E-0004  3.016289E-0004  0.000000E+0000  4.701989E-0004  4.865341E-0004  3.051088E-0004  6.437218E-0004  7.102894E-0004  4.366186E-0004
  2.189837E-0003  1.165923E-0003  9.365092E-0004  2.787374E-0003  4.701989E-0004  0.000000E+0000  2.968863E-0003  1.254070E-0003  2.630346E-0003  3.363979E-0003  2.363932E-0003
  2.277402E-0003  1.092706E-0003  1.389338E-0003  2.996011E-0003  4.865341E-0004  2.968863E-0003  0.000000E+0000  1.045392E-0003  2.764189E-0003  3.795406E-0003  1.404521E-0003
  3.974692E-0004  7.052565E-0005  4.687919E-0004  1.174027E-0003  3.051088E-0004  1.254070E-0003  1.045392E-0003  0.000000E+0000  7.695373E-0004  1.079238E-0003  9.631370E-0004
  1.139191E-0003  9.331715E-0004  1.322708E-0003  2.555318E-0003  6.437218E-0004  2.630346E-0003  2.764189E-0003  7.695373E-0004  0.000000E+0000  2.386644E-0003  1.698591E-0003
  1.442631E-0003  1.198447E-0003  1.704702E-0003  2.650401E-0003  7.102894E-0004  3.363979E-0003  3.795406E-0003  1.079238E-0003  2.386644E-0003  0.000000E+0000  1.369528E-0003
  1.222259E-0003  7.342058E-0004  3.896773E-0004  1.865454E-0003  4.366186E-0004  2.363932E-0003  1.404521E-0003  9.631370E-0004  1.698591E-0003  1.369528E-0003  0.000000E+0000

  0.000000E+0000  2.542888E-0004  6.056090E-0004  8.553599E-0004  3.057800E-0004  9.213339E-0004  1.143135E-0003  1.732176E-0004  4.909296E-0004  5.902933E-0004  5.677553E-0004
  2.542888E-0004  0.000000E+0000  3.075725E-0004  4.824729E-0004  6.124620E-0005  4.106027E-0004  4.234248E-0004  2.232574E-0004  2.205441E-0004  4.596345E-0004  3.508384E-0004
  6.056090E-0004  3.075725E-0004  0.000000E+0000  6.021165E-0004  3.913736E-0004  6.016191E-0004  5.970756E-0004  5.127390E-0004  6.236658E-0004  4.986490E-0004  5.088991E-0004
  8.553599E-0004  4.824729E-0004  6.021165E-0004  0.000000E+0000  6.303671E-0004  8.460780E-0004  7.622442E-0004  7.560143E-0004  9.381891E-0004  8.840295E-0004  8.534238E-0004
  3.057800E-0004  6.124620E-0005  3.913736E-0004  6.303671E-0004  0.000000E+0000  6.371553E-0004  5.726534E-0004  2.977917E-0004  3.221047E-0004  5.325600E-0004  5.898873E-0004
  9.213339E-0004  4.106027E-0004  6.016191E-0004  8.460780E-0004  6.371553E-0004  0.000000E+0000  8.044885E-0004  7.835350E-0004  8.669664E-0004  9.417274E-0004  9.902830E-0004
  1.143135E-0003  4.234248E-0004  5.970756E-0004  7.622442E-0004  5.726534E-0004  8.044885E-0004  0.000000E+0000  9.147153E-0004  1.131213E-0003  9.034282E-0004  1.036945E-0003
  1.732176E-0004  2.232574E-0004  5.127390E-0004  7.560143E-0004  2.977917E-0004  7.835350E-0004  9.147153E-0004  0.000000E+0000  3.457595E-0004  5.897325E-0004  4.900930E-0004
  4.909296E-0004  2.205441E-0004  6.236658E-0004  9.381891E-0004  3.221047E-0004  8.669664E-0004  1.131213E-0003  3.457595E-0004  0.000000E+0000  8.079064E-0004  5.915372E-0004
  5.902933E-0004  4.596345E-0004  4.986490E-0004  8.840295E-0004  5.325600E-0004  9.417274E-0004  9.034282E-0004  5.897325E-0004  8.079064E-0004  0.000000E+0000  8.293770E-0004
  5.677553E-0004  3.508384E-0004  5.088991E-0004  8.534238E-0004  5.898873E-0004  9.902830E-0004  1.036945E-0003  4.900930E-0004  5.915372E-0004  8.293770E-0004  0.000000E+0000

  0.000000E+0000  1.185504E-0003  1.779049E-0003  3.454057E-0003  3.403868E-0003  4.530280E-0003  4.318954E-0003  1.699997E-0003  3.247362E-0003  4.176291E-0003  4.320134E-0003
  1.185504E-0003  0.000000E+0000  7.912578E-0004  9.527539E-0004  1.322000E-0004  7.654991E-0004  9.619744E-0004  5.521724E-0004  6.844734E-0004  1.227109E-0003  1.564326E-0003
  1.779049E-0003  7.912578E-0004  0.000000E+0000  1.806795E-0003  2.326973E-0003  2.377152E-0003  2.227328E-0003  1.951194E-0003  2.125694E-0003  2.704027E-0003  2.895413E-0003
  3.454057E-0003  9.527539E-0004  1.806795E-0003  0.000000E+0000  4.136005E-0003  3.553012E-0003  3.185309E-0003  3.523213E-0003  3.754385E-0003  5.104744E-0003  5.206962E-0003
  3.403868E-0003  1.322000E-0004  2.326973E-0003  4.136005E-0003  0.000000E+0000  4.282941E-0003  3.770502E-0003  1.602213E-0003  2.639481E-0003  4.502704E-0003  4.800012E-0003
  4.530280E-0003  7.654991E-0004  2.377152E-0003  3.553012E-0003  4.282941E-0003  0.000000E+0000  3.629874E-0003  3.603849E-0003  4.005564E-0003  5.840484E-0003  6.429295E-0003
  4.318954E-0003  9.619744E-0004  2.227328E-0003  3.185309E-0003  3.770502E-0003  3.629874E-0003  0.000000E+0000  3.143392E-0003  3.708566E-0003  4.474903E-0003  6.087711E-0003
  1.699997E-0003  5.521724E-0004  1.951194E-0003  3.523213E-0003  1.602213E-0003  3.603849E-0003  3.143392E-0003  0.000000E+0000  2.644959E-0003  3.465261E-0003  2.927049E-0003
  3.247362E-0003  6.844734E-0004  2.125694E-0003  3.754385E-0003  2.639481E-0003  4.005564E-0003  3.708566E-0003  2.644959E-0003  0.000000E+0000  3.666669E-0003  4.562615E-0003
  4.176291E-0003  1.227109E-0003  2.704027E-0003  5.104744E-0003  4.502704E-0003  5.840484E-0003  4.474903E-0003  3.465261E-0003  3.666669E-0003  0.000000E+0000  5.927273E-0003
  4.320134E-0003  1.564326E-0003  2.895413E-0003  5.206962E-0003  4.800012E-0003  6.429295E-0003  6.087711E-0003  2.927049E-0003  4.562615E-0003  5.927273E-0003  0.000000E+0000

  0.000000E+0000  1.008275E-0005  1.700168E-0005  4.286833E-0005  7.438890E-0005  6.029437E-0005  6.416939E-0005  3.506520E-0005  7.630817E-0005  7.733904E-0005  8.486328E-0005
  1.008275E-0005  0.000000E+0000  7.403723E-0006  1.275203E-0005  1.669778E-0006  1.188515E-0005  1.253506E-0005  4.513953E-0006  8.776407E-0006  1.429414E-0005  9.535016E-0006
  1.700168E-0005  7.403723E-0006  0.000000E+0000  4.717885E-0005  5.522922E-0005  7.243051E-0005  6.776907E-0005  2.346907E-0005  7.908719E-0005  8.382873E-0005  8.352696E-0005
  4.286833E-0005  1.275203E-0005  4.717885E-0005  0.000000E+0000  9.526607E-0005  5.216613E-0005  7.575426E-0005  5.715042E-0005  5.766737E-0005  9.557039E-0005  1.212103E-0004
  7.438890E-0005  1.669778E-0006  5.522922E-0005  9.526607E-0005  0.000000E+0000  1.012178E-0004  8.831844E-0005  3.734719E-0005  6.959883E-0005  9.835738E-0005  9.211162E-0005
  6.029437E-0005  1.188515E-0005  7.243051E-0005  5.216613E-0005  1.012178E-0004  0.000000E+0000  6.650991E-0005  7.406247E-0005  4.459409E-0005  1.027098E-0004  1.490098E-0004
  6.416939E-0005  1.253506E-0005  6.776907E-0005  7.575426E-0005  8.831844E-0005  6.650991E-0005  0.000000E+0000  6.227226E-0005  5.990590E-0005  8.441995E-0005  1.276239E-0004
  3.506520E-0005  4.513953E-0006  2.346907E-0005  5.715042E-0005  3.734719E-0005  7.406247E-0005  6.227226E-0005  0.000000E+0000  7.549113E-0005  8.221075E-0005  7.415427E-0005
  7.630817E-0005  8.776407E-0006  7.908719E-0005  5.766737E-0005  6.959883E-0005  4.459409E-0005  5.990590E-0005  7.549113E-0005  0.000000E+0000  8.762880E-0005  1.517591E-0004
  7.733904E-0005  1.429414E-0005  8.382873E-0005  9.557039E-0005  9.835738E-0005  1.027098E-0004  8.441995E-0005  8.221075E-0005  8.762880E-0005  0.000000E+0000  1.671244E-0004
  8.486328E-0005  9.535016E-0006  8.352696E-0005  1.212103E-0004  9.211162E-0005  1.490098E-0004  1.276239E-0004  7.415427E-0005  1.517591E-0004  1.671244E-0004  0.000000E+0000

  0.000000E+0000  4.453682E-0004  1.151976E-0003  1.369431E-0003  3.316070E-0004  1.393207E-0003  2.122833E-0003  4.846314E-0004  9.441383E-0004  9.337260E-0004  7.246002E-0004
  4.453682E-0004  0.000000E+0000  6.741409E-0004  5.827235E-0004  9.057236E-0005  3.857415E-0004  8.037423E-0004  5.725860E-0004  1.832464E-0004  6.197180E-0004  1.101819E-0003
  1.151976E-0003  6.741409E-0004  0.000000E+0000  1.315532E-0003  9.793829E-0004  1.295732E-0003  1.019902E-0003  1.181251E-0003  1.182056E-0003  1.219050E-0003  1.500278E-0003
  1.369431E-0003  5.827235E-0004  1.315532E-0003  0.000000E+0000  1.413126E-0003  1.402998E-0003  1.623831E-0003  1.389726E-0003  1.396802E-0003  1.658348E-0003  2.467510E-0003
  3.316070E-0004  9.057236E-0005  9.793829E-0004  1.413126E-0003  0.000000E+0000  1.518662E-0003  1.769151E-0003  8.369094E-0004  3.061549E-0004  9.771615E-0004  1.620833E-0003
  1.393207E-0003  3.857415E-0004  1.295732E-0003  1.402998E-0003  1.518662E-0003  0.000000E+0000  1.078222E-0003  1.364931E-0003  1.099287E-0003  1.976867E-0003  2.660323E-0003
  2.122833E-0003  8.037423E-0004  1.019902E-0003  1.623831E-0003  1.769151E-0003  1.078222E-0003  0.000000E+0000  2.221903E-0003  2.309784E-0003  1.927562E-0003  2.854076E-0003
  4.846314E-0004  5.725860E-0004  1.181251E-0003  1.389726E-0003  8.369094E-0004  1.364931E-0003  2.221903E-0003  0.000000E+0000  8.651923E-0004  1.055948E-0003  1.482305E-0003
  9.441383E-0004  1.832464E-0004  1.182056E-0003  1.396802E-0003  3.061549E-0004  1.099287E-0003  2.309784E-0003  8.651923E-0004  0.000000E+0000  1.204808E-0003  1.805291E-0003
  9.337260E-0004  6.197180E-0004  1.219050E-0003  1.658348E-0003  9.771615E-0004  1.976867E-0003  1.927562E-0003  1.055948E-0003  1.204808E-0003  0.000000E+0000  2.258741E-0003
  7.246002E-0004  1.101819E-0003  1.500278E-0003  2.467510E-0003  1.620833E-0003  2.660323E-0003  2.854076E-0003  1.482305E-0003  1.805291E-0003  2.258741E-0003  0.000000E+0000
