6661999 = Ignore first line (new format code)
File name: E:\Folders\PhD\ISAD\ISAD_Curry_data\ISAD_EEGs\eLORETA\EEGs_128Hz_200sec-window\Clinical_v_Healthy\T1_healthy_all\H2-ROIlinLagConn-crss.txt
1 = Number of time frames in Time X Frequency decomposition
3 = Number of EEG files
11 = Number Electrodes
25600 = Number of time frames in EEG files
32768 = Number of time frames in EEG files power of 2
7 = Number of matrices
5 = Band type (1=Classical1; 2=Classical2; 3=DiscreteFreqs; 4=AllDiscreteFreqs; 5=UserDefinedBands)
 1.280000E+0002 = Sampling rate Hz
-1.000000E+0002 = Freq1 Hz
-1.000000E+0002 = Freq2 Hz
 3.906250E-0003 = Frequency resolution Hz

  0.000000E+0000  3.375520E-0003  1.056605E-0002  9.344141E-0003  4.030827E-0003  1.420685E-0002  9.075715E-0003  1.608059E-0002  2.071681E-0002  1.178542E-0002  1.969273E-0002
  3.375520E-0003  0.000000E+0000  8.752682E-0003  2.289157E-0002  4.937968E-0003  2.523033E-0002  9.198126E-0003  1.807737E-0002  2.181005E-0002  2.465100E-0002  2.797349E-0002
  1.056605E-0002  8.752682E-0003  0.000000E+0000  3.299095E-0002  7.665705E-0003  3.060025E-0002  7.796081E-0003  1.609267E-0002  7.210617E-0003  3.337013E-0002  2.342227E-0002
  9.344141E-0003  2.289157E-0002  3.299095E-0002  0.000000E+0000  1.455672E-0002  1.106221E-0002  2.830128E-0002  2.734273E-0002  5.572335E-0002  1.783197E-0002  3.472250E-0002
  4.030827E-0003  4.937968E-0003  7.665705E-0003  1.455672E-0002  0.000000E+0000  1.539313E-0002  5.722104E-0003  9.156618E-0003  1.351380E-0002  1.525235E-0002  1.590225E-0002
  1.420685E-0002  2.523033E-0002  3.060025E-0002  1.106221E-0002  1.539313E-0002  0.000000E+0000  3.276313E-0002  2.828027E-0002  5.026335E-0002  3.324385E-0002  4.517857E-0002
  9.075715E-0003  9.198126E-0003  7.796081E-0003  2.830128E-0002  5.722104E-0003  3.276313E-0002  0.000000E+0000  2.535276E-0002  2.094540E-0002  3.345061E-0002  2.784271E-0002
  1.608059E-0002  1.807737E-0002  1.609267E-0002  2.734273E-0002  9.156618E-0003  2.828027E-0002  2.535276E-0002  0.000000E+0000  2.320225E-0002  2.631097E-0002  2.610465E-0002
  2.071681E-0002  2.181005E-0002  7.210617E-0003  5.572335E-0002  1.351380E-0002  5.026335E-0002  2.094540E-0002  2.320225E-0002  0.000000E+0000  5.576134E-0002  3.541181E-0002
  1.178542E-0002  2.465100E-0002  3.337013E-0002  1.783197E-0002  1.525235E-0002  3.324385E-0002  3.345061E-0002  2.631097E-0002  5.576134E-0002  0.000000E+0000  5.520016E-0002
  1.969273E-0002  2.797349E-0002  2.342227E-0002  3.472250E-0002  1.590225E-0002  4.517857E-0002  2.784271E-0002  2.610465E-0002  3.541181E-0002  5.520016E-0002  0.000000E+0000

  0.000000E+0000  3.094971E-0004  1.066987E-0003  1.367912E-0003  1.199988E-0003  7.630336E-0003  9.232923E-0004  2.677200E-0003  2.486160E-0004  6.185815E-0003  2.161142E-0003
  3.094971E-0004  0.000000E+0000  1.164047E-0003  9.969650E-0004  8.326069E-0004  8.747886E-0003  1.085486E-0003  2.188660E-0003  4.104629E-0004  6.553380E-0003  3.097816E-0003
  1.066987E-0003  1.164047E-0003  0.000000E+0000  2.683854E-0003  7.509558E-0004  7.348896E-0003  2.619217E-0003  9.139956E-0004  7.443458E-0004  5.914954E-0003  2.798836E-0003
  1.367912E-0003  9.969650E-0004  2.683854E-0003  0.000000E+0000  3.625623E-0003  3.255780E-0003  2.415898E-0003  3.805522E-0003  2.147697E-0003  3.629761E-0003  4.769662E-0003
  1.199988E-0003  8.326069E-0004  7.509558E-0004  3.625623E-0003  0.000000E+0000  8.747528E-0003  1.914009E-0003  2.521984E-0003  3.576469E-0004  7.891282E-0003  2.871057E-0003
  7.630336E-0003  8.747886E-0003  7.348896E-0003  3.255780E-0003  8.747528E-0003  0.000000E+0000  1.238144E-0002  9.464630E-0003  4.808813E-0003  1.432318E-0002  1.665756E-0002
  9.232923E-0004  1.085486E-0003  2.619217E-0003  2.415898E-0003  1.914009E-0003  1.238144E-0002  0.000000E+0000  3.955030E-0003  9.756288E-0004  9.640187E-0003  7.293458E-0003
  2.677200E-0003  2.188660E-0003  9.139956E-0004  3.805522E-0003  2.521984E-0003  9.464630E-0003  3.955030E-0003  0.000000E+0000  3.870064E-0004  8.104826E-0003  3.644797E-0003
  2.486160E-0004  4.104629E-0004  7.443458E-0004  2.147697E-0003  3.576469E-0004  4.808813E-0003  9.756288E-0004  3.870064E-0004  0.000000E+0000  3.554478E-0003  4.995504E-0003
  6.185815E-0003  6.553380E-0003  5.914954E-0003  3.629761E-0003  7.891282E-0003  1.432318E-0002  9.640187E-0003  8.104826E-0003  3.554478E-0003  0.000000E+0000  1.317231E-0002
  2.161142E-0003  3.097816E-0003  2.798836E-0003  4.769662E-0003  2.871057E-0003  1.665756E-0002  7.293458E-0003  3.644797E-0003  4.995504E-0003  1.317231E-0002  0.000000E+0000

  0.000000E+0000  4.673508E-0005  6.166656E-0006  5.861738E-0004  6.055455E-0005  3.215546E-0005  1.853615E-0005  1.919058E-0005  1.686761E-0005  4.154055E-0005  3.928434E-0005
  4.673508E-0005  0.000000E+0000  3.132661E-0005  5.917895E-0004  2.961744E-0005  5.912175E-0005  1.014003E-0004  3.302131E-0005  4.082051E-0005  6.243481E-0005  4.405661E-0005
  6.166656E-0006  3.132661E-0005  0.000000E+0000  5.043783E-0004  2.549813E-0005  9.371303E-0005  2.386560E-0005  2.139518E-0005  1.628843E-0005  5.635597E-0005  1.092829E-0004
  5.861738E-0004  5.917895E-0004  5.043783E-0004  0.000000E+0000  9.588611E-0004  1.248701E-0004  7.979753E-0004  3.957656E-0004  2.899583E-0004  8.286475E-0004  1.098170E-0003
  6.055455E-0005  2.961744E-0005  2.549813E-0005  9.588611E-0004  0.000000E+0000  1.260883E-0004  6.965135E-0005  5.062296E-0005  3.319490E-0005  1.063987E-0004  5.290428E-0005
  3.215546E-0005  5.912175E-0005  9.371303E-0005  1.248701E-0004  1.260883E-0004  0.000000E+0000  2.208402E-0004  6.544836E-0004  3.195873E-0004  8.017733E-0005  2.660606E-0004
  1.853615E-0005  1.014003E-0004  2.386560E-0005  7.979753E-0004  6.965135E-0005  2.208402E-0004  0.000000E+0000  8.733859E-0005  7.170586E-0005  1.815430E-0004  1.509567E-0004
  1.919058E-0005  3.302131E-0005  2.139518E-0005  3.957656E-0004  5.062296E-0005  6.544836E-0004  8.733859E-0005  0.000000E+0000  6.751941E-0005  4.059343E-0004  3.366695E-0004
  1.686761E-0005  4.082051E-0005  1.628843E-0005  2.899583E-0004  3.319490E-0005  3.195873E-0004  7.170586E-0005  6.751941E-0005  0.000000E+0000  2.745063E-0004  2.093116E-0004
  4.154055E-0005  6.243481E-0005  5.635597E-0005  8.286475E-0004  1.063987E-0004  8.017733E-0005  1.815430E-0004  4.059343E-0004  2.745063E-0004  0.000000E+0000  1.129177E-0004
  3.928434E-0005  4.405661E-0005  1.092829E-0004  1.098170E-0003  5.290428E-0005  2.660606E-0004  1.509567E-0004  3.366695E-0004  2.093116E-0004  1.129177E-0004  0.000000E+0000

  0.000000E+0000  4.453269E-0005  5.877255E-0004  1.231510E-0003  1.635385E-0004  1.910828E-0003  8.969763E-0004  2.006324E-0003  7.998933E-0004  1.738366E-0003  1.620543E-0003
  4.453269E-0005  0.000000E+0000  5.162004E-0004  3.532833E-0004  1.023253E-0004  1.202648E-0003  6.152407E-0004  1.247825E-0003  6.186909E-0004  1.178575E-0003  9.648190E-0004
  5.877255E-0004  5.162004E-0004  0.000000E+0000  1.769138E-0003  3.642899E-0004  1.725537E-0003  5.173623E-0004  8.735459E-0004  2.542804E-0004  1.898176E-0003  1.160436E-0003
  1.231510E-0003  3.532833E-0004  1.769138E-0003  0.000000E+0000  1.298525E-0003  3.456109E-0003  2.382583E-0003  3.781408E-0003  1.554949E-0003  2.884876E-0003  4.083451E-0003
  1.635385E-0004  1.023253E-0004  3.642899E-0004  1.298525E-0003  0.000000E+0000  1.509609E-0003  6.117990E-0004  1.402337E-0003  5.993414E-0004  1.498114E-0003  1.355907E-0003
  1.910828E-0003  1.202648E-0003  1.725537E-0003  3.456109E-0003  1.509609E-0003  0.000000E+0000  2.608771E-0003  3.044065E-0003  1.598772E-0003  2.687122E-0003  3.632332E-0003
  8.969763E-0004  6.152407E-0004  5.173623E-0004  2.382583E-0003  6.117990E-0004  2.608771E-0003  0.000000E+0000  2.658329E-0003  9.579541E-0004  2.844304E-0003  2.227097E-0003
  2.006324E-0003  1.247825E-0003  8.735459E-0004  3.781408E-0003  1.402337E-0003  3.044065E-0003  2.658329E-0003  0.000000E+0000  9.392496E-0004  3.338355E-0003  2.901411E-0003
  7.998933E-0004  6.186909E-0004  2.542804E-0004  1.554949E-0003  5.993414E-0004  1.598772E-0003  9.579541E-0004  9.392496E-0004  0.000000E+0000  1.685342E-0003  1.160778E-0003
  1.738366E-0003  1.178575E-0003  1.898176E-0003  2.884876E-0003  1.498114E-0003  2.687122E-0003  2.844304E-0003  3.338355E-0003  1.685342E-0003  0.000000E+0000  3.988154E-0003
  1.620543E-0003  9.648190E-0004  1.160436E-0003  4.083451E-0003  1.355907E-0003  3.632332E-0003  2.227097E-0003  2.901411E-0003  1.160778E-0003  3.988154E-0003  0.000000E+0000

  0.000000E+0000  7.777439E-0004  3.767787E-0003  1.938528E-0002  3.535834E-0003  1.162921E-0002  6.570559E-0003  1.414294E-0002  3.047563E-0003  9.537229E-0003  1.124444E-0002
  7.777439E-0004  0.000000E+0000  2.109425E-0004  2.258259E-0003  1.756031E-0003  1.516841E-0003  1.947787E-0003  3.834898E-0003  1.776909E-0004  8.946235E-0004  3.490338E-0003
  3.767787E-0003  2.109425E-0004  0.000000E+0000  1.162403E-0002  6.287755E-0003  3.362455E-0003  7.025223E-0003  1.178370E-0002  7.484918E-0004  3.853395E-0003  1.128360E-0002
  1.938528E-0002  2.258259E-0003  1.162403E-0002  0.000000E+0000  1.783601E-0002  7.705051E-0002  3.067233E-0002  5.385651E-0002  7.065002E-0003  8.112527E-0002  5.563511E-0002
  3.535834E-0003  1.756031E-0003  6.287755E-0003  1.783601E-0002  0.000000E+0000  2.038651E-0002  4.693985E-0003  9.918774E-0003  5.854494E-0003  1.947538E-0002  1.790654E-0002
  1.162921E-0002  1.516841E-0003  3.362455E-0003  7.705051E-0002  2.038651E-0002  0.000000E+0000  2.021700E-0002  4.746081E-0002  6.645941E-0003  3.062619E-0002  3.419185E-0002
  6.570559E-0003  1.947787E-0003  7.025223E-0003  3.067233E-0002  4.693985E-0003  2.021700E-0002  0.000000E+0000  1.945213E-0002  6.498219E-0003  2.030653E-0002  1.664570E-0002
  1.414294E-0002  3.834898E-0003  1.178370E-0002  5.385651E-0002  9.918774E-0003  4.746081E-0002  1.945213E-0002  0.000000E+0000  1.862900E-0002  4.122997E-0002  5.294960E-0002
  3.047563E-0003  1.776909E-0004  7.484918E-0004  7.065002E-0003  5.854494E-0003  6.645941E-0003  6.498219E-0003  1.862900E-0002  0.000000E+0000  5.408238E-0003  1.600358E-0002
  9.537229E-0003  8.946235E-0004  3.853395E-0003  8.112527E-0002  1.947538E-0002  3.062619E-0002  2.030653E-0002  4.122997E-0002  5.408238E-0003  0.000000E+0000  2.947360E-0002
  1.124444E-0002  3.490338E-0003  1.128360E-0002  5.563511E-0002  1.790654E-0002  3.419185E-0002  1.664570E-0002  5.294960E-0002  1.600358E-0002  2.947360E-0002  0.000000E+0000

  0.000000E+0000  8.295005E-0004  2.423595E-0003  7.466665E-0003  1.592715E-0003  1.656357E-0002  5.825049E-0003  1.972043E-0002  2.434324E-0003  1.390812E-0002  1.436694E-0002
  8.295005E-0004  0.000000E+0000  1.762141E-0004  8.000271E-0004  7.705222E-0004  1.370495E-0003  1.517348E-0003  2.047942E-0003  1.885746E-0004  1.060307E-0003  2.206407E-0003
  2.423595E-0003  1.762141E-0004  0.000000E+0000  5.011394E-0003  2.320260E-0003  1.859248E-0003  4.879840E-0003  4.592502E-0003  3.519254E-0004  2.778017E-0003  5.874101E-0003
  7.466665E-0003  8.000271E-0004  5.011394E-0003  0.000000E+0000  9.515801E-0003  3.810244E-0002  1.699196E-0002  4.023493E-0002  6.647801E-0003  3.364716E-0002  3.285254E-0002
  1.592715E-0003  7.705222E-0004  2.320260E-0003  9.515801E-0003  0.000000E+0000  1.210858E-0002  3.672597E-0003  1.072907E-0002  3.157160E-0003  1.121871E-0002  1.004665E-0002
  1.656357E-0002  1.370495E-0003  1.859248E-0003  3.810244E-0002  1.210858E-0002  0.000000E+0000  2.802325E-0002  4.839738E-0002  2.483380E-0003  3.392014E-0002  3.888219E-0002
  5.825049E-0003  1.517348E-0003  4.879840E-0003  1.699196E-0002  3.672597E-0003  2.802325E-0002  0.000000E+0000  2.860262E-0002  5.599234E-0003  2.483352E-0002  2.111293E-0002
  1.972043E-0002  2.047942E-0003  4.592502E-0003  4.023493E-0002  1.072907E-0002  4.839738E-0002  2.860262E-0002  0.000000E+0000  1.146275E-0002  4.564807E-0002  4.559994E-0002
  2.434324E-0003  1.885746E-0004  3.519254E-0004  6.647801E-0003  3.157160E-0003  2.483380E-0003  5.599234E-0003  1.146275E-0002  0.000000E+0000  2.388500E-0003  1.026617E-0002
  1.390812E-0002  1.060307E-0003  2.778017E-0003  3.364716E-0002  1.121871E-0002  3.392014E-0002  2.483352E-0002  4.564807E-0002  2.388500E-0003  0.000000E+0000  3.805242E-0002
  1.436694E-0002  2.206407E-0003  5.874101E-0003  3.285254E-0002  1.004665E-0002  3.888219E-0002  2.111293E-0002  4.559994E-0002  1.026617E-0002  3.805242E-0002  0.000000E+0000

  0.000000E+0000  2.054093E-0005  1.628543E-0005  5.902415E-0005  4.840199E-0005  1.435043E-0005  5.601757E-0006  1.627634E-0005  5.575529E-0006  1.773026E-0005  1.691030E-0005
  2.054093E-0005  0.000000E+0000  9.355652E-0006  3.616153E-0005  1.942519E-0005  4.249032E-0005  2.313276E-0005  1.350736E-0005  4.052894E-0006  3.807581E-0005  3.413727E-0005
  1.628543E-0005  9.355652E-0006  0.000000E+0000  5.142517E-0005  5.926708E-0006  4.527073E-0005  1.970565E-0005  2.250166E-0005  3.927204E-0006  4.679442E-0005  2.471152E-0005
  5.902415E-0005  3.616153E-0005  5.142517E-0005  0.000000E+0000  1.062256E-0004  4.042078E-0005  9.331287E-0005  7.988897E-0005  2.041089E-0005  5.544777E-0005  1.668010E-0004
  4.840199E-0005  1.942519E-0005  5.926708E-0006  1.062256E-0004  0.000000E+0000  8.256064E-0005  1.064320E-0004  1.394201E-0005  1.197881E-0005  6.221107E-0005  3.821726E-0005
  1.435043E-0005  4.249032E-0005  4.527073E-0005  4.042078E-0005  8.256064E-0005  0.000000E+0000  2.788226E-0005  1.445076E-0005  2.522655E-0005  4.095649E-0005  4.989287E-0005
  5.601757E-0006  2.313276E-0005  1.970565E-0005  9.331287E-0005  1.064320E-0004  2.788226E-0005  0.000000E+0000  3.491859E-0005  1.037725E-0005  2.743670E-0005  6.304494E-0005
  1.627634E-0005  1.350736E-0005  2.250166E-0005  7.988897E-0005  1.394201E-0005  1.445076E-0005  3.491859E-0005  0.000000E+0000  4.445886E-0005  1.828299E-0005  4.441767E-0005
  5.575529E-0006  4.052894E-0006  3.927204E-0006  2.041089E-0005  1.197881E-0005  2.522655E-0005  1.037725E-0005  4.445886E-0005  0.000000E+0000  2.164937E-0005  2.153544E-0005
  1.773026E-0005  3.807581E-0005  4.679442E-0005  5.544777E-0005  6.221107E-0005  4.095649E-0005  2.743670E-0005  1.828299E-0005  2.164937E-0005  0.000000E+0000  7.559167E-0005
  1.691030E-0005  3.413727E-0005  2.471152E-0005  1.668010E-0004  3.821726E-0005  4.989287E-0005  6.304494E-0005  4.441767E-0005  2.153544E-0005  7.559167E-0005  0.000000E+0000
