6661999 = Ignore first line (new format code)
File name: E:\Folders\PhD\ISAD\ISAD_Curry_data\ISAD_EEGs\eLORETA\EEGs_128Hz_200sec-window\Clinical_v_Healthy\T1_healthy_all\H20-ROIlinLagConn-crss.txt
1 = Number of time frames in Time X Frequency decomposition
2 = Number of EEG files
11 = Number Electrodes
25600 = Number of time frames in EEG files
32768 = Number of time frames in EEG files power of 2
7 = Number of matrices
5 = Band type (1=Classical1; 2=Classical2; 3=DiscreteFreqs; 4=AllDiscreteFreqs; 5=UserDefinedBands)
 1.280000E+0002 = Sampling rate Hz
-1.000000E+0002 = Freq1 Hz
-1.000000E+0002 = Freq2 Hz
 3.906250E-0003 = Frequency resolution Hz

  0.000000E+0000  3.963466E-0002  5.103078E-0003  6.880660E-0002  6.205575E-0003  3.297386E-0002  2.993006E-0002  2.463567E-0002  3.109630E-0002  8.119143E-0002  6.384387E-0002
  3.963466E-0002  0.000000E+0000  5.911389E-0003  4.709228E-0002  7.345569E-0002  9.832026E-0002  3.239406E-0002  6.443582E-0002  5.880082E-0002  6.438950E-0002  4.522693E-0002
  5.103078E-0003  5.911389E-0003  0.000000E+0000  1.216131E-0002  4.136411E-0003  7.361169E-0003  7.766920E-0004  1.264580E-0002  5.063497E-0003  6.465304E-0003  3.179359E-0003
  6.880660E-0002  4.709228E-0002  1.216131E-0002  0.000000E+0000  2.277556E-0001  2.647979E-0001  8.423506E-0002  1.126584E-0001  9.002359E-0002  2.299547E-0001  1.246993E-0001
  6.205575E-0003  7.345569E-0002  4.136411E-0003  2.277556E-0001  0.000000E+0000  1.120633E-0001  9.472097E-0002  6.329002E-0002  5.654463E-0002  2.042691E-0001  2.318406E-0001
  3.297386E-0002  9.832026E-0002  7.361169E-0003  2.647979E-0001  1.120633E-0001  0.000000E+0000  1.041775E-0001  1.912129E-0001  6.799281E-0002  2.174797E-0001  2.612212E-0001
  2.993006E-0002  3.239406E-0002  7.766920E-0004  8.423506E-0002  9.472097E-0002  1.041775E-0001  0.000000E+0000  2.848678E-0002  2.531788E-0002  1.023597E-0001  4.703301E-0002
  2.463567E-0002  6.443582E-0002  1.264580E-0002  1.126584E-0001  6.329002E-0002  1.912129E-0001  2.848678E-0002  0.000000E+0000  3.543571E-0002  1.708265E-0001  9.204666E-0002
  3.109630E-0002  5.880082E-0002  5.063497E-0003  9.002359E-0002  5.654463E-0002  6.799281E-0002  2.531788E-0002  3.543571E-0002  0.000000E+0000  1.418192E-0001  5.687248E-0002
  8.119143E-0002  6.438950E-0002  6.465304E-0003  2.299547E-0001  2.042691E-0001  2.174797E-0001  1.023597E-0001  1.708265E-0001  1.418192E-0001  0.000000E+0000  2.173342E-0001
  6.384387E-0002  4.522693E-0002  3.179359E-0003  1.246993E-0001  2.318406E-0001  2.612212E-0001  4.703301E-0002  9.204666E-0002  5.687248E-0002  2.173342E-0001  0.000000E+0000

  0.000000E+0000  3.332579E-0003  8.063284E-0004  4.095989E-0003  6.623165E-0003  7.262105E-0003  2.926026E-0003  4.933414E-0003  6.413854E-0003  1.929120E-0003  5.206014E-0003
  3.332579E-0003  0.000000E+0000  9.173371E-0004  2.852126E-0003  4.786965E-0003  4.281062E-0003  4.140531E-0003  4.847717E-0003  6.748974E-0003  1.980576E-0003  6.124785E-0003
  8.063284E-0004  9.173371E-0004  0.000000E+0000  2.314462E-0004  7.751582E-0004  7.596923E-0004  1.240256E-0004  1.138509E-0003  9.245030E-0004  9.901916E-0005  2.836292E-0004
  4.095989E-0003  2.852126E-0003  2.314462E-0004  0.000000E+0000  5.715608E-0003  1.272824E-0002  9.331288E-0004  9.540941E-0003  3.425633E-0003  1.463562E-0002  3.126691E-0003
  6.623165E-0003  4.786965E-0003  7.751582E-0004  5.715608E-0003  0.000000E+0000  5.594309E-0003  4.165961E-0003  1.282078E-0002  6.425625E-0003  8.129887E-0003  6.227057E-0003
  7.262105E-0003  4.281062E-0003  7.596923E-0004  1.272824E-0002  5.594309E-0003  0.000000E+0000  6.086544E-0003  1.421804E-0002  5.666401E-0003  1.368215E-0002  1.514791E-0002
  2.926026E-0003  4.140531E-0003  1.240256E-0004  9.331288E-0004  4.165961E-0003  6.086544E-0003  0.000000E+0000  8.042996E-0003  3.089552E-0003  3.601564E-0003  2.016765E-0004
  4.933414E-0003  4.847717E-0003  1.138509E-0003  9.540941E-0003  1.282078E-0002  1.421804E-0002  8.042996E-0003  0.000000E+0000  1.240957E-0002  8.019541E-0003  1.198833E-0002
  6.413854E-0003  6.748974E-0003  9.245030E-0004  3.425633E-0003  6.425625E-0003  5.666401E-0003  3.089552E-0003  1.240957E-0002  0.000000E+0000  5.014739E-0003  5.712407E-0003
  1.929120E-0003  1.980576E-0003  9.901916E-0005  1.463562E-0002  8.129887E-0003  1.368215E-0002  3.601564E-0003  8.019541E-0003  5.014739E-0003  0.000000E+0000  1.271250E-0002
  5.206014E-0003  6.124785E-0003  2.836292E-0004  3.126691E-0003  6.227057E-0003  1.514791E-0002  2.016765E-0004  1.198833E-0002  5.712407E-0003  1.271250E-0002  0.000000E+0000

  0.000000E+0000  2.279760E-0003  1.192825E-0003  1.099683E-0002  4.674492E-0003  1.108562E-0002  6.970611E-0003  7.037530E-0003  1.999988E-0003  1.040503E-0002  8.898514E-0003
  2.279760E-0003  0.000000E+0000  4.994688E-0004  2.098853E-0003  2.167626E-0003  3.000894E-0003  2.481491E-0003  3.084731E-0003  1.296199E-0003  3.015778E-0003  3.766911E-0003
  1.192825E-0003  4.994688E-0004  0.000000E+0000  1.334249E-0003  3.624371E-0003  1.950072E-0003  3.174189E-0004  9.988770E-0004  1.297305E-0003  3.656651E-0003  9.795856E-0004
  1.099683E-0002  2.098853E-0003  1.334249E-0003  0.000000E+0000  2.772172E-0002  3.103382E-0002  9.812566E-0003  1.549265E-0002  1.113475E-0002  3.133193E-0002  1.460535E-0002
  4.674492E-0003  2.167626E-0003  3.624371E-0003  2.772172E-0002  0.000000E+0000  3.057637E-0002  1.855389E-0002  1.815794E-0002  8.290840E-0003  2.465548E-0002  2.566054E-0002
  1.108562E-0002  3.000894E-0003  1.950072E-0003  3.103382E-0002  3.057637E-0002  0.000000E+0000  1.214550E-0002  6.835544E-0003  1.446393E-0002  4.072467E-0002  2.997534E-0002
  6.970611E-0003  2.481491E-0003  3.174189E-0004  9.812566E-0003  1.855389E-0002  1.214550E-0002  0.000000E+0000  4.913205E-0003  8.666097E-0003  2.133662E-0002  6.036387E-0003
  7.037530E-0003  3.084731E-0003  9.988770E-0004  1.549265E-0002  1.815794E-0002  6.835544E-0003  4.913205E-0003  0.000000E+0000  9.625151E-0003  2.097684E-0002  5.787860E-0003
  1.999988E-0003  1.296199E-0003  1.297305E-0003  1.113475E-0002  8.290840E-0003  1.446393E-0002  8.666097E-0003  9.625151E-0003  0.000000E+0000  1.068376E-0002  1.110076E-0002
  1.040503E-0002  3.015778E-0003  3.656651E-0003  3.133193E-0002  2.465548E-0002  4.072467E-0002  2.133662E-0002  2.097684E-0002  1.068376E-0002  0.000000E+0000  2.989495E-0002
  8.898514E-0003  3.766911E-0003  9.795856E-0004  1.460535E-0002  2.566054E-0002  2.997534E-0002  6.036387E-0003  5.787860E-0003  1.110076E-0002  2.989495E-0002  0.000000E+0000

  0.000000E+0000  5.649781E-0003  3.754702E-0004  7.769622E-0003  4.244337E-0003  3.810491E-0003  2.269786E-0003  4.466733E-0003  4.390935E-0003  1.906888E-0003  4.008362E-0003
  5.649781E-0003  0.000000E+0000  6.716679E-0004  2.467467E-0003  2.206178E-0003  3.438921E-0003  1.686561E-0003  5.395070E-0003  5.030222E-0003  9.486392E-0003  1.496253E-0003
  3.754702E-0004  6.716679E-0004  0.000000E+0000  9.021162E-0004  6.311570E-0004  1.115875E-0003  8.288651E-0005  4.268695E-0004  6.542341E-0004  6.161802E-0004  4.370986E-0004
  7.769622E-0003  2.467467E-0003  9.021162E-0004  0.000000E+0000  3.651001E-0003  1.842794E-0002  1.887739E-0003  1.266425E-0002  3.063203E-0003  1.434420E-0002  6.096256E-0003
  4.244337E-0003  2.206178E-0003  6.311570E-0004  3.651001E-0003  0.000000E+0000  1.129798E-0002  1.313361E-0003  1.051209E-0002  5.436400E-0003  1.432342E-0002  2.992089E-0003
  3.810491E-0003  3.438921E-0003  1.115875E-0003  1.842794E-0002  1.129798E-0002  0.000000E+0000  2.106933E-0003  4.292059E-0003  1.123028E-0002  3.321281E-0002  1.359500E-0002
  2.269786E-0003  1.686561E-0003  8.288651E-0005  1.887739E-0003  1.313361E-0003  2.106933E-0003  0.000000E+0000  4.649474E-0003  3.780961E-0003  3.856402E-0003  1.555706E-0003
  4.466733E-0003  5.395070E-0003  4.268695E-0004  1.266425E-0002  1.051209E-0002  4.292059E-0003  4.649474E-0003  0.000000E+0000  6.436115E-0003  1.140333E-0002  4.762381E-0003
  4.390935E-0003  5.030222E-0003  6.542341E-0004  3.063203E-0003  5.436400E-0003  1.123028E-0002  3.780961E-0003  6.436115E-0003  0.000000E+0000  4.519619E-0003  5.801701E-0003
  1.906888E-0003  9.486392E-0003  6.161802E-0004  1.434420E-0002  1.432342E-0002  3.321281E-0002  3.856402E-0003  1.140333E-0002  4.519619E-0003  0.000000E+0000  4.932006E-0003
  4.008362E-0003  1.496253E-0003  4.370986E-0004  6.096256E-0003  2.992089E-0003  1.359500E-0002  1.555706E-0003  4.762381E-0003  5.801701E-0003  4.932006E-0003  0.000000E+0000

  0.000000E+0000  4.520394E-0002  5.564831E-0003  1.106524E-0001  1.152980E-0001  1.184835E-0001  4.864168E-0002  9.174981E-0002  4.627025E-0002  7.971185E-0002  7.501209E-0002
  4.520394E-0002  0.000000E+0000  7.734394E-0003  5.712216E-0002  6.718286E-0002  1.309272E-0001  6.273446E-0002  9.712775E-0002  2.365635E-0002  7.801596E-0002  8.272445E-0002
  5.564831E-0003  7.734394E-0003  0.000000E+0000  1.316711E-0002  1.349561E-0002  1.343196E-0002  3.920113E-0003  7.561935E-0003  7.638870E-0003  9.240445E-0003  9.352482E-0003
  1.106524E-0001  5.712216E-0002  1.316711E-0002  0.000000E+0000  1.677898E-0001  1.916610E-0001  1.526104E-0001  1.619943E-0001  1.132744E-0001  1.440994E-0001  1.792636E-0001
  1.152980E-0001  6.718286E-0002  1.349561E-0002  1.677898E-0001  0.000000E+0000  2.141407E-0001  1.483438E-0001  1.341183E-0001  1.194722E-0001  1.363750E-0001  1.756981E-0001
  1.184835E-0001  1.309272E-0001  1.343196E-0002  1.916610E-0001  2.141407E-0001  0.000000E+0000  1.596492E-0001  1.547197E-0001  1.440471E-0001  1.789116E-0001  1.811801E-0001
  4.864168E-0002  6.273446E-0002  3.920113E-0003  1.526104E-0001  1.483438E-0001  1.596492E-0001  0.000000E+0000  6.676660E-0002  6.854370E-0002  9.284291E-0002  1.038822E-0001
  9.174981E-0002  9.712775E-0002  7.561935E-0003  1.619943E-0001  1.341183E-0001  1.547197E-0001  6.676660E-0002  0.000000E+0000  1.080439E-0001  1.254945E-0001  9.206895E-0002
  4.627025E-0002  2.365635E-0002  7.638870E-0003  1.132744E-0001  1.194722E-0001  1.440471E-0001  6.854370E-0002  1.080439E-0001  0.000000E+0000  1.091930E-0001  9.609352E-0002
  7.971185E-0002  7.801596E-0002  9.240445E-0003  1.440994E-0001  1.363750E-0001  1.789116E-0001  9.284291E-0002  1.254945E-0001  1.091930E-0001  0.000000E+0000  1.109273E-0001
  7.501209E-0002  8.272445E-0002  9.352482E-0003  1.792636E-0001  1.756981E-0001  1.811801E-0001  1.038822E-0001  9.206895E-0002  9.609352E-0002  1.109273E-0001  0.000000E+0000

  0.000000E+0000  1.570371E-0003  3.089366E-0004  3.986502E-0003  2.200237E-0003  3.066425E-0003  2.434575E-0003  2.597604E-0003  9.663753E-0004  3.098793E-0003  4.167294E-0003
  1.570371E-0003  0.000000E+0000  2.694736E-0004  9.187837E-0004  1.016019E-0003  2.951000E-0003  1.130032E-0003  2.424463E-0003  7.605185E-0004  2.085312E-0003  2.133116E-0003
  3.089366E-0004  2.694736E-0004  0.000000E+0000  7.312910E-0004  4.381857E-0004  5.682685E-0004  1.378145E-0004  3.951056E-0004  6.000545E-0004  3.939926E-0004  3.058870E-0004
  3.986502E-0003  9.187837E-0004  7.312910E-0004  0.000000E+0000  4.503054E-0003  1.280386E-0002  8.881128E-0003  6.244351E-0003  4.041497E-0003  7.639947E-0003  1.009039E-0002
  2.200237E-0003  1.016019E-0003  4.381857E-0004  4.503054E-0003  0.000000E+0000  5.369376E-0003  4.036971E-0003  3.215085E-0003  1.909778E-0003  2.295341E-0003  3.702059E-0003
  3.066425E-0003  2.951000E-0003  5.682685E-0004  1.280386E-0002  5.369376E-0003  0.000000E+0000  6.355989E-0003  2.145361E-0003  5.472773E-0003  7.948223E-0003  8.384481E-0003
  2.434575E-0003  1.130032E-0003  1.378145E-0004  8.881128E-0003  4.036971E-0003  6.355989E-0003  0.000000E+0000  3.062579E-0003  4.851231E-0003  5.406928E-0003  7.378031E-0003
  2.597604E-0003  2.424463E-0003  3.951056E-0004  6.244351E-0003  3.215085E-0003  2.145361E-0003  3.062579E-0003  0.000000E+0000  2.736132E-0003  2.839762E-0003  1.830538E-0003
  9.663753E-0004  7.605185E-0004  6.000545E-0004  4.041497E-0003  1.909778E-0003  5.472773E-0003  4.851231E-0003  2.736132E-0003  0.000000E+0000  4.115751E-0003  4.167398E-0003
  3.098793E-0003  2.085312E-0003  3.939926E-0004  7.639947E-0003  2.295341E-0003  7.948223E-0003  5.406928E-0003  2.839762E-0003  4.115751E-0003  0.000000E+0000  4.685157E-0003
  4.167294E-0003  2.133116E-0003  3.058870E-0004  1.009039E-0002  3.702059E-0003  8.384481E-0003  7.378031E-0003  1.830538E-0003  4.167398E-0003  4.685157E-0003  0.000000E+0000

  0.000000E+0000  6.653974E-0004  3.678084E-0005  2.300179E-0003  8.478980E-0004  1.343782E-0003  8.082937E-0004  1.922049E-0004  4.269689E-0004  4.273828E-0003  2.258198E-0003
  6.653974E-0004  0.000000E+0000  8.315853E-0005  9.697741E-0004  6.891492E-0004  5.589161E-0004  5.117910E-0004  3.606181E-0004  9.414487E-0004  3.208581E-0004  5.539426E-0004
  3.678084E-0005  8.315853E-0005  0.000000E+0000  5.559428E-0004  3.547938E-0004  5.142618E-0004  1.667945E-0004  1.335578E-0004  3.958192E-0004  6.809878E-0004  2.783050E-0004
  2.300179E-0003  9.697741E-0004  5.559428E-0004  0.000000E+0000  6.441671E-0003  6.728891E-0003  1.347591E-0003  1.384702E-0003  1.523193E-0003  7.576397E-0003  2.316872E-0003
  8.478980E-0004  6.891492E-0004  3.547938E-0004  6.441671E-0003  0.000000E+0000  6.031045E-0003  2.788347E-0003  1.629606E-0003  1.167692E-0003  7.292215E-0003  5.674958E-0003
  1.343782E-0003  5.589161E-0004  5.142618E-0004  6.728891E-0003  6.031045E-0003  0.000000E+0000  2.801774E-0003  1.410982E-0003  2.021873E-0003  7.647406E-0003  4.304095E-0003
  8.082937E-0004  5.117910E-0004  1.667945E-0004  1.347591E-0003  2.788347E-0003  2.801774E-0003  0.000000E+0000  5.229794E-0004  4.669446E-0004  3.904530E-0003  1.015946E-0003
  1.922049E-0004  3.606181E-0004  1.335578E-0004  1.384702E-0003  1.629606E-0003  1.410982E-0003  5.229794E-0004  0.000000E+0000  5.596282E-0004  4.131239E-0003  1.001530E-0003
  4.269689E-0004  9.414487E-0004  3.958192E-0004  1.523193E-0003  1.167692E-0003  2.021873E-0003  4.669446E-0004  5.596282E-0004  0.000000E+0000  2.832841E-0003  1.952198E-0003
  4.273828E-0003  3.208581E-0004  6.809878E-0004  7.576397E-0003  7.292215E-0003  7.647406E-0003  3.904530E-0003  4.131239E-0003  2.832841E-0003  0.000000E+0000  5.716845E-0003
  2.258198E-0003  5.539426E-0004  2.783050E-0004  2.316872E-0003  5.674958E-0003  4.304095E-0003  1.015946E-0003  1.001530E-0003  1.952198E-0003  5.716845E-0003  0.000000E+0000
