6661999 = Ignore first line (new format code)
File name: E:\Folders\PhD\ISAD\ISAD_Curry_data\ISAD_EEGs\eLORETA\EEGs_128Hz_200sec-window\Clinical_v_Healthy\T1_healthy_all\H22-ROIlinLagConn-crss.txt
1 = Number of time frames in Time X Frequency decomposition
2 = Number of EEG files
11 = Number Electrodes
25600 = Number of time frames in EEG files
32768 = Number of time frames in EEG files power of 2
7 = Number of matrices
5 = Band type (1=Classical1; 2=Classical2; 3=DiscreteFreqs; 4=AllDiscreteFreqs; 5=UserDefinedBands)
 1.280000E+0002 = Sampling rate Hz
-1.000000E+0002 = Freq1 Hz
-1.000000E+0002 = Freq2 Hz
 3.906250E-0003 = Frequency resolution Hz

  0.000000E+0000  1.617930E-0002  7.751563E-0003  3.445368E-0003  1.340139E-0002  2.166574E-0002  1.206692E-0002  1.777143E-0002  8.044303E-0003  1.539764E-0002  1.389334E-0002
  1.617930E-0002  0.000000E+0000  2.049918E-0003  2.312629E-0002  9.781869E-0003  1.297170E-0001  1.799589E-0002  2.942686E-0002  4.399139E-0003  4.648823E-0002  6.619965E-0002
  7.751563E-0003  2.049918E-0003  0.000000E+0000  1.051167E-0002  4.582427E-0003  5.650809E-0002  9.837156E-0003  2.980991E-0003  2.328642E-0003  1.235629E-0002  2.429709E-0002
  3.445368E-0003  2.312629E-0002  1.051167E-0002  0.000000E+0000  2.209524E-0002  4.550201E-0002  2.124092E-0002  2.400665E-0002  1.190392E-0002  2.311165E-0002  1.946901E-0002
  1.340139E-0002  9.781869E-0003  4.582427E-0003  2.209524E-0002  0.000000E+0000  6.583657E-0002  1.837807E-0002  1.214627E-0002  5.721906E-0003  2.318605E-0002  2.781802E-0002
  2.166574E-0002  1.297170E-0001  5.650809E-0002  4.550201E-0002  6.583657E-0002  0.000000E+0000  3.641353E-0002  1.818514E-0001  3.681432E-0002  1.365827E-0001  1.277887E-0001
  1.206692E-0002  1.799589E-0002  9.837156E-0003  2.124092E-0002  1.837807E-0002  3.641353E-0002  0.000000E+0000  2.735697E-0002  6.894349E-0003  3.142342E-0002  5.138404E-0002
  1.777143E-0002  2.942686E-0002  2.980991E-0003  2.400665E-0002  1.214627E-0002  1.818514E-0001  2.735697E-0002  0.000000E+0000  1.142611E-0002  3.181225E-0002  7.521349E-0002
  8.044303E-0003  4.399139E-0003  2.328642E-0003  1.190392E-0002  5.721906E-0003  3.681432E-0002  6.894349E-0003  1.142611E-0002  0.000000E+0000  1.918643E-0002  2.865691E-0002
  1.539764E-0002  4.648823E-0002  1.235629E-0002  2.311165E-0002  2.318605E-0002  1.365827E-0001  3.142342E-0002  3.181225E-0002  1.918643E-0002  0.000000E+0000  5.007550E-0002
  1.389334E-0002  6.619965E-0002  2.429709E-0002  1.946901E-0002  2.781802E-0002  1.277887E-0001  5.138404E-0002  7.521349E-0002  2.865691E-0002  5.007550E-0002  0.000000E+0000

  0.000000E+0000  5.263023E-0003  2.946769E-0003  1.138700E-0003  2.757962E-0003  5.554450E-0003  2.763573E-0003  6.651501E-0003  2.619791E-0003  4.473622E-0003  4.787358E-0003
  5.263023E-0003  0.000000E+0000  3.598323E-0003  4.134526E-0003  1.012072E-0002  5.136830E-0003  1.153622E-0002  9.548227E-0003  1.006512E-0002  3.747079E-0003  5.533658E-0003
  2.946769E-0003  3.598323E-0003  0.000000E+0000  2.367800E-0003  6.005542E-0003  3.971707E-0003  6.862730E-0003  5.592525E-0003  3.849319E-0003  2.595912E-0003  2.361385E-0003
  1.138700E-0003  4.134526E-0003  2.367800E-0003  0.000000E+0000  3.688824E-0003  4.218920E-0003  2.488529E-0003  4.593897E-0003  3.665626E-0003  4.223290E-0003  4.475239E-0003
  2.757962E-0003  1.012072E-0002  6.005542E-0003  3.688824E-0003  0.000000E+0000  1.226794E-0002  7.751270E-0003  1.245412E-0002  1.151387E-0002  1.057196E-0002  1.094244E-0002
  5.554450E-0003  5.136830E-0003  3.971707E-0003  4.218920E-0003  1.226794E-0002  0.000000E+0000  1.158451E-0002  1.110282E-0002  1.387875E-0002  1.105632E-0002  1.310430E-0002
  2.763573E-0003  1.153622E-0002  6.862730E-0003  2.488529E-0003  7.751270E-0003  1.158451E-0002  0.000000E+0000  1.343501E-0002  9.561884E-0003  1.049619E-0002  1.149556E-0002
  6.651501E-0003  9.548227E-0003  5.592525E-0003  4.593897E-0003  1.245412E-0002  1.110282E-0002  1.343501E-0002  0.000000E+0000  1.174553E-0002  9.336232E-0003  1.036380E-0002
  2.619791E-0003  1.006512E-0002  3.849319E-0003  3.665626E-0003  1.151387E-0002  1.387875E-0002  9.561884E-0003  1.174553E-0002  0.000000E+0000  1.051248E-0002  9.819591E-0003
  4.473622E-0003  3.747079E-0003  2.595912E-0003  4.223290E-0003  1.057196E-0002  1.105632E-0002  1.049619E-0002  9.336232E-0003  1.051248E-0002  0.000000E+0000  3.635169E-0003
  4.787358E-0003  5.533658E-0003  2.361385E-0003  4.475239E-0003  1.094244E-0002  1.310430E-0002  1.149556E-0002  1.036380E-0002  9.819591E-0003  3.635169E-0003  0.000000E+0000

  0.000000E+0000  5.819451E-0003  1.433847E-0003  6.107406E-0004  3.926208E-0003  1.142624E-0002  3.852080E-0003  7.343029E-0003  1.615209E-0003  5.110093E-0003  3.886695E-0003
  5.819451E-0003  0.000000E+0000  2.561171E-0003  6.617038E-0003  8.118722E-0003  4.872657E-0003  6.313588E-0003  7.945906E-0003  7.131871E-0003  6.622001E-0003  5.830888E-0003
  1.433847E-0003  2.561171E-0003  0.000000E+0000  1.683380E-0003  2.551821E-0003  4.416495E-0003  1.974686E-0003  2.757961E-0003  1.632743E-0003  1.718024E-0003  1.469314E-0003
  6.107406E-0004  6.617038E-0003  1.683380E-0003  0.000000E+0000  4.707983E-0003  1.333887E-0002  4.110611E-0003  8.467241E-0003  2.022055E-0003  6.840034E-0003  5.063607E-0003
  3.926208E-0003  8.118722E-0003  2.551821E-0003  4.707983E-0003  0.000000E+0000  1.666907E-0002  7.564269E-0003  9.413778E-0003  8.059632E-0003  1.296906E-0002  1.203328E-0002
  1.142624E-0002  4.872657E-0003  4.416495E-0003  1.333887E-0002  1.666907E-0002  0.000000E+0000  1.110449E-0002  1.609541E-0002  1.534359E-0002  1.399785E-0002  1.362976E-0002
  3.852080E-0003  6.313588E-0003  1.974686E-0003  4.110611E-0003  7.564269E-0003  1.110449E-0002  0.000000E+0000  7.292832E-0003  6.318016E-0003  9.431761E-0003  8.522549E-0003
  7.343029E-0003  7.945906E-0003  2.757961E-0003  8.467241E-0003  9.413778E-0003  1.609541E-0002  7.292832E-0003  0.000000E+0000  8.225602E-0003  1.265865E-0002  1.124450E-0002
  1.615209E-0003  7.131871E-0003  1.632743E-0003  2.022055E-0003  8.059632E-0003  1.534359E-0002  6.318016E-0003  8.225602E-0003  0.000000E+0000  1.125658E-0002  8.371563E-0003
  5.110093E-0003  6.622001E-0003  1.718024E-0003  6.840034E-0003  1.296906E-0002  1.399785E-0002  9.431761E-0003  1.265865E-0002  1.125658E-0002  0.000000E+0000  4.384714E-0003
  3.886695E-0003  5.830888E-0003  1.469314E-0003  5.063607E-0003  1.203328E-0002  1.362976E-0002  8.522549E-0003  1.124450E-0002  8.371563E-0003  4.384714E-0003  0.000000E+0000

  0.000000E+0000  1.677975E-0003  2.515503E-0004  3.380747E-0004  2.051859E-0003  7.172818E-0003  3.097266E-0003  1.536655E-0003  5.279583E-0004  1.801585E-0003  1.230014E-0003
  1.677975E-0003  0.000000E+0000  9.441244E-0004  1.866307E-0003  2.674770E-0003  1.305920E-0003  2.623917E-0003  2.600100E-0003  2.364909E-0003  1.850305E-0003  1.731302E-0003
  2.515503E-0004  9.441244E-0004  0.000000E+0000  2.076602E-0004  5.372134E-0004  3.192890E-0003  7.384011E-0004  4.551969E-0004  3.196092E-0004  9.177701E-0004  6.025147E-0004
  3.380747E-0004  1.866307E-0003  2.076602E-0004  0.000000E+0000  2.956402E-0003  8.717280E-0003  3.687868E-0003  1.851630E-0003  3.538633E-0004  1.513917E-0003  7.211613E-0004
  2.051859E-0003  2.674770E-0003  5.372134E-0004  2.956402E-0003  0.000000E+0000  1.124331E-0002  4.510357E-0003  2.914645E-0003  2.317759E-0003  5.240096E-0003  4.945768E-0003
  7.172818E-0003  1.305920E-0003  3.192890E-0003  8.717280E-0003  1.124331E-0002  0.000000E+0000  8.464072E-0003  1.112985E-0002  9.253214E-0003  8.829111E-0003  7.622398E-0003
  3.097266E-0003  2.623917E-0003  7.384011E-0004  3.687868E-0003  4.510357E-0003  8.464072E-0003  0.000000E+0000  2.295740E-0003  3.738685E-0003  5.378344E-0003  5.222545E-0003
  1.536655E-0003  2.600100E-0003  4.551969E-0004  1.851630E-0003  2.914645E-0003  1.112985E-0002  2.295740E-0003  0.000000E+0000  1.442421E-0003  4.984750E-0003  4.565651E-0003
  5.279583E-0004  2.364909E-0003  3.196092E-0004  3.538633E-0004  2.317759E-0003  9.253214E-0003  3.738685E-0003  1.442421E-0003  0.000000E+0000  5.347883E-0003  3.773274E-0003
  1.801585E-0003  1.850305E-0003  9.177701E-0004  1.513917E-0003  5.240096E-0003  8.829111E-0003  5.378344E-0003  4.984750E-0003  5.347883E-0003  0.000000E+0000  9.936187E-0004
  1.230014E-0003  1.731302E-0003  6.025147E-0004  7.211613E-0004  4.945768E-0003  7.622398E-0003  5.222545E-0003  4.565651E-0003  3.773274E-0003  9.936187E-0004  0.000000E+0000

  0.000000E+0000  3.833860E-0003  7.340634E-0004  3.709989E-0004  2.981206E-0003  1.536984E-0002  2.461706E-0003  3.777858E-0003  9.836801E-0004  3.230442E-0003  2.084827E-0003
  3.833860E-0003  0.000000E+0000  1.884232E-0003  4.389717E-0003  6.555234E-0003  2.027320E-0003  5.338170E-0003  6.258802E-0003  5.151549E-0003  4.391213E-0003  3.858068E-0003
  7.340634E-0004  1.884232E-0003  0.000000E+0000  8.807507E-0004  1.765908E-0003  6.233245E-0003  1.459455E-0003  1.525314E-0003  8.749518E-0004  1.329553E-0003  8.923266E-0004
  3.709989E-0004  4.389717E-0003  8.807507E-0004  0.000000E+0000  3.528414E-0003  1.797059E-0002  2.494675E-0003  4.416644E-0003  1.133630E-0003  3.719043E-0003  2.139530E-0003
  2.981206E-0003  6.555234E-0003  1.765908E-0003  3.528414E-0003  0.000000E+0000  2.895887E-0002  6.817437E-0003  6.869457E-0003  5.654157E-0003  1.321164E-0002  1.231925E-0002
  1.536984E-0002  2.027320E-0003  6.233245E-0003  1.797059E-0002  2.895887E-0002  0.000000E+0000  1.790225E-0002  2.752333E-0002  2.559210E-0002  1.989249E-0002  2.107329E-0002
  2.461706E-0003  5.338170E-0003  1.459455E-0003  2.494675E-0003  6.817437E-0003  1.790225E-0002  0.000000E+0000  4.541858E-0003  5.142628E-0003  1.050006E-0002  8.672534E-0003
  3.777858E-0003  6.258802E-0003  1.525314E-0003  4.416644E-0003  6.869457E-0003  2.752333E-0002  4.541858E-0003  0.000000E+0000  4.020610E-0003  1.254905E-0002  1.101471E-0002
  9.836801E-0004  5.151549E-0003  8.749518E-0004  1.133630E-0003  5.654157E-0003  2.559210E-0002  5.142628E-0003  4.020610E-0003  0.000000E+0000  1.207623E-0002  5.697944E-0003
  3.230442E-0003  4.391213E-0003  1.329553E-0003  3.719043E-0003  1.321164E-0002  1.989249E-0002  1.050006E-0002  1.254905E-0002  1.207623E-0002  0.000000E+0000  2.144686E-0003
  2.084827E-0003  3.858068E-0003  8.923266E-0004  2.139530E-0003  1.231925E-0002  2.107329E-0002  8.672534E-0003  1.101471E-0002  5.697944E-0003  2.144686E-0003  0.000000E+0000

  0.000000E+0000  1.556241E-0004  1.940174E-0004  3.457302E-0004  3.234326E-0004  1.652803E-0003  9.030193E-0004  6.254957E-0004  6.249486E-0004  6.369844E-0004  9.039633E-0004
  1.556241E-0004  0.000000E+0000  2.879751E-0005  1.960280E-0004  1.499369E-0004  3.941224E-0004  1.290168E-0004  1.696254E-0004  1.020750E-0004  1.995428E-0004  2.873403E-0004
  1.940174E-0004  2.879751E-0005  0.000000E+0000  2.868598E-0004  1.117876E-0004  8.401819E-0004  2.017545E-0004  2.978354E-0004  4.207151E-0005  3.858268E-0004  6.161231E-0004
  3.457302E-0004  1.960280E-0004  2.868598E-0004  0.000000E+0000  6.979959E-0004  1.942505E-0003  1.247762E-0003  9.356586E-0004  9.345314E-0004  7.125866E-0004  9.108776E-0004
  3.234326E-0004  1.499369E-0004  1.117876E-0004  6.979959E-0004  0.000000E+0000  2.352442E-0003  9.273222E-0004  6.659665E-0004  8.313147E-0004  1.035324E-0003  1.622315E-0003
  1.652803E-0003  3.941224E-0004  8.401819E-0004  1.942505E-0003  2.352442E-0003  0.000000E+0000  1.836023E-0003  2.338387E-0003  1.966862E-0003  1.974275E-0003  1.563830E-0003
  9.030193E-0004  1.290168E-0004  2.017545E-0004  1.247762E-0003  9.273222E-0004  1.836023E-0003  0.000000E+0000  9.626764E-0004  5.792795E-0004  1.222845E-0003  1.501508E-0003
  6.254957E-0004  1.696254E-0004  2.978354E-0004  9.356586E-0004  6.659665E-0004  2.338387E-0003  9.626764E-0004  0.000000E+0000  5.648098E-0004  1.046352E-0003  1.527293E-0003
  6.249486E-0004  1.020750E-0004  4.207151E-0005  9.345314E-0004  8.313147E-0004  1.966862E-0003  5.792795E-0004  5.648098E-0004  0.000000E+0000  1.140418E-0003  1.230898E-0003
  6.369844E-0004  1.995428E-0004  3.858268E-0004  7.125866E-0004  1.035324E-0003  1.974275E-0003  1.222845E-0003  1.046352E-0003  1.140418E-0003  0.000000E+0000  8.501915E-0004
  9.039633E-0004  2.873403E-0004  6.161231E-0004  9.108776E-0004  1.622315E-0003  1.563830E-0003  1.501508E-0003  1.527293E-0003  1.230898E-0003  8.501915E-0004  0.000000E+0000

  0.000000E+0000  1.184471E-0003  4.116762E-0004  1.431632E-0004  4.566487E-0004  1.251491E-0003  5.439399E-0004  1.497211E-0003  4.273912E-0004  1.194171E-0003  1.034092E-0003
  1.184471E-0003  0.000000E+0000  2.162034E-0004  1.400591E-0003  1.294145E-0003  1.258294E-0003  9.792800E-0004  1.456674E-0003  9.825409E-0004  1.427806E-0003  1.121158E-0003
  4.116762E-0004  2.162034E-0004  0.000000E+0000  4.862901E-0004  4.444932E-0004  3.951857E-0004  3.245096E-0004  4.036498E-0004  3.299531E-0004  4.843723E-0004  3.515233E-0004
  1.431632E-0004  1.400591E-0003  4.862901E-0004  0.000000E+0000  5.127055E-0004  1.612190E-0003  7.459996E-0004  1.786057E-0003  5.492860E-0004  1.620620E-0003  1.293189E-0003
  4.566487E-0004  1.294145E-0003  4.444932E-0004  5.127055E-0004  0.000000E+0000  1.380802E-0003  8.427901E-0004  1.657710E-0003  1.133517E-0003  1.645968E-0003  1.614833E-0003
  1.251491E-0003  1.258294E-0003  3.951857E-0004  1.612190E-0003  1.380802E-0003  0.000000E+0000  1.078723E-0003  2.074005E-0003  7.435631E-0004  1.688826E-0003  1.461442E-0003
  5.439399E-0004  9.792800E-0004  3.245096E-0004  7.459996E-0004  8.427901E-0004  1.078723E-0003  0.000000E+0000  1.569325E-0003  3.127036E-0004  6.052677E-0004  6.079412E-0004
  1.497211E-0003  1.456674E-0003  4.036498E-0004  1.786057E-0003  1.657710E-0003  2.074005E-0003  1.569325E-0003  0.000000E+0000  1.318188E-0003  2.250397E-0003  2.108868E-0003
  4.273912E-0004  9.825409E-0004  3.299531E-0004  5.492860E-0004  1.133517E-0003  7.435631E-0004  3.127036E-0004  1.318188E-0003  0.000000E+0000  8.307835E-0004  1.170493E-0003
  1.194171E-0003  1.427806E-0003  4.843723E-0004  1.620620E-0003  1.645968E-0003  1.688826E-0003  6.052677E-0004  2.250397E-0003  8.307835E-0004  0.000000E+0000  1.220416E-0003
  1.034092E-0003  1.121158E-0003  3.515233E-0004  1.293189E-0003  1.614833E-0003  1.461442E-0003  6.079412E-0004  2.108868E-0003  1.170493E-0003  1.220416E-0003  0.000000E+0000
