6661999 = Ignore first line (new format code)
File name: E:\Folders\PhD\ISAD\ISAD_Curry_data\ISAD_EEGs\eLORETA\EEGs_128Hz_200sec-window\Clinical_v_Healthy\T1_healthy_all\H23-ROIlinLagConn-crss.txt
1 = Number of time frames in Time X Frequency decomposition
3 = Number of EEG files
11 = Number Electrodes
25600 = Number of time frames in EEG files
32768 = Number of time frames in EEG files power of 2
7 = Number of matrices
5 = Band type (1=Classical1; 2=Classical2; 3=DiscreteFreqs; 4=AllDiscreteFreqs; 5=UserDefinedBands)
 1.280000E+0002 = Sampling rate Hz
-1.000000E+0002 = Freq1 Hz
-1.000000E+0002 = Freq2 Hz
 3.906250E-0003 = Frequency resolution Hz

  0.000000E+0000  1.911473E-0004  5.345840E-0004  2.655508E-0003  2.362511E-0003  4.602722E-0003  3.243274E-0003  9.094127E-0004  1.072158E-0002  5.213203E-0003  9.447604E-0003
  1.911473E-0004  0.000000E+0000  1.431820E-0004  1.156189E-0003  6.369956E-0004  1.403320E-0003  1.004095E-0003  3.614055E-0004  2.306187E-0003  1.088596E-0003  2.298323E-0003
  5.345840E-0004  1.431820E-0004  0.000000E+0000  1.439348E-0003  1.264480E-0003  4.229543E-0003  3.342051E-0004  3.727550E-0004  9.821578E-0004  5.051652E-0003  5.087600E-0003
  2.655508E-0003  1.156189E-0003  1.439348E-0003  0.000000E+0000  1.002411E-0002  2.988229E-0001  1.923491E-0002  5.133860E-0003  5.119959E-0002  3.602525E-0001  5.699542E-0002
  2.362511E-0003  6.369956E-0004  1.264480E-0003  1.002411E-0002  0.000000E+0000  2.436342E-0002  5.352573E-0003  2.551879E-0003  1.496794E-0002  2.915361E-0002  2.490757E-0002
  4.602722E-0003  1.403320E-0003  4.229543E-0003  2.988229E-0001  2.436342E-0002  0.000000E+0000  4.802995E-0002  7.061415E-0003  6.175578E-0002  2.496995E-0001  5.135483E-0002
  3.243274E-0003  1.004095E-0003  3.342051E-0004  1.923491E-0002  5.352573E-0003  4.802995E-0002  0.000000E+0000  6.190300E-0003  1.796861E-0002  5.680471E-0002  3.108801E-0002
  9.094127E-0004  3.614055E-0004  3.727550E-0004  5.133860E-0003  2.551879E-0003  7.061415E-0003  6.190300E-0003  0.000000E+0000  6.359298E-0003  6.179975E-0003  1.473841E-0002
  1.072158E-0002  2.306187E-0003  9.821578E-0004  5.119959E-0002  1.496794E-0002  6.175578E-0002  1.796861E-0002  6.359298E-0003  0.000000E+0000  6.752828E-0002  3.877918E-0002
  5.213203E-0003  1.088596E-0003  5.051652E-0003  3.602525E-0001  2.915361E-0002  2.496995E-0001  5.680471E-0002  6.179975E-0003  6.752828E-0002  0.000000E+0000  5.609286E-0002
  9.447604E-0003  2.298323E-0003  5.087600E-0003  5.699542E-0002  2.490757E-0002  5.135483E-0002  3.108801E-0002  1.473841E-0002  3.877918E-0002  5.609286E-0002  0.000000E+0000

  0.000000E+0000  7.982058E-0004  1.566925E-0003  8.690118E-0003  5.896858E-0003  1.367842E-0002  4.143926E-0003  2.233662E-0003  2.171656E-0002  1.582404E-0002  1.232918E-0002
  7.982058E-0004  0.000000E+0000  4.182601E-0004  3.877145E-0003  1.915625E-0003  4.919555E-0003  3.330059E-0003  2.030267E-0004  3.929994E-0003  3.986504E-0003  3.830788E-0003
  1.566925E-0003  4.182601E-0004  0.000000E+0000  7.139612E-0003  2.360765E-0003  1.152783E-0002  1.963828E-0003  1.143425E-0003  4.222434E-0003  1.258767E-0002  4.653105E-0003
  8.690118E-0003  3.877145E-0003  7.139612E-0003  0.000000E+0000  3.344018E-0002  1.071123E-0001  2.899789E-0002  1.339950E-0002  1.048323E-0001  1.360360E-0001  5.827409E-0002
  5.896858E-0003  1.915625E-0003  2.360765E-0003  3.344018E-0002  0.000000E+0000  6.205849E-0002  5.486058E-0003  9.540847E-0003  2.678701E-0002  7.067628E-0002  2.535336E-0002
  1.367842E-0002  4.919555E-0003  1.152783E-0002  1.071123E-0001  6.205849E-0002  0.000000E+0000  5.941828E-0002  1.258858E-0002  1.128168E-0001  1.095508E-0001  5.240735E-0002
  4.143926E-0003  3.330059E-0003  1.963828E-0003  2.899789E-0002  5.486058E-0003  5.941828E-0002  0.000000E+0000  1.247048E-0002  4.012698E-0002  7.241057E-0002  3.659672E-0002
  2.233662E-0003  2.030267E-0004  1.143425E-0003  1.339950E-0002  9.540847E-0003  1.258858E-0002  1.247048E-0002  0.000000E+0000  1.081103E-0002  1.269048E-0002  1.023762E-0002
  2.171656E-0002  3.929994E-0003  4.222434E-0003  1.048323E-0001  2.678701E-0002  1.128168E-0001  4.012698E-0002  1.081103E-0002  0.000000E+0000  1.184735E-0001  7.315196E-0002
  1.582404E-0002  3.986504E-0003  1.258767E-0002  1.360360E-0001  7.067628E-0002  1.095508E-0001  7.241057E-0002  1.269048E-0002  1.184735E-0001  0.000000E+0000  5.758608E-0002
  1.232918E-0002  3.830788E-0003  4.653105E-0003  5.827409E-0002  2.535336E-0002  5.240735E-0002  3.659672E-0002  1.023762E-0002  7.315196E-0002  5.758608E-0002  0.000000E+0000

  0.000000E+0000  3.799382E-0004  9.335258E-0004  4.629110E-0003  2.820499E-0003  3.275071E-0003  4.378818E-0003  1.234532E-0003  1.447763E-0003  3.754879E-0003  3.745611E-0003
  3.799382E-0004  0.000000E+0000  7.085844E-0004  2.445665E-0003  1.335693E-0003  1.298334E-0003  1.375586E-0003  2.124281E-0005  1.402621E-0003  2.379105E-0003  1.077703E-0003
  9.335258E-0004  7.085844E-0004  0.000000E+0000  6.949123E-0003  1.743721E-0003  6.303582E-0003  1.472637E-0003  1.730878E-0003  8.040995E-0004  7.648353E-0003  1.706258E-0003
  4.629110E-0003  2.445665E-0003  6.949123E-0003  0.000000E+0000  1.462909E-0002  2.808675E-0002  1.698227E-0002  6.238136E-0003  1.636987E-0002  2.885371E-0002  3.393185E-0002
  2.820499E-0003  1.335693E-0003  1.743721E-0003  1.462909E-0002  0.000000E+0000  1.302575E-0002  6.573852E-0003  5.736594E-0003  3.992642E-0003  1.599219E-0002  5.290046E-0003
  3.275071E-0003  1.298334E-0003  6.303582E-0003  2.808675E-0002  1.302575E-0002  0.000000E+0000  1.609567E-0002  3.432786E-0003  1.160703E-0002  2.536656E-0002  2.590928E-0002
  4.378818E-0003  1.375586E-0003  1.472637E-0003  1.698227E-0002  6.573852E-0003  1.609567E-0002  0.000000E+0000  6.098588E-0003  2.295033E-0003  1.806468E-0002  8.496275E-0003
  1.234532E-0003  2.124281E-0005  1.730878E-0003  6.238136E-0003  5.736594E-0003  3.432786E-0003  6.098588E-0003  0.000000E+0000  4.819974E-0003  5.668218E-0003  4.554577E-0003
  1.447763E-0003  1.402621E-0003  8.040995E-0004  1.636987E-0002  3.992642E-0003  1.160703E-0002  2.295033E-0003  4.819974E-0003  0.000000E+0000  1.702640E-0002  6.168684E-0003
  3.754879E-0003  2.379105E-0003  7.648353E-0003  2.885371E-0002  1.599219E-0002  2.536656E-0002  1.806468E-0002  5.668218E-0003  1.702640E-0002  0.000000E+0000  3.472018E-0002
  3.745611E-0003  1.077703E-0003  1.706258E-0003  3.393185E-0002  5.290046E-0003  2.590928E-0002  8.496275E-0003  4.554577E-0003  6.168684E-0003  3.472018E-0002  0.000000E+0000

  0.000000E+0000  7.244910E-0005  1.657859E-0004  5.439936E-0003  5.418305E-0004  6.191311E-0003  1.470372E-0003  6.095007E-0004  8.918686E-0004  3.813330E-0003  2.578458E-0003
  7.244910E-0005  0.000000E+0000  2.048737E-0004  2.169465E-0003  3.503292E-0004  6.993259E-0004  3.820272E-0004  9.786106E-0005  3.120413E-0004  1.906948E-0003  3.834419E-0004
  1.657859E-0004  2.048737E-0004  0.000000E+0000  1.298983E-0003  1.425143E-0003  2.136851E-0003  1.311931E-0003  3.227662E-0004  9.309555E-0005  1.266126E-0003  1.652071E-0003
  5.439936E-0003  2.169465E-0003  1.298983E-0003  0.000000E+0000  1.366732E-0002  2.482154E-0002  1.071285E-0002  1.487818E-0002  7.595855E-0004  2.299383E-0002  2.210697E-0002
  5.418305E-0004  3.503292E-0004  1.425143E-0003  1.366732E-0002  0.000000E+0000  8.793338E-0003  2.139295E-0003  1.332279E-0003  2.884239E-0003  1.185580E-0002  4.501189E-0003
  6.191311E-0003  6.993259E-0004  2.136851E-0003  2.482154E-0002  8.793338E-0003  0.000000E+0000  7.521030E-0003  8.349995E-0003  5.814416E-0003  1.953306E-0002  1.239500E-0002
  1.470372E-0003  3.820272E-0004  1.311931E-0003  1.071285E-0002  2.139295E-0003  7.521030E-0003  0.000000E+0000  2.867920E-0003  2.741214E-0003  1.087483E-0002  2.661174E-0003
  6.095007E-0004  9.786106E-0005  3.227662E-0004  1.487818E-0002  1.332279E-0003  8.349995E-0003  2.867920E-0003  0.000000E+0000  9.398526E-0004  1.311776E-0002  4.045243E-0003
  8.918686E-0004  3.120413E-0004  9.309555E-0005  7.595855E-0004  2.884239E-0003  5.814416E-0003  2.741214E-0003  9.398526E-0004  0.000000E+0000  1.224304E-0003  3.127298E-0003
  3.813330E-0003  1.906948E-0003  1.266126E-0003  2.299383E-0002  1.185580E-0002  1.953306E-0002  1.087483E-0002  1.311776E-0002  1.224304E-0003  0.000000E+0000  2.039631E-0002
  2.578458E-0003  3.834419E-0004  1.652071E-0003  2.210697E-0002  4.501189E-0003  1.239500E-0002  2.661174E-0003  4.045243E-0003  3.127298E-0003  2.039631E-0002  0.000000E+0000

  0.000000E+0000  2.782888E-0004  1.902956E-0004  4.319246E-0002  2.089357E-0003  1.383615E-0002  3.627137E-0003  1.189031E-0003  1.448723E-0003  3.208054E-0002  3.763208E-0003
  2.782888E-0004  0.000000E+0000  1.308025E-0004  2.671575E-0002  1.734870E-0003  8.076907E-0003  1.308800E-0003  1.407698E-0003  2.005268E-0003  1.932534E-0002  2.417174E-0003
  1.902956E-0004  1.308025E-0004  0.000000E+0000  1.988713E-0002  1.045169E-0003  4.356602E-0003  8.598090E-0004  8.480790E-0004  3.079989E-0004  1.463836E-0002  1.692987E-0003
  4.319246E-0002  2.671575E-0002  1.988713E-0002  0.000000E+0000  6.059185E-0002  2.434006E-0001  1.004263E-0001  6.588201E-0002  1.565652E-0001  2.489714E-0001  2.352852E-0001
  2.089357E-0003  1.734870E-0003  1.045169E-0003  6.059185E-0002  0.000000E+0000  4.129660E-0002  7.534724E-0003  5.114256E-0003  7.265395E-0003  4.996226E-0002  1.303891E-0002
  1.383615E-0002  8.076907E-0003  4.356602E-0003  2.434006E-0001  4.129660E-0002  0.000000E+0000  3.686874E-0002  1.819375E-0002  3.666806E-0002  1.500997E-0001  6.325796E-0002
  3.627137E-0003  1.308800E-0003  8.598090E-0004  1.004263E-0001  7.534724E-0003  3.686874E-0002  0.000000E+0000  3.071506E-0003  4.846970E-0003  7.240795E-0002  7.349542E-0003
  1.189031E-0003  1.407698E-0003  8.480790E-0004  6.588201E-0002  5.114256E-0003  1.819375E-0002  3.071506E-0003  0.000000E+0000  2.944790E-0003  5.113673E-0002  3.522280E-0003
  1.448723E-0003  2.005268E-0003  3.079989E-0004  1.565652E-0001  7.265395E-0003  3.666806E-0002  4.846970E-0003  2.944790E-0003  0.000000E+0000  1.173539E-0001  7.073880E-0003
  3.208054E-0002  1.932534E-0002  1.463836E-0002  2.489714E-0001  4.996226E-0002  1.500997E-0001  7.240795E-0002  5.113673E-0002  1.173539E-0001  0.000000E+0000  1.453803E-0001
  3.763208E-0003  2.417174E-0003  1.692987E-0003  2.352852E-0001  1.303891E-0002  6.325796E-0002  7.349542E-0003  3.522280E-0003  7.073880E-0003  1.453803E-0001  0.000000E+0000

  0.000000E+0000  1.931719E-0004  7.732344E-0005  2.951294E-0003  5.036323E-0004  1.030273E-0003  3.933712E-0004  6.414380E-0004  1.113526E-0004  2.217125E-0003  5.407038E-0004
  1.931719E-0004  0.000000E+0000  1.780213E-0004  9.446564E-0004  4.978850E-0004  1.192950E-0003  8.059363E-0004  2.166678E-0004  5.706121E-0004  1.259240E-0003  1.366282E-0003
  7.732344E-0005  1.780213E-0004  0.000000E+0000  1.880037E-0003  2.758496E-0004  9.008792E-0004  1.632105E-0004  2.411582E-0004  1.860241E-0004  1.898876E-0003  4.204089E-0004
  2.951294E-0003  9.446564E-0004  1.880037E-0003  0.000000E+0000  3.904802E-0003  1.178456E-0002  3.836864E-0003  1.775855E-0003  5.270272E-0003  1.302601E-0002  1.333222E-0002
  5.036323E-0004  4.978850E-0004  2.758496E-0004  3.904802E-0003  0.000000E+0000  1.485938E-0003  1.242766E-0003  9.187382E-0004  1.345523E-0003  2.538359E-0003  1.334164E-0003
  1.030273E-0003  1.192950E-0003  9.008792E-0004  1.178456E-0002  1.485938E-0003  0.000000E+0000  2.366934E-0003  1.485591E-0003  2.347137E-0003  1.110423E-0002  7.511592E-0003
  3.933712E-0004  8.059363E-0004  1.632105E-0004  3.836864E-0003  1.242766E-0003  2.366934E-0003  0.000000E+0000  1.492962E-0003  1.380430E-0003  3.965728E-0003  7.211008E-0004
  6.414380E-0004  2.166678E-0004  2.411582E-0004  1.775855E-0003  9.187382E-0004  1.485591E-0003  1.492962E-0003  0.000000E+0000  1.680247E-0003  1.231032E-0003  1.574629E-0003
  1.113526E-0004  5.706121E-0004  1.860241E-0004  5.270272E-0003  1.345523E-0003  2.347137E-0003  1.380430E-0003  1.680247E-0003  0.000000E+0000  5.433427E-0003  1.265040E-0003
  2.217125E-0003  1.259240E-0003  1.898876E-0003  1.302601E-0002  2.538359E-0003  1.110423E-0002  3.965728E-0003  1.231032E-0003  5.433427E-0003  0.000000E+0000  1.247543E-0002
  5.407038E-0004  1.366282E-0003  4.204089E-0004  1.333222E-0002  1.334164E-0003  7.511592E-0003  7.211008E-0004  1.574629E-0003  1.265040E-0003  1.247543E-0002  0.000000E+0000

  0.000000E+0000  1.140786E-0004  4.581671E-0005  4.774001E-0005  1.556488E-0004  1.284399E-0004  1.953213E-0004  1.412564E-0004  5.034548E-0005  1.754088E-0005  2.058254E-0004
  1.140786E-0004  0.000000E+0000  3.951199E-0005  2.078825E-0004  1.914188E-0004  3.773214E-0004  9.442421E-0005  1.756811E-0004  1.104593E-0004  1.051118E-0004  1.994379E-0004
  4.581671E-0005  3.951199E-0005  0.000000E+0000  2.794169E-0004  1.456562E-0004  6.466208E-0004  2.668964E-0004  2.231175E-0004  4.490752E-0005  1.295510E-0004  3.629451E-0004
  4.774001E-0005  2.078825E-0004  2.794169E-0004  0.000000E+0000  3.780423E-0004  1.973562E-0004  2.469532E-0004  1.373103E-0004  4.062052E-0004  3.807821E-0004  5.252557E-0004
  1.556488E-0004  1.914188E-0004  1.456562E-0004  3.780423E-0004  0.000000E+0000  1.090778E-0003  3.893119E-0004  3.209093E-0004  3.024190E-0004  1.521937E-0004  6.210798E-0004
  1.284399E-0004  3.773214E-0004  6.466208E-0004  1.973562E-0004  1.090778E-0003  0.000000E+0000  1.078152E-0003  2.198607E-0004  1.051973E-0003  2.720741E-0004  1.322017E-0003
  1.953213E-0004  9.442421E-0005  2.668964E-0004  2.469532E-0004  3.893119E-0004  1.078152E-0003  0.000000E+0000  1.964013E-0004  7.493877E-0004  3.211435E-0004  5.837417E-0004
  1.412564E-0004  1.756811E-0004  2.231175E-0004  1.373103E-0004  3.209093E-0004  2.198607E-0004  1.964013E-0004  0.000000E+0000  3.950264E-0004  1.963121E-0004  4.947653E-0004
  5.034548E-0005  1.104593E-0004  4.490752E-0005  4.062052E-0004  3.024190E-0004  1.051973E-0003  7.493877E-0004  3.950264E-0004  0.000000E+0000  1.873158E-0004  6.807568E-0004
  1.754088E-0005  1.051118E-0004  1.295510E-0004  3.807821E-0004  1.521937E-0004  2.720741E-0004  3.211435E-0004  1.963121E-0004  1.873158E-0004  0.000000E+0000  4.742492E-0004
  2.058254E-0004  1.994379E-0004  3.629451E-0004  5.252557E-0004  6.210798E-0004  1.322017E-0003  5.837417E-0004  4.947653E-0004  6.807568E-0004  4.742492E-0004  0.000000E+0000
