6661999 = Ignore first line (new format code)
File name: E:\Folders\PhD\ISAD\ISAD_Curry_data\ISAD_EEGs\eLORETA\EEGs_128Hz_200sec-window\Clinical_v_Healthy\T1_healthy_all\H26-ROIlinLagConn-crss.txt
1 = Number of time frames in Time X Frequency decomposition
2 = Number of EEG files
11 = Number Electrodes
25600 = Number of time frames in EEG files
32768 = Number of time frames in EEG files power of 2
7 = Number of matrices
5 = Band type (1=Classical1; 2=Classical2; 3=DiscreteFreqs; 4=AllDiscreteFreqs; 5=UserDefinedBands)
 1.280000E+0002 = Sampling rate Hz
-1.000000E+0002 = Freq1 Hz
-1.000000E+0002 = Freq2 Hz
 3.906250E-0003 = Frequency resolution Hz

  0.000000E+0000  2.970924E-0002  2.944665E-0002  7.180936E-0002  5.094341E-0002  6.034486E-0002  4.077142E-0002  6.512110E-0002  5.810418E-0002  7.032715E-0002  6.540064E-0002
  2.970924E-0002  0.000000E+0000  1.920392E-0002  3.041530E-0002  2.392976E-0002  2.920550E-0002  2.153021E-0002  2.632028E-0002  2.272410E-0002  3.524554E-0002  3.023320E-0002
  2.944665E-0002  1.920392E-0002  0.000000E+0000  6.085450E-0002  3.154804E-0002  4.093023E-0002  3.810341E-0002  5.543755E-0002  2.857655E-0003  5.701477E-0002  5.442555E-0002
  7.180936E-0002  3.041530E-0002  6.085450E-0002  0.000000E+0000  6.499725E-0002  7.198075E-0002  2.237094E-0002  7.184383E-0002  7.538355E-0002  6.647305E-0002  4.071322E-0002
  5.094341E-0002  2.392976E-0002  3.154804E-0002  6.499725E-0002  0.000000E+0000  4.806672E-0002  4.523583E-0002  6.187280E-0002  4.057922E-0002  5.943248E-0002  5.373328E-0002
  6.034486E-0002  2.920550E-0002  4.093023E-0002  7.198075E-0002  4.806672E-0002  0.000000E+0000  4.767327E-0002  6.596456E-0002  5.838875E-0002  7.180452E-0002  6.499953E-0002
  4.077142E-0002  2.153021E-0002  3.810341E-0002  2.237094E-0002  4.523583E-0002  4.767327E-0002  0.000000E+0000  4.847353E-0002  4.890354E-0002  4.012011E-0002  2.725708E-0002
  6.512110E-0002  2.632028E-0002  5.543755E-0002  7.184383E-0002  6.187280E-0002  6.596456E-0002  4.847353E-0002  0.000000E+0000  6.963836E-0002  6.798794E-0002  6.230657E-0002
  5.810418E-0002  2.272410E-0002  2.857655E-0003  7.538355E-0002  4.057922E-0002  5.838875E-0002  4.890354E-0002  6.963836E-0002  0.000000E+0000  7.290523E-0002  6.757517E-0002
  7.032715E-0002  3.524554E-0002  5.701477E-0002  6.647305E-0002  5.943248E-0002  7.180452E-0002  4.012011E-0002  6.798794E-0002  7.290523E-0002  0.000000E+0000  5.931684E-0002
  6.540064E-0002  3.023320E-0002  5.442555E-0002  4.071322E-0002  5.373328E-0002  6.499953E-0002  2.725708E-0002  6.230657E-0002  6.757517E-0002  5.931684E-0002  0.000000E+0000

  0.000000E+0000  2.024425E-0003  1.475533E-0003  4.338013E-0002  2.263576E-0002  2.160851E-0002  2.106780E-0002  2.530470E-0002  2.030712E-0002  3.931736E-0002  4.428480E-0002
  2.024425E-0003  0.000000E+0000  1.327595E-0003  2.311424E-0002  1.286939E-0002  1.020959E-0002  9.791122E-0003  1.233976E-0002  3.186106E-0003  2.398376E-0002  2.601565E-0002
  1.475533E-0003  1.327595E-0003  0.000000E+0000  2.300061E-0002  1.189102E-0002  1.292820E-0002  1.239152E-0002  1.324993E-0002  4.030371E-0003  2.305955E-0002  2.431832E-0002
  4.338013E-0002  2.311424E-0002  2.300061E-0002  0.000000E+0000  2.501738E-0002  5.017216E-0002  7.368151E-0003  3.868597E-0002  3.875631E-0002  5.142911E-0002  4.537485E-0002
  2.263576E-0002  1.286939E-0002  1.189102E-0002  2.501738E-0002  0.000000E+0000  2.361631E-0002  1.364549E-0002  2.544080E-0002  1.672687E-0002  2.655533E-0002  1.602642E-0002
  2.160851E-0002  1.020959E-0002  1.292820E-0002  5.017216E-0002  2.361631E-0002  0.000000E+0000  2.516806E-0002  3.481307E-0002  1.847106E-0002  4.428285E-0002  4.804070E-0002
  2.106780E-0002  9.791122E-0003  1.239152E-0002  7.368151E-0003  1.364549E-0002  2.516806E-0002  0.000000E+0000  2.174430E-0002  2.306115E-0002  1.815329E-0002  1.781403E-0002
  2.530470E-0002  1.233976E-0002  1.324993E-0002  3.868597E-0002  2.544080E-0002  3.481307E-0002  2.174430E-0002  0.000000E+0000  2.922100E-0002  3.978236E-0002  4.230647E-0002
  2.030712E-0002  3.186106E-0003  4.030371E-0003  3.875631E-0002  1.672687E-0002  1.847106E-0002  2.306115E-0002  2.922100E-0002  0.000000E+0000  3.604695E-0002  3.607288E-0002
  3.931736E-0002  2.398376E-0002  2.305955E-0002  5.142911E-0002  2.655533E-0002  4.428285E-0002  1.815329E-0002  3.978236E-0002  3.604695E-0002  0.000000E+0000  5.150585E-0002
  4.428480E-0002  2.601565E-0002  2.431832E-0002  4.537485E-0002  1.602642E-0002  4.804070E-0002  1.781403E-0002  4.230647E-0002  3.607288E-0002  5.150585E-0002  0.000000E+0000

  0.000000E+0000  1.007598E-0002  9.072348E-0003  9.779849E-0002  4.529562E-0002  6.447729E-0002  4.411720E-0002  7.606620E-0002  5.685406E-0002  9.562580E-0002  8.393016E-0002
  1.007598E-0002  0.000000E+0000  7.018786E-0003  4.110390E-0002  2.503053E-0002  2.794287E-0002  1.807890E-0002  2.642356E-0002  7.891096E-0003  5.350487E-0002  4.174552E-0002
  9.072348E-0003  7.018786E-0003  0.000000E+0000  8.626758E-0002  3.714291E-0002  4.819020E-0002  3.932761E-0002  6.127763E-0002  9.653062E-0003  8.560318E-0002  7.770836E-0002
  9.779849E-0002  4.110390E-0002  8.626758E-0002  0.000000E+0000  9.877218E-0002  9.952863E-0002  2.773058E-0002  1.049391E-0001  1.045812E-0001  8.805313E-0002  4.963949E-0002
  4.529562E-0002  2.503053E-0002  3.714291E-0002  9.877218E-0002  0.000000E+0000  5.315126E-0002  5.528175E-0002  7.283334E-0002  4.067597E-0002  9.120342E-0002  8.765680E-0002
  6.447729E-0002  2.794287E-0002  4.819020E-0002  9.952863E-0002  5.315126E-0002  0.000000E+0000  6.110510E-0002  8.210803E-0002  5.367327E-0002  9.468058E-0002  8.646374E-0002
  4.411720E-0002  1.807890E-0002  3.932761E-0002  2.773058E-0002  5.528175E-0002  6.110510E-0002  0.000000E+0000  5.837887E-0002  5.700493E-0002  6.615411E-0002  3.804390E-0002
  7.606620E-0002  2.642356E-0002  6.127763E-0002  1.049391E-0001  7.283334E-0002  8.210803E-0002  5.837887E-0002  0.000000E+0000  8.648714E-0002  9.747026E-0002  9.095957E-0002
  5.685406E-0002  7.891096E-0003  9.653062E-0003  1.045812E-0001  4.067597E-0002  5.367327E-0002  5.700493E-0002  8.648714E-0002  0.000000E+0000  9.857848E-0002  8.981858E-0002
  9.562580E-0002  5.350487E-0002  8.560318E-0002  8.805313E-0002  9.120342E-0002  9.468058E-0002  6.615411E-0002  9.747026E-0002  9.857848E-0002  0.000000E+0000  7.148241E-0002
  8.393016E-0002  4.174552E-0002  7.770836E-0002  4.963949E-0002  8.765680E-0002  8.646374E-0002  3.804390E-0002  9.095957E-0002  8.981858E-0002  7.148241E-0002  0.000000E+0000

  0.000000E+0000  1.106778E-0002  1.029387E-0002  8.451761E-0002  3.753536E-0002  5.961889E-0002  3.738960E-0002  6.887121E-0002  5.344322E-0002  8.482879E-0002  7.069083E-0002
  1.106778E-0002  0.000000E+0000  7.918354E-0003  3.031044E-0002  2.144464E-0002  2.814488E-0002  1.907406E-0002  2.377724E-0002  7.880421E-0003  4.570818E-0002  3.139868E-0002
  1.029387E-0002  7.918354E-0003  0.000000E+0000  7.873742E-0002  3.494126E-0002  4.823336E-0002  3.559504E-0002  5.837025E-0002  8.318122E-0003  8.158009E-0002  7.095625E-0002
  8.451761E-0002  3.031044E-0002  7.873742E-0002  0.000000E+0000  9.887119E-0002  8.979852E-0002  2.740067E-0002  9.963315E-0002  9.318677E-0002  8.509101E-0002  3.676983E-0002
  3.753536E-0002  2.144464E-0002  3.494126E-0002  9.887119E-0002  0.000000E+0000  5.481051E-0002  5.691888E-0002  7.469272E-0002  3.703521E-0002  9.314710E-0002  8.989653E-0002
  5.961889E-0002  2.814488E-0002  4.823336E-0002  8.979852E-0002  5.481051E-0002  0.000000E+0000  6.057150E-0002  7.564423E-0002  5.110762E-0002  8.523373E-0002  7.968955E-0002
  3.738960E-0002  1.907406E-0002  3.559504E-0002  2.740067E-0002  5.691888E-0002  6.057150E-0002  0.000000E+0000  5.663409E-0002  5.154229E-0002  6.372128E-0002  3.322950E-0002
  6.887121E-0002  2.377724E-0002  5.837025E-0002  9.963315E-0002  7.469272E-0002  7.564423E-0002  5.663409E-0002  0.000000E+0000  7.961038E-0002  9.329020E-0002  8.716154E-0002
  5.344322E-0002  7.880421E-0003  8.318122E-0003  9.318677E-0002  3.703521E-0002  5.110762E-0002  5.154229E-0002  7.961038E-0002  0.000000E+0000  8.870350E-0002  7.981870E-0002
  8.482879E-0002  4.570818E-0002  8.158009E-0002  8.509101E-0002  9.314710E-0002  8.523373E-0002  6.372128E-0002  9.329020E-0002  8.870350E-0002  0.000000E+0000  8.009157E-0002
  7.069083E-0002  3.139868E-0002  7.095625E-0002  3.676983E-0002  8.989653E-0002  7.968955E-0002  3.322950E-0002  8.716154E-0002  7.981870E-0002  8.009157E-0002  0.000000E+0000

  0.000000E+0000  2.075911E-0002  2.474234E-0002  2.624118E-0002  5.716441E-0002  2.225994E-0002  4.080138E-0002  1.887701E-0002  5.482627E-0004  3.219719E-0002  4.662172E-0002
  2.075911E-0002  0.000000E+0000  1.915601E-0002  8.122759E-0002  6.080388E-0002  3.751696E-0002  6.859247E-0002  5.082803E-0002  3.366702E-0003  8.684823E-0002  9.925085E-0002
  2.474234E-0002  1.915601E-0002  0.000000E+0000  3.133096E-0002  2.209279E-0002  2.372617E-0002  1.230408E-0002  3.222886E-0002  3.700197E-0003  3.463104E-0002  2.279695E-0002
  2.624118E-0002  8.122759E-0002  3.133096E-0002  0.000000E+0000  1.035617E-0001  4.804754E-0002  7.879716E-0002  1.110687E-0001  3.068517E-0003  1.456801E-0001  1.316055E-0001
  5.716441E-0002  6.080388E-0002  2.209279E-0002  1.035617E-0001  0.000000E+0000  7.590643E-0002  7.781015E-0002  9.542334E-0002  9.527388E-0003  1.109178E-0001  9.690277E-0002
  2.225994E-0002  3.751696E-0002  2.372617E-0002  4.804754E-0002  7.590643E-0002  0.000000E+0000  5.743623E-0002  2.427070E-0002  2.775954E-0003  9.006216E-0002  8.068854E-0002
  4.080138E-0002  6.859247E-0002  1.230408E-0002  7.879716E-0002  7.781015E-0002  5.743623E-0002  0.000000E+0000  8.542004E-0002  6.340072E-0003  1.181623E-0001  6.821579E-0002
  1.887701E-0002  5.082803E-0002  3.222886E-0002  1.110687E-0001  9.542334E-0002  2.427070E-0002  8.542004E-0002  0.000000E+0000  5.143901E-0003  9.097677E-0002  1.481926E-0001
  5.482627E-0004  3.366702E-0003  3.700197E-0003  3.068517E-0003  9.527388E-0003  2.775954E-0003  6.340072E-0003  5.143901E-0003  0.000000E+0000  5.147484E-0003  5.173217E-0003
  3.219719E-0002  8.684823E-0002  3.463104E-0002  1.456801E-0001  1.109178E-0001  9.006216E-0002  1.181623E-0001  9.097677E-0002  5.147484E-0003  0.000000E+0000  1.768996E-0001
  4.662172E-0002  9.925085E-0002  2.279695E-0002  1.316055E-0001  9.690277E-0002  8.068854E-0002  6.821579E-0002  1.481926E-0001  5.173217E-0003  1.768996E-0001  0.000000E+0000

  0.000000E+0000  5.975922E-0003  6.327395E-0003  8.264281E-0003  1.238158E-0002  9.258240E-0003  3.872649E-0003  1.215457E-0002  7.967719E-0003  1.263699E-0002  7.920110E-0003
  5.975922E-0003  0.000000E+0000  5.233262E-0003  1.695871E-0002  1.022803E-0002  5.367195E-0003  1.363406E-0002  1.196312E-0002  2.442789E-0003  1.763207E-0002  1.913734E-0002
  6.327395E-0003  5.233262E-0003  0.000000E+0000  1.798151E-0002  1.017237E-0002  1.555574E-0002  1.033209E-0002  1.612547E-0002  1.302711E-0003  1.880571E-0002  1.649568E-0002
  8.264281E-0003  1.695871E-0002  1.798151E-0002  0.000000E+0000  3.288071E-0002  1.973514E-0002  1.506544E-0002  2.361497E-0002  1.073541E-0002  3.545385E-0002  6.868400E-0003
  1.238158E-0002  1.022803E-0002  1.017237E-0002  3.288071E-0002  0.000000E+0000  2.538450E-0002  2.562933E-0002  2.484618E-0002  6.230567E-0003  3.389322E-0002  3.383985E-0002
  9.258240E-0003  5.367195E-0003  1.555574E-0002  1.973514E-0002  2.538450E-0002  0.000000E+0000  1.956736E-0002  1.680822E-0002  8.580171E-0003  1.862922E-0002  2.732993E-0002
  3.872649E-0003  1.363406E-0002  1.033209E-0002  1.506544E-0002  2.562933E-0002  1.956736E-0002  0.000000E+0000  1.798857E-0002  7.460230E-0003  2.890152E-0002  1.622616E-0002
  1.215457E-0002  1.196312E-0002  1.612547E-0002  2.361497E-0002  2.484618E-0002  1.680822E-0002  1.798857E-0002  0.000000E+0000  1.050123E-0002  2.502598E-0002  2.216093E-0002
  7.967719E-0003  2.442789E-0003  1.302711E-0003  1.073541E-0002  6.230567E-0003  8.580171E-0003  7.460230E-0003  1.050123E-0002  0.000000E+0000  1.072324E-0002  9.582297E-0003
  1.263699E-0002  1.763207E-0002  1.880571E-0002  3.545385E-0002  3.389322E-0002  1.862922E-0002  2.890152E-0002  2.502598E-0002  1.072324E-0002  0.000000E+0000  4.012870E-0002
  7.920110E-0003  1.913734E-0002  1.649568E-0002  6.868400E-0003  3.383985E-0002  2.732993E-0002  1.622616E-0002  2.216093E-0002  9.582297E-0003  4.012870E-0002  0.000000E+0000

  0.000000E+0000  2.945244E-0003  2.845035E-0003  1.837118E-0002  9.550136E-0003  1.375024E-0002  9.272572E-0003  1.560889E-0002  1.323226E-0002  1.917031E-0002  1.532799E-0002
  2.945244E-0003  0.000000E+0000  2.514793E-0003  8.857327E-0003  4.757045E-0003  7.065456E-0003  6.421980E-0003  6.326130E-0003  2.343279E-0003  1.003075E-0002  9.910218E-0003
  2.845035E-0003  2.514793E-0003  0.000000E+0000  2.029596E-0002  1.140476E-0002  1.569526E-0002  1.067025E-0002  1.428048E-0002  3.024334E-0003  2.251059E-0002  1.908919E-0002
  1.837118E-0002  8.857327E-0003  2.029596E-0002  0.000000E+0000  2.824648E-0002  2.224391E-0002  7.968412E-0003  2.752350E-0002  2.194994E-0002  2.340476E-0002  5.310557E-0003
  9.550136E-0003  4.757045E-0003  1.140476E-0002  2.824648E-0002  0.000000E+0000  2.026099E-0002  1.947961E-0002  1.880803E-0002  1.076777E-0002  2.971931E-0002  3.006884E-0002
  1.375024E-0002  7.065456E-0003  1.569526E-0002  2.224391E-0002  2.026099E-0002  0.000000E+0000  1.888665E-0002  1.728273E-0002  1.295539E-0002  2.182950E-0002  2.350648E-0002
  9.272572E-0003  6.421980E-0003  1.067025E-0002  7.968412E-0003  1.947961E-0002  1.888665E-0002  0.000000E+0000  1.874918E-0002  1.429068E-0002  1.820099E-0002  9.851079E-0003
  1.560889E-0002  6.326130E-0003  1.428048E-0002  2.752350E-0002  1.880803E-0002  1.728273E-0002  1.874918E-0002  0.000000E+0000  1.818061E-0002  2.696318E-0002  2.637983E-0002
  1.323226E-0002  2.343279E-0003  3.024334E-0003  2.194994E-0002  1.076777E-0002  1.295539E-0002  1.429068E-0002  1.818061E-0002  0.000000E+0000  2.115683E-0002  1.947535E-0002
  1.917031E-0002  1.003075E-0002  2.251059E-0002  2.340476E-0002  2.971931E-0002  2.182950E-0002  1.820099E-0002  2.696318E-0002  2.115683E-0002  0.000000E+0000  2.645193E-0002
  1.532799E-0002  9.910218E-0003  1.908919E-0002  5.310557E-0003  3.006884E-0002  2.350648E-0002  9.851079E-0003  2.637983E-0002  1.947535E-0002  2.645193E-0002  0.000000E+0000
