6661999 = Ignore first line (new format code)
File name: E:\Folders\PhD\ISAD\ISAD_Curry_data\ISAD_EEGs\eLORETA\EEGs_128Hz_200sec-window\Clinical_v_Healthy\T1_healthy_all\H30-ROIlinLagConn-crss.txt
1 = Number of time frames in Time X Frequency decomposition
3 = Number of EEG files
11 = Number Electrodes
25600 = Number of time frames in EEG files
32768 = Number of time frames in EEG files power of 2
7 = Number of matrices
5 = Band type (1=Classical1; 2=Classical2; 3=DiscreteFreqs; 4=AllDiscreteFreqs; 5=UserDefinedBands)
 1.280000E+0002 = Sampling rate Hz
-1.000000E+0002 = Freq1 Hz
-1.000000E+0002 = Freq2 Hz
 3.906250E-0003 = Frequency resolution Hz

  0.000000E+0000  2.038535E-0003  3.202127E-0002  4.498124E-0002  5.019194E-0002  8.563028E-0002  6.335655E-0002  3.930597E-0002  5.108927E-0002  7.563462E-0002  6.673419E-0002
  2.038535E-0003  0.000000E+0000  2.131781E-0003  2.344303E-0003  1.883710E-0003  5.909321E-0003  4.862976E-0003  3.190352E-0003  2.886551E-0003  4.656436E-0003  5.611187E-0003
  3.202127E-0002  2.131781E-0003  0.000000E+0000  1.274095E-0002  2.086662E-0002  2.217806E-0002  1.087351E-0002  2.311567E-0002  2.950655E-0002  4.655027E-0003  1.712729E-0002
  4.498124E-0002  2.344303E-0003  1.274095E-0002  0.000000E+0000  3.636756E-0002  5.891402E-0002  3.824484E-0002  5.577122E-0002  4.888000E-0002  6.849415E-0002  6.049148E-0002
  5.019194E-0002  1.883710E-0003  2.086662E-0002  3.636756E-0002  0.000000E+0000  7.064760E-0002  7.725757E-0002  3.972207E-0002  6.093026E-0002  5.739284E-0002  8.475927E-0002
  8.563028E-0002  5.909321E-0003  2.217806E-0002  5.891402E-0002  7.064760E-0002  0.000000E+0000  5.488658E-0002  9.164207E-0002  9.682339E-0002  6.306560E-0002  1.023281E-0001
  6.335655E-0002  4.862976E-0003  1.087351E-0002  3.824484E-0002  7.725757E-0002  5.488658E-0002  0.000000E+0000  1.046440E-0001  6.921457E-0002  2.883542E-0002  9.070581E-0002
  3.930597E-0002  3.190352E-0003  2.311567E-0002  5.577122E-0002  3.972207E-0002  9.164207E-0002  1.046440E-0001  0.000000E+0000  7.268021E-0002  7.721468E-0002  1.236688E-0001
  5.108927E-0002  2.886551E-0003  2.950655E-0002  4.888000E-0002  6.093026E-0002  9.682339E-0002  6.921457E-0002  7.268021E-0002  0.000000E+0000  7.273224E-0002  8.696691E-0002
  7.563462E-0002  4.656436E-0003  4.655027E-0003  6.849415E-0002  5.739284E-0002  6.306560E-0002  2.883542E-0002  7.721468E-0002  7.273224E-0002  0.000000E+0000  9.069751E-0002
  6.673419E-0002  5.611187E-0003  1.712729E-0002  6.049148E-0002  8.475927E-0002  1.023281E-0001  9.070581E-0002  1.236688E-0001  8.696691E-0002  9.069751E-0002  0.000000E+0000

  0.000000E+0000  7.944573E-0004  1.624669E-0003  8.859846E-0003  2.565501E-0003  1.225620E-0002  7.375774E-0003  2.948707E-0003  3.187504E-0003  8.274825E-0003  1.376171E-0002
  7.944573E-0004  0.000000E+0000  1.239492E-0003  3.483674E-0003  1.835056E-0003  3.901649E-0003  2.766749E-0003  1.724047E-0003  2.239734E-0003  4.074332E-0003  5.346081E-0003
  1.624669E-0003  1.239492E-0003  0.000000E+0000  3.258411E-0003  3.139555E-0003  2.775367E-0003  2.463123E-0003  3.733511E-0003  2.323055E-0003  3.409216E-0003  3.697840E-0003
  8.859846E-0003  3.483674E-0003  3.258411E-0003  0.000000E+0000  1.942675E-0002  1.703777E-0002  6.849458E-0003  2.754525E-0002  1.188950E-0002  1.425850E-0002  1.156853E-0002
  2.565501E-0003  1.835056E-0003  3.139555E-0003  1.942675E-0002  0.000000E+0000  3.026805E-0002  1.458372E-0002  8.831993E-0003  6.653675E-0003  1.590849E-0002  2.896182E-0002
  1.225620E-0002  3.901649E-0003  2.775367E-0003  1.703777E-0002  3.026805E-0002  0.000000E+0000  4.136682E-0003  3.150562E-0002  2.013989E-0002  1.491894E-0002  1.809592E-0002
  7.375774E-0003  2.766749E-0003  2.463123E-0003  6.849458E-0003  1.458372E-0002  4.136682E-0003  0.000000E+0000  1.795376E-0002  1.219513E-0002  4.218944E-0003  8.674577E-0003
  2.948707E-0003  1.724047E-0003  3.733511E-0003  2.754525E-0002  8.831993E-0003  3.150562E-0002  1.795376E-0002  0.000000E+0000  6.608125E-0003  2.254934E-0002  3.218588E-0002
  3.187504E-0003  2.239734E-0003  2.323055E-0003  1.188950E-0002  6.653675E-0003  2.013989E-0002  1.219513E-0002  6.608125E-0003  0.000000E+0000  1.094721E-0002  2.097385E-0002
  8.274825E-0003  4.074332E-0003  3.409216E-0003  1.425850E-0002  1.590849E-0002  1.491894E-0002  4.218944E-0003  2.254934E-0002  1.094721E-0002  0.000000E+0000  1.769316E-0002
  1.376171E-0002  5.346081E-0003  3.697840E-0003  1.156853E-0002  2.896182E-0002  1.809592E-0002  8.674577E-0003  3.218588E-0002  2.097385E-0002  1.769316E-0002  0.000000E+0000

  0.000000E+0000  2.432828E-0004  2.290798E-0004  1.717586E-0003  3.445289E-0004  2.327921E-0003  1.277897E-0003  4.657680E-0004  3.567369E-0004  1.434115E-0003  2.214628E-0003
  2.432828E-0004  0.000000E+0000  1.873586E-0004  4.217002E-0004  1.870631E-0004  9.589213E-0004  6.808619E-0004  2.350997E-0004  2.305554E-0004  6.256231E-0004  7.715792E-0004
  2.290798E-0004  1.873586E-0004  0.000000E+0000  2.637166E-0003  6.534431E-0004  1.361210E-0003  1.033037E-0003  4.702708E-0004  1.975270E-0004  5.698905E-0004  9.758588E-0004
  1.717586E-0003  4.217002E-0004  2.637166E-0003  0.000000E+0000  4.743401E-0003  9.577274E-0003  5.070461E-0003  1.808243E-0003  4.829111E-0003  8.722347E-0003  6.675328E-0003
  3.445289E-0004  1.870631E-0004  6.534431E-0004  4.743401E-0003  0.000000E+0000  4.467011E-0003  2.508908E-0003  1.355876E-0003  1.174176E-0003  3.149291E-0003  2.667915E-0003
  2.327921E-0003  9.589213E-0004  1.361210E-0003  9.577274E-0003  4.467011E-0003  0.000000E+0000  1.823945E-0003  1.245652E-0003  3.453413E-0003  6.675646E-0003  6.815827E-0003
  1.277897E-0003  6.808619E-0004  1.033037E-0003  5.070461E-0003  2.508908E-0003  1.823945E-0003  0.000000E+0000  1.072721E-0003  2.354264E-0003  4.520452E-0003  4.258600E-0003
  4.657680E-0004  2.350997E-0004  4.702708E-0004  1.808243E-0003  1.355876E-0003  1.245652E-0003  1.072721E-0003  0.000000E+0000  1.033957E-0003  1.375487E-0003  1.620699E-0003
  3.567369E-0004  2.305554E-0004  1.975270E-0004  4.829111E-0003  1.174176E-0003  3.453413E-0003  2.354264E-0003  1.033957E-0003  0.000000E+0000  8.545117E-0004  2.528061E-0003
  1.434115E-0003  6.256231E-0004  5.698905E-0004  8.722347E-0003  3.149291E-0003  6.675646E-0003  4.520452E-0003  1.375487E-0003  8.545117E-0004  0.000000E+0000  7.284168E-0003
  2.214628E-0003  7.715792E-0004  9.758588E-0004  6.675328E-0003  2.667915E-0003  6.815827E-0003  4.258600E-0003  1.620699E-0003  2.528061E-0003  7.284168E-0003  0.000000E+0000

  0.000000E+0000  1.162095E-0004  2.051247E-0004  4.206437E-0004  3.909558E-0004  3.765442E-0004  2.057796E-0004  3.531526E-0004  4.818151E-0004  4.674390E-0004  4.123201E-0004
  1.162095E-0004  0.000000E+0000  1.302049E-0004  1.630047E-0004  2.407436E-0004  1.564328E-0004  8.072457E-0005  1.234876E-0004  3.344048E-0004  1.424744E-0004  1.195639E-0004
  2.051247E-0004  1.302049E-0004  0.000000E+0000  4.220649E-0004  4.821691E-0004  3.076286E-0004  2.494638E-0004  3.859721E-0004  3.813115E-0004  3.265842E-0004  3.891845E-0004
  4.206437E-0004  1.630047E-0004  4.220649E-0004  0.000000E+0000  1.216623E-0003  6.807085E-0004  3.347385E-0004  9.029190E-0004  1.460630E-0003  7.258330E-0004  4.368862E-0004
  3.909558E-0004  2.407436E-0004  4.821691E-0004  1.216623E-0003  0.000000E+0000  9.765732E-0004  5.521091E-0004  7.625742E-0004  1.174653E-0003  1.362041E-0003  1.243779E-0003
  3.765442E-0004  1.564328E-0004  3.076286E-0004  6.807085E-0004  9.765732E-0004  0.000000E+0000  3.562668E-0004  6.647164E-0004  1.032128E-0003  6.140143E-0004  8.776690E-0004
  2.057796E-0004  8.072457E-0005  2.494638E-0004  3.347385E-0004  5.521091E-0004  3.562668E-0004  0.000000E+0000  2.889721E-0004  7.504249E-0004  3.205824E-0004  3.309783E-0004
  3.531526E-0004  1.234876E-0004  3.859721E-0004  9.029190E-0004  7.625742E-0004  6.647164E-0004  2.889721E-0004  0.000000E+0000  9.529344E-0004  9.007914E-0004  9.054189E-0004
  4.818151E-0004  3.344048E-0004  3.813115E-0004  1.460630E-0003  1.174653E-0003  1.032128E-0003  7.504249E-0004  9.529344E-0004  0.000000E+0000  1.457143E-0003  1.260192E-0003
  4.674390E-0004  1.424744E-0004  3.265842E-0004  7.258330E-0004  1.362041E-0003  6.140143E-0004  3.205824E-0004  9.007914E-0004  1.457143E-0003  0.000000E+0000  5.803416E-0004
  4.123201E-0004  1.195639E-0004  3.891845E-0004  4.368862E-0004  1.243779E-0003  8.776690E-0004  3.309783E-0004  9.054189E-0004  1.260192E-0003  5.803416E-0004  0.000000E+0000

  0.000000E+0000  4.332444E-0004  1.743684E-0003  1.073855E-0002  4.673923E-0003  2.501765E-0002  1.247300E-0002  4.016854E-0003  3.531664E-0003  9.563107E-0003  1.729234E-0002
  4.332444E-0004  0.000000E+0000  3.433831E-0004  6.272532E-0003  7.067921E-0004  1.905627E-0002  8.450074E-0003  3.381957E-0004  9.373499E-0004  6.171973E-0003  1.279861E-0002
  1.743684E-0003  3.433831E-0004  0.000000E+0000  9.138215E-0003  1.673873E-0003  1.968473E-0002  1.034973E-0002  2.446713E-0003  1.799027E-0003  6.800514E-0003  1.470839E-0002
  1.073855E-0002  6.272532E-0003  9.138215E-0003  0.000000E+0000  2.703185E-0002  5.140921E-0002  3.320144E-0002  2.780426E-0002  1.813620E-0002  4.754520E-0002  5.271795E-0002
  4.673923E-0003  7.067921E-0004  1.673873E-0003  2.703185E-0002  0.000000E+0000  4.834118E-0002  2.644041E-0002  1.821166E-0002  8.410229E-0003  2.502139E-0002  3.260551E-0002
  2.501765E-0002  1.905627E-0002  1.968473E-0002  5.140921E-0002  4.834118E-0002  0.000000E+0000  1.480763E-0002  5.293005E-0002  2.767010E-0002  4.738092E-0002  4.857222E-0002
  1.247300E-0002  8.450074E-0003  1.034973E-0002  3.320144E-0002  2.644041E-0002  1.480763E-0002  0.000000E+0000  3.343818E-0002  1.700547E-0002  2.531811E-0002  2.862693E-0002
  4.016854E-0003  3.381957E-0004  2.446713E-0003  2.780426E-0002  1.821166E-0002  5.293005E-0002  3.343818E-0002  0.000000E+0000  1.287636E-0002  3.015986E-0002  4.325315E-0002
  3.531664E-0003  9.373499E-0004  1.799027E-0003  1.813620E-0002  8.410229E-0003  2.767010E-0002  1.700547E-0002  1.287636E-0002  0.000000E+0000  1.155906E-0002  2.117029E-0002
  9.563107E-0003  6.171973E-0003  6.800514E-0003  4.754520E-0002  2.502139E-0002  4.738092E-0002  2.531811E-0002  3.015986E-0002  1.155906E-0002  0.000000E+0000  4.091321E-0002
  1.729234E-0002  1.279861E-0002  1.470839E-0002  5.271795E-0002  3.260551E-0002  4.857222E-0002  2.862693E-0002  4.325315E-0002  2.117029E-0002  4.091321E-0002  0.000000E+0000

  0.000000E+0000  5.248404E-0006  1.084199E-0004  1.471342E-0003  1.740815E-0004  1.975700E-0003  1.210009E-0003  2.748083E-0004  2.089070E-0004  4.329582E-0004  1.410598E-0003
  5.248404E-0006  0.000000E+0000  1.486609E-0005  8.245200E-0004  7.132754E-0005  1.151925E-0003  6.868801E-0004  4.468072E-0005  2.754080E-0005  2.047370E-0004  8.280281E-0004
  1.084199E-0004  1.486609E-0005  0.000000E+0000  1.332803E-0003  1.543763E-0004  1.562958E-0003  9.955304E-0004  1.904883E-0004  9.810170E-0005  2.991404E-0004  1.238010E-0003
  1.471342E-0003  8.245200E-0004  1.332803E-0003  0.000000E+0000  3.256020E-0003  6.353948E-0003  4.448983E-0003  3.131960E-0003  2.677887E-0003  5.755072E-0003  6.370104E-0003
  1.740815E-0004  7.132754E-0005  1.543763E-0004  3.256020E-0003  0.000000E+0000  4.171040E-0003  2.324255E-0003  1.341307E-0003  3.910749E-0004  2.384644E-0003  2.793507E-0003
  1.975700E-0003  1.151925E-0003  1.562958E-0003  6.353948E-0003  4.171040E-0003  0.000000E+0000  2.160678E-0003  5.546349E-0003  3.015874E-0003  5.617596E-0003  6.235369E-0003
  1.210009E-0003  6.868801E-0004  9.955304E-0004  4.448983E-0003  2.324255E-0003  2.160678E-0003  0.000000E+0000  2.757501E-0003  1.950747E-0003  2.499544E-0003  2.844539E-0003
  2.748083E-0004  4.468072E-0005  1.904883E-0004  3.131960E-0003  1.341307E-0003  5.546349E-0003  2.757501E-0003  0.000000E+0000  8.462548E-0004  1.784613E-0003  3.790937E-0003
  2.089070E-0004  2.754080E-0005  9.810170E-0005  2.677887E-0003  3.910749E-0004  3.015874E-0003  1.950747E-0003  8.462548E-0004  0.000000E+0000  7.331128E-0004  2.217961E-0003
  4.329582E-0004  2.047370E-0004  2.991404E-0004  5.755072E-0003  2.384644E-0003  5.617596E-0003  2.499544E-0003  1.784613E-0003  7.331128E-0004  0.000000E+0000  4.622735E-0003
  1.410598E-0003  8.280281E-0004  1.238010E-0003  6.370104E-0003  2.793507E-0003  6.235369E-0003  2.844539E-0003  3.790937E-0003  2.217961E-0003  4.622735E-0003  0.000000E+0000

  0.000000E+0000  2.889907E-0004  8.095163E-0004  2.671470E-0003  2.109558E-0003  2.021948E-0003  1.333047E-0003  1.103138E-0003  1.301625E-0003  2.527956E-0003  2.566748E-0003
  2.889907E-0004  0.000000E+0000  1.258409E-0004  6.683700E-0004  3.541988E-0004  2.369353E-0004  2.917262E-0004  3.793715E-0004  4.731706E-0004  2.550633E-0004  4.069115E-0004
  8.095163E-0004  1.258409E-0004  0.000000E+0000  8.288836E-0004  9.422532E-0004  7.545446E-0004  3.452030E-0004  1.125333E-0003  9.090154E-0004  3.977696E-0004  8.207523E-0004
  2.671470E-0003  6.683700E-0004  8.288836E-0004  0.000000E+0000  4.722410E-0003  7.220905E-0004  8.878520E-0004  4.390911E-0003  3.438409E-0003  3.731176E-0004  1.634894E-0003
  2.109558E-0003  3.541988E-0004  9.422532E-0004  4.722410E-0003  0.000000E+0000  2.779277E-0003  1.639675E-0003  3.078205E-0003  2.887045E-0003  3.078990E-0003  4.003352E-0003
  2.021948E-0003  2.369353E-0004  7.545446E-0004  7.220905E-0004  2.779277E-0003  0.000000E+0000  6.932823E-0004  2.452435E-0003  2.325298E-0003  5.975712E-0004  1.546164E-0003
  1.333047E-0003  2.917262E-0004  3.452030E-0004  8.878520E-0004  1.639675E-0003  6.932823E-0004  0.000000E+0000  1.681331E-0003  1.070558E-0003  1.190659E-0003  5.249078E-0004
  1.103138E-0003  3.793715E-0004  1.125333E-0003  4.390911E-0003  3.078205E-0003  2.452435E-0003  1.681331E-0003  0.000000E+0000  3.272912E-0003  2.502430E-0003  3.382249E-0003
  1.301625E-0003  4.731706E-0004  9.090154E-0004  3.438409E-0003  2.887045E-0003  2.325298E-0003  1.070558E-0003  3.272912E-0003  0.000000E+0000  2.599726E-0003  3.288448E-0003
  2.527956E-0003  2.550633E-0004  3.977696E-0004  3.731176E-0004  3.078990E-0003  5.975712E-0004  1.190659E-0003  2.502430E-0003  2.599726E-0003  0.000000E+0000  2.643593E-0003
  2.566748E-0003  4.069115E-0004  8.207523E-0004  1.634894E-0003  4.003352E-0003  1.546164E-0003  5.249078E-0004  3.382249E-0003  3.288448E-0003  2.643593E-0003  0.000000E+0000
