6661999 = Ignore first line (new format code)
File name: E:\Folders\PhD\ISAD\ISAD_Curry_data\ISAD_EEGs\eLORETA\EEGs_128Hz_200sec-window\Clinical_v_Healthy\T1_healthy_all\H32-ROIlinLagConn-crss.txt
1 = Number of time frames in Time X Frequency decomposition
2 = Number of EEG files
11 = Number Electrodes
25600 = Number of time frames in EEG files
32768 = Number of time frames in EEG files power of 2
7 = Number of matrices
5 = Band type (1=Classical1; 2=Classical2; 3=DiscreteFreqs; 4=AllDiscreteFreqs; 5=UserDefinedBands)
 1.280000E+0002 = Sampling rate Hz
-1.000000E+0002 = Freq1 Hz
-1.000000E+0002 = Freq2 Hz
 3.906250E-0003 = Frequency resolution Hz

  0.000000E+0000  2.445297E-0002  4.568955E-0003  6.896325E-0002  4.290408E-0002  3.596426E-0002  6.405756E-0002  5.579475E-0002  2.186291E-0002  4.721235E-0002  9.224733E-0002
  2.445297E-0002  0.000000E+0000  2.921070E-0003  2.575191E-0002  1.019524E-0001  2.872184E-0002  4.081477E-0002  5.107157E-0002  7.747710E-0003  4.526322E-0002  5.586812E-0002
  4.568955E-0003  2.921070E-0003  0.000000E+0000  1.384206E-0002  1.208871E-0002  5.220325E-0003  8.962780E-0003  3.868920E-0003  4.840601E-0003  9.431861E-0003  1.540912E-0002
  6.896325E-0002  2.575191E-0002  1.384206E-0002  0.000000E+0000  1.209405E-0001  7.871664E-0002  1.047581E-0001  1.633962E-0001  8.553910E-0002  7.429834E-0002  9.825543E-0002
  4.290408E-0002  1.019524E-0001  1.208871E-0002  1.209405E-0001  0.000000E+0000  7.373212E-0002  8.561859E-0002  1.381173E-0001  6.675716E-0002  6.122391E-0002  1.193412E-0001
  3.596426E-0002  2.872184E-0002  5.220325E-0003  7.871664E-0002  7.373212E-0002  0.000000E+0000  8.153015E-0002  1.192952E-0001  4.358613E-0002  1.112858E-0001  9.756096E-0002
  6.405756E-0002  4.081477E-0002  8.962780E-0003  1.047581E-0001  8.561859E-0002  8.153015E-0002  0.000000E+0000  6.951588E-0002  5.486297E-0002  3.060089E-0002  4.728065E-0002
  5.579475E-0002  5.107157E-0002  3.868920E-0003  1.633962E-0001  1.381173E-0001  1.192952E-0001  6.951588E-0002  0.000000E+0000  6.945477E-0002  7.450365E-0002  9.699107E-0002
  2.186291E-0002  7.747710E-0003  4.840601E-0003  8.553910E-0002  6.675716E-0002  4.358613E-0002  5.486297E-0002  6.945477E-0002  0.000000E+0000  6.539501E-0002  7.455852E-0002
  4.721235E-0002  4.526322E-0002  9.431861E-0003  7.429834E-0002  6.122391E-0002  1.112858E-0001  3.060089E-0002  7.450365E-0002  6.539501E-0002  0.000000E+0000  5.139059E-0002
  9.224733E-0002  5.586812E-0002  1.540912E-0002  9.825543E-0002  1.193412E-0001  9.756096E-0002  4.728065E-0002  9.699107E-0002  7.455852E-0002  5.139059E-0002  0.000000E+0000

  0.000000E+0000  1.413233E-0003  1.425164E-0004  7.734874E-0003  2.662786E-0003  2.571872E-0003  3.995245E-0003  5.419386E-0004  3.106531E-0004  3.967064E-0003  1.066296E-0002
  1.413233E-0003  0.000000E+0000  6.397672E-0004  3.126841E-0003  2.767023E-0003  1.981973E-0003  2.002410E-0003  1.867417E-0003  1.805477E-0003  3.392729E-0003  5.979727E-0003
  1.425164E-0004  6.397672E-0004  0.000000E+0000  2.651203E-0003  1.078115E-0003  7.207364E-0004  1.431119E-0003  7.293015E-0005  5.287388E-0005  1.194599E-0003  3.858475E-0003
  7.734874E-0003  3.126841E-0003  2.651203E-0003  0.000000E+0000  1.168088E-0002  4.232574E-0003  2.833158E-0003  8.873703E-0003  9.179168E-0003  8.911972E-0003  6.594736E-0003
  2.662786E-0003  2.767023E-0003  1.078115E-0003  1.168088E-0002  0.000000E+0000  6.463272E-0003  4.957096E-0003  1.377401E-0002  3.154259E-0003  7.636827E-0003  1.408036E-0002
  2.571872E-0003  1.981973E-0003  7.207364E-0004  4.232574E-0003  6.463272E-0003  0.000000E+0000  3.369738E-0003  2.587070E-0003  2.768349E-0003  5.075876E-0003  7.745682E-0003
  3.995245E-0003  2.002410E-0003  1.431119E-0003  2.833158E-0003  4.957096E-0003  3.369738E-0003  0.000000E+0000  5.035505E-0003  4.792939E-0003  2.891286E-0003  6.577477E-0003
  5.419386E-0004  1.867417E-0003  7.293015E-0005  8.873703E-0003  1.377401E-0002  2.587070E-0003  5.035505E-0003  0.000000E+0000  2.163325E-0003  6.865275E-0003  1.510696E-0002
  3.106531E-0004  1.805477E-0003  5.287388E-0005  9.179168E-0003  3.154259E-0003  2.768349E-0003  4.792939E-0003  2.163325E-0003  0.000000E+0000  4.207440E-0003  1.307109E-0002
  3.967064E-0003  3.392729E-0003  1.194599E-0003  8.911972E-0003  7.636827E-0003  5.075876E-0003  2.891286E-0003  6.865275E-0003  4.207440E-0003  0.000000E+0000  9.550892E-0003
  1.066296E-0002  5.979727E-0003  3.858475E-0003  6.594736E-0003  1.408036E-0002  7.745682E-0003  6.577477E-0003  1.510696E-0002  1.307109E-0002  9.550892E-0003  0.000000E+0000

  0.000000E+0000  8.429864E-0004  2.667973E-0004  2.590306E-0003  2.405750E-0003  1.240897E-0003  2.296708E-0004  1.381317E-0003  1.558150E-0003  9.765277E-0004  3.774775E-0004
  8.429864E-0004  0.000000E+0000  1.505842E-0004  4.274457E-0003  2.329006E-0003  3.819407E-0003  7.557893E-0004  1.059051E-0003  3.191162E-0004  9.213688E-0003  1.465837E-0003
  2.667973E-0004  1.505842E-0004  0.000000E+0000  1.175738E-0003  2.682190E-0004  5.832778E-0004  1.254093E-0005  2.612985E-0004  2.369659E-0004  1.135569E-0003  5.995336E-0005
  2.590306E-0003  4.274457E-0003  1.175738E-0003  0.000000E+0000  7.485306E-0003  4.402086E-0003  1.575979E-0003  7.121068E-0003  7.955078E-0003  2.077710E-0003  2.583243E-0003
  2.405750E-0003  2.329006E-0003  2.682190E-0004  7.485306E-0003  0.000000E+0000  6.446382E-0003  2.117197E-0004  2.767238E-0003  1.152260E-0003  9.701350E-0003  6.802210E-0004
  1.240897E-0003  3.819407E-0003  5.832778E-0004  4.402086E-0003  6.446382E-0003  0.000000E+0000  8.356808E-0004  3.858386E-0003  4.960530E-0003  6.023297E-0003  1.382311E-0003
  2.296708E-0004  7.557893E-0004  1.254093E-0005  1.575979E-0003  2.117197E-0004  8.356808E-0004  0.000000E+0000  4.323566E-0004  4.933801E-0004  1.066864E-0003  4.220812E-0004
  1.381317E-0003  1.059051E-0003  2.612985E-0004  7.121068E-0003  2.767238E-0003  3.858386E-0003  4.323566E-0004  0.000000E+0000  1.904142E-0003  3.404731E-0003  1.025258E-0003
  1.558150E-0003  3.191162E-0004  2.369659E-0004  7.955078E-0003  1.152260E-0003  4.960530E-0003  4.933801E-0004  1.904142E-0003  0.000000E+0000  3.203110E-0003  1.327764E-0003
  9.765277E-0004  9.213688E-0003  1.135569E-0003  2.077710E-0003  9.701350E-0003  6.023297E-0003  1.066864E-0003  3.404731E-0003  3.203110E-0003  0.000000E+0000  1.942769E-0003
  3.774775E-0004  1.465837E-0003  5.995336E-0005  2.583243E-0003  6.802210E-0004  1.382311E-0003  4.220812E-0004  1.025258E-0003  1.327764E-0003  1.942769E-0003  0.000000E+0000

  0.000000E+0000  2.587445E-0003  1.490690E-0004  1.639820E-0003  2.781293E-0003  1.119421E-0003  2.065605E-0004  2.191454E-0003  1.379813E-0003  4.733782E-0003  1.144824E-0003
  2.587445E-0003  0.000000E+0000  5.376058E-0004  2.582342E-0003  5.942473E-0003  1.323826E-0003  6.177234E-0004  5.678900E-0003  2.936931E-0003  9.345932E-0003  1.078381E-0003
  1.490690E-0004  5.376058E-0004  0.000000E+0000  2.773955E-0004  1.564581E-0003  3.431810E-0004  1.666980E-0004  2.672166E-0004  3.740456E-0005  1.638303E-0003  5.335343E-0004
  1.639820E-0003  2.582342E-0003  2.773955E-0004  0.000000E+0000  1.338062E-0002  2.982042E-0003  3.691502E-0003  2.852934E-0003  1.605374E-0003  6.864798E-0003  7.863085E-0003
  2.781293E-0003  5.942473E-0003  1.564581E-0003  1.338062E-0002  0.000000E+0000  9.891375E-0003  3.020671E-0004  5.007627E-0003  5.042383E-0003  1.199117E-0002  1.900098E-0003
  1.119421E-0003  1.323826E-0003  3.431810E-0004  2.982042E-0003  9.891375E-0003  0.000000E+0000  2.455049E-0003  1.718070E-0003  2.250273E-0003  5.796215E-0003  7.676542E-0003
  2.065605E-0004  6.177234E-0004  1.666980E-0004  3.691502E-0003  3.020671E-0004  2.455049E-0003  0.000000E+0000  6.600021E-0004  4.878487E-0004  1.970263E-0003  3.111818E-0004
  2.191454E-0003  5.678900E-0003  2.672166E-0004  2.852934E-0003  5.007627E-0003  1.718070E-0003  6.600021E-0004  0.000000E+0000  8.096727E-0004  1.129480E-0002  2.092504E-0003
  1.379813E-0003  2.936931E-0003  3.740456E-0005  1.605374E-0003  5.042383E-0003  2.250273E-0003  4.878487E-0004  8.096727E-0004  0.000000E+0000  3.922702E-0003  1.621149E-0003
  4.733782E-0003  9.345932E-0003  1.638303E-0003  6.864798E-0003  1.199117E-0002  5.796215E-0003  1.970263E-0003  1.129480E-0002  3.922702E-0003  0.000000E+0000  3.568146E-0003
  1.144824E-0003  1.078381E-0003  5.335343E-0004  7.863085E-0003  1.900098E-0003  7.676542E-0003  3.111818E-0004  2.092504E-0003  1.621149E-0003  3.568146E-0003  0.000000E+0000

  0.000000E+0000  6.420484E-0003  1.794292E-0003  1.240526E-0002  4.927583E-0003  1.324021E-0002  7.860249E-0003  6.929348E-0003  1.638044E-0003  1.724567E-0002  8.809896E-0003
  6.420484E-0003  0.000000E+0000  1.154565E-0003  5.972011E-0003  9.109875E-0003  1.493424E-0002  5.821189E-0003  1.246143E-0002  3.116808E-0003  1.465246E-0002  3.718657E-0003
  1.794292E-0003  1.154565E-0003  0.000000E+0000  2.492564E-0003  1.522045E-0003  1.508963E-0003  7.285095E-0004  3.109846E-0003  7.635142E-0004  1.807787E-0003  7.653265E-0004
  1.240526E-0002  5.972011E-0003  2.492564E-0003  0.000000E+0000  1.414137E-0002  1.707523E-0002  1.142475E-0002  1.696797E-0002  2.227094E-0003  1.769825E-0002  1.514521E-0002
  4.927583E-0003  9.109875E-0003  1.522045E-0003  1.414137E-0002  0.000000E+0000  1.530208E-0002  1.333048E-0002  9.802507E-0003  2.659475E-0003  1.691584E-0002  1.739874E-0002
  1.324021E-0002  1.493424E-0002  1.508963E-0003  1.707523E-0002  1.530208E-0002  0.000000E+0000  1.199687E-0002  3.141956E-0002  2.961554E-0003  1.519816E-0002  1.265008E-0002
  7.860249E-0003  5.821189E-0003  7.285095E-0004  1.142475E-0002  1.333048E-0002  1.199687E-0002  0.000000E+0000  7.792680E-0003  5.167209E-0004  3.557562E-0003  4.015455E-0003
  6.929348E-0003  1.246143E-0002  3.109846E-0003  1.696797E-0002  9.802507E-0003  3.141956E-0002  7.792680E-0003  0.000000E+0000  3.762593E-0003  2.582359E-0002  7.036143E-0003
  1.638044E-0003  3.116808E-0003  7.635142E-0004  2.227094E-0003  2.659475E-0003  2.961554E-0003  5.167209E-0004  3.762593E-0003  0.000000E+0000  6.868747E-0003  1.753519E-0003
  1.724567E-0002  1.465246E-0002  1.807787E-0003  1.769825E-0002  1.691584E-0002  1.519816E-0002  3.557562E-0003  2.582359E-0002  6.868747E-0003  0.000000E+0000  8.384746E-0003
  8.809896E-0003  3.718657E-0003  7.653265E-0004  1.514521E-0002  1.739874E-0002  1.265008E-0002  4.015455E-0003  7.036143E-0003  1.753519E-0003  8.384746E-0003  0.000000E+0000

  0.000000E+0000  7.383442E-0004  1.211139E-0004  2.253572E-0003  6.103567E-0004  1.687510E-0003  4.202221E-0004  6.396567E-0004  3.899919E-0004  1.106206E-0003  8.008515E-0004
  7.383442E-0004  0.000000E+0000  2.791744E-0004  1.655638E-0003  1.232298E-0003  1.076243E-0003  6.507431E-0004  1.439830E-0003  9.996216E-0004  1.021262E-0003  6.956785E-0004
  1.211139E-0004  2.791744E-0004  0.000000E+0000  5.306643E-0004  4.241652E-0004  4.691963E-0004  2.692211E-0004  2.399147E-0004  1.237416E-0004  1.465121E-0004  2.099055E-0004
  2.253572E-0003  1.655638E-0003  5.306643E-0004  0.000000E+0000  4.440304E-0003  1.238252E-0003  7.462243E-0004  1.909976E-0003  2.150280E-0003  3.999039E-0003  1.247929E-0003
  6.103567E-0004  1.232298E-0003  4.241652E-0004  4.440304E-0003  0.000000E+0000  3.512380E-0003  1.259786E-0003  4.625953E-0003  3.126132E-0003  1.256946E-0003  2.188923E-0003
  1.687510E-0003  1.076243E-0003  4.691963E-0004  1.238252E-0003  3.512380E-0003  0.000000E+0000  1.199918E-0003  1.938717E-0003  2.324481E-0003  3.983379E-0003  2.107060E-0003
  4.202221E-0004  6.507431E-0004  2.692211E-0004  7.462243E-0004  1.259786E-0003  1.199918E-0003  0.000000E+0000  2.787398E-0003  1.998266E-0003  1.666617E-0003  1.208912E-0003
  6.396567E-0004  1.439830E-0003  2.399147E-0004  1.909976E-0003  4.625953E-0003  1.938717E-0003  2.787398E-0003  0.000000E+0000  2.137467E-0003  1.153802E-0003  3.738896E-0003
  3.899919E-0004  9.996216E-0004  1.237416E-0004  2.150280E-0003  3.126132E-0003  2.324481E-0003  1.998266E-0003  2.137467E-0003  0.000000E+0000  4.949375E-0004  2.756710E-0003
  1.106206E-0003  1.021262E-0003  1.465121E-0004  3.999039E-0003  1.256946E-0003  3.983379E-0003  1.666617E-0003  1.153802E-0003  4.949375E-0004  0.000000E+0000  2.396451E-0003
  8.008515E-0004  6.956785E-0004  2.099055E-0004  1.247929E-0003  2.188923E-0003  2.107060E-0003  1.208912E-0003  3.738896E-0003  2.756710E-0003  2.396451E-0003  0.000000E+0000

  0.000000E+0000  1.592191E-0003  1.755266E-0004  2.103348E-0003  4.934263E-0004  2.271594E-0003  5.095526E-0004  7.261832E-0004  6.328055E-0004  4.622690E-0003  7.157321E-0004
  1.592191E-0003  0.000000E+0000  2.891034E-0004  1.724130E-0003  2.362670E-0003  2.019091E-0003  5.330628E-0004  1.899691E-0003  2.131389E-0003  1.926386E-0003  8.567140E-0004
  1.755266E-0004  2.891034E-0004  0.000000E+0000  3.084108E-0004  2.603034E-0004  3.558944E-0004  1.434303E-0004  3.367976E-0004  2.450072E-0004  5.563714E-0004  2.018154E-0004
  2.103348E-0003  1.724130E-0003  3.084108E-0004  0.000000E+0000  2.783198E-0003  2.371785E-0003  1.272497E-0003  2.381359E-0003  2.473239E-0003  2.338536E-0003  2.254707E-0003
  4.934263E-0004  2.362670E-0003  2.603034E-0004  2.783198E-0003  0.000000E+0000  2.488332E-0003  1.025707E-0003  1.726045E-0003  6.408665E-0004  5.257518E-0003  1.451976E-0003
  2.271594E-0003  2.019091E-0003  3.558944E-0004  2.371785E-0003  2.488332E-0003  0.000000E+0000  5.489938E-0004  2.774506E-0003  2.981710E-0003  3.362897E-0003  1.253627E-0003
  5.095526E-0004  5.330628E-0004  1.434303E-0004  1.272497E-0003  1.025707E-0003  5.489938E-0004  0.000000E+0000  1.339188E-0003  1.165023E-0003  7.085491E-0004  2.759849E-0004
  7.261832E-0004  1.899691E-0003  3.367976E-0004  2.381359E-0003  1.726045E-0003  2.774506E-0003  1.339188E-0003  0.000000E+0000  1.385279E-0003  5.180840E-0003  2.078609E-0003
  6.328055E-0004  2.131389E-0003  2.450072E-0004  2.473239E-0003  6.408665E-0004  2.981710E-0003  1.165023E-0003  1.385279E-0003  0.000000E+0000  4.741129E-0003  1.845510E-0003
  4.622690E-0003  1.926386E-0003  5.563714E-0004  2.338536E-0003  5.257518E-0003  3.362897E-0003  7.085491E-0004  5.180840E-0003  4.741129E-0003  0.000000E+0000  8.909399E-0004
  7.157321E-0004  8.567140E-0004  2.018154E-0004  2.254707E-0003  1.451976E-0003  1.253627E-0003  2.759849E-0004  2.078609E-0003  1.845510E-0003  8.909399E-0004  0.000000E+0000
