6661999 = Ignore first line (new format code)
File name: E:\Folders\PhD\ISAD\ISAD_Curry_data\ISAD_EEGs\eLORETA\EEGs_128Hz_200sec-window\Clinical_v_Healthy\T1_healthy_all\H35-ROIlinLagConn-crss.txt
1 = Number of time frames in Time X Frequency decomposition
3 = Number of EEG files
11 = Number Electrodes
25600 = Number of time frames in EEG files
32768 = Number of time frames in EEG files power of 2
7 = Number of matrices
5 = Band type (1=Classical1; 2=Classical2; 3=DiscreteFreqs; 4=AllDiscreteFreqs; 5=UserDefinedBands)
 1.280000E+0002 = Sampling rate Hz
-1.000000E+0002 = Freq1 Hz
-1.000000E+0002 = Freq2 Hz
 3.906250E-0003 = Frequency resolution Hz

  0.000000E+0000  1.980963E-0002  2.440138E-0002  1.246192E-0001  6.086997E-0002  8.819211E-0002  5.732180E-0002  3.906169E-0002  1.447760E-0002  1.300730E-0001  1.102995E-0001
  1.980963E-0002  0.000000E+0000  4.301013E-0002  1.116640E-0001  1.179208E-0002  1.148553E-0001  1.146682E-0001  7.851063E-0002  2.449371E-0002  1.762529E-0001  9.474561E-0002
  2.440138E-0002  4.301013E-0002  0.000000E+0000  5.280238E-0002  3.797312E-0002  3.486218E-0002  7.670633E-0002  4.860925E-0002  5.149728E-0002  3.553351E-0002  1.287611E-0001
  1.246192E-0001  1.116640E-0001  5.280238E-0002  0.000000E+0000  1.235776E-0001  4.509617E-0002  2.134444E-0001  1.687068E-0001  8.510294E-0002  3.714468E-0002  1.032398E-0001
  6.086997E-0002  1.179208E-0002  3.797312E-0002  1.235776E-0001  0.000000E+0000  8.842497E-0002  1.441716E-0001  5.384214E-0002  5.863928E-0002  1.778343E-0001  1.255912E-0001
  8.819211E-0002  1.148553E-0001  3.486218E-0002  4.509617E-0002  8.842497E-0002  0.000000E+0000  4.585136E-0002  1.577450E-0001  8.298342E-0002  3.837537E-0002  5.150960E-0002
  5.732180E-0002  1.146682E-0001  7.670633E-0002  2.134444E-0001  1.441716E-0001  4.585136E-0002  0.000000E+0000  8.862267E-0002  9.815157E-0002  1.684536E-0001  7.943550E-0002
  3.906169E-0002  7.851063E-0002  4.860925E-0002  1.687068E-0001  5.384214E-0002  1.577450E-0001  8.862267E-0002  0.000000E+0000  5.115534E-0002  2.487457E-0001  1.509297E-0001
  1.447760E-0002  2.449371E-0002  5.149728E-0002  8.510294E-0002  5.863928E-0002  8.298342E-0002  9.815157E-0002  5.115534E-0002  0.000000E+0000  1.399875E-0001  9.454998E-0002
  1.300730E-0001  1.762529E-0001  3.553351E-0002  3.714468E-0002  1.778343E-0001  3.837537E-0002  1.684536E-0001  2.487457E-0001  1.399875E-0001  0.000000E+0000  7.294644E-0002
  1.102995E-0001  9.474561E-0002  1.287611E-0001  1.032398E-0001  1.255912E-0001  5.150960E-0002  7.943550E-0002  1.509297E-0001  9.454998E-0002  7.294644E-0002  0.000000E+0000

  0.000000E+0000  1.013935E-0002  6.722149E-0003  1.205745E-0002  2.213034E-0002  3.422167E-0002  8.830185E-0003  3.680314E-0002  1.632468E-0002  3.374514E-0002  3.529183E-0003
  1.013935E-0002  0.000000E+0000  3.746710E-0003  1.638554E-0003  4.074310E-0003  6.455012E-0003  1.483919E-0002  6.357023E-0003  3.710054E-0003  8.242093E-0004  1.022161E-0002
  6.722149E-0003  3.746710E-0003  0.000000E+0000  1.334858E-0003  1.692764E-0003  7.469629E-0003  7.867431E-0003  1.084414E-0002  3.771981E-0003  6.614021E-0003  9.695596E-0003
  1.205745E-0002  1.638554E-0003  1.334858E-0003  0.000000E+0000  9.196343E-0003  7.186405E-0003  1.441746E-0002  8.131796E-0003  1.579299E-0003  6.432309E-0003  1.014358E-0002
  2.213034E-0002  4.074310E-0003  1.692764E-0003  9.196343E-0003  0.000000E+0000  1.503858E-0002  3.157637E-0002  4.574699E-0002  1.391908E-0002  1.573594E-0002  3.428834E-0002
  3.422167E-0002  6.455012E-0003  7.469629E-0003  7.186405E-0003  1.503858E-0002  0.000000E+0000  3.205203E-0002  2.750300E-0002  1.357735E-0002  2.129352E-0002  2.121761E-0002
  8.830185E-0003  1.483919E-0002  7.867431E-0003  1.441746E-0002  3.157637E-0002  3.205203E-0002  0.000000E+0000  4.596999E-0002  2.293146E-0002  3.737361E-0002  1.910846E-0002
  3.680314E-0002  6.357023E-0003  1.084414E-0002  8.131796E-0003  4.574699E-0002  2.750300E-0002  4.596999E-0002  0.000000E+0000  1.571803E-0002  1.625169E-0002  2.098034E-0002
  1.632468E-0002  3.710054E-0003  3.771981E-0003  1.579299E-0003  1.391908E-0002  1.357735E-0002  2.293146E-0002  1.571803E-0002  0.000000E+0000  1.091123E-0002  1.248519E-0002
  3.374514E-0002  8.242093E-0004  6.614021E-0003  6.432309E-0003  1.573594E-0002  2.129352E-0002  3.737361E-0002  1.625169E-0002  1.091123E-0002  0.000000E+0000  2.229130E-0002
  3.529183E-0003  1.022161E-0002  9.695596E-0003  1.014358E-0002  3.428834E-0002  2.121761E-0002  1.910846E-0002  2.098034E-0002  1.248519E-0002  2.229130E-0002  0.000000E+0000

  0.000000E+0000  6.072782E-0004  9.626721E-0004  3.670080E-0003  8.991366E-0004  1.341826E-0003  1.547587E-0003  2.213875E-0003  9.080510E-0004  4.530556E-0003  2.198427E-0003
  6.072782E-0004  0.000000E+0000  1.136564E-0004  1.575712E-0003  9.794703E-0004  3.066111E-0003  1.463574E-0003  1.007454E-0003  1.065516E-0004  2.189060E-0003  5.903839E-0004
  9.626721E-0004  1.136564E-0004  0.000000E+0000  1.275256E-0003  1.456437E-0003  1.541236E-0003  1.954293E-0003  3.188349E-0004  4.192878E-0004  3.041736E-0003  1.308134E-0003
  3.670080E-0003  1.575712E-0003  1.275256E-0003  0.000000E+0000  6.359600E-0003  2.899667E-0003  4.482600E-0003  2.490945E-0003  1.390641E-0003  7.374976E-0003  7.797072E-0003
  8.991366E-0004  9.794703E-0004  1.456437E-0003  6.359600E-0003  0.000000E+0000  1.936536E-0003  5.053379E-0003  6.805428E-0004  1.584139E-0003  6.608635E-0003  5.978016E-0003
  1.341826E-0003  3.066111E-0003  1.541236E-0003  2.899667E-0003  1.936536E-0003  0.000000E+0000  5.493036E-0003  4.755597E-0003  2.937572E-0003  3.273692E-0003  7.955962E-0003
  1.547587E-0003  1.463574E-0003  1.954293E-0003  4.482600E-0003  5.053379E-0003  5.493036E-0003  0.000000E+0000  2.761385E-0003  1.302964E-0003  6.561370E-0003  6.827923E-0003
  2.213875E-0003  1.007454E-0003  3.188349E-0004  2.490945E-0003  6.805428E-0004  4.755597E-0003  2.761385E-0003  0.000000E+0000  8.738891E-0004  2.432835E-0003  2.721050E-0003
  9.080510E-0004  1.065516E-0004  4.192878E-0004  1.390641E-0003  1.584139E-0003  2.937572E-0003  1.302964E-0003  8.738891E-0004  0.000000E+0000  3.359023E-0003  1.567363E-0003
  4.530556E-0003  2.189060E-0003  3.041736E-0003  7.374976E-0003  6.608635E-0003  3.273692E-0003  6.561370E-0003  2.432835E-0003  3.359023E-0003  0.000000E+0000  1.025905E-0002
  2.198427E-0003  5.903839E-0004  1.308134E-0003  7.797072E-0003  5.978016E-0003  7.955962E-0003  6.827923E-0003  2.721050E-0003  1.567363E-0003  1.025905E-0002  0.000000E+0000

  0.000000E+0000  6.971033E-0004  4.918991E-0004  1.387618E-0002  1.541061E-0003  1.165625E-0002  3.781172E-0003  2.033687E-0003  7.702718E-0004  1.503612E-0002  5.470112E-0003
  6.971033E-0004  0.000000E+0000  1.587423E-0004  7.742417E-0003  9.421035E-0004  1.508506E-0004  1.742747E-0003  6.242912E-0004  3.500115E-0004  1.873283E-0003  7.155093E-0004
  4.918991E-0004  1.587423E-0004  0.000000E+0000  1.869866E-0003  1.111518E-0003  2.061558E-0003  2.298227E-0003  8.787368E-0004  4.912235E-0004  2.901006E-0003  2.016832E-0003
  1.387618E-0002  7.742417E-0003  1.869866E-0003  0.000000E+0000  1.147978E-0002  2.280559E-0002  7.539307E-0003  2.782752E-0002  1.020411E-0002  2.765425E-0002  7.984594E-0003
  1.541061E-0003  9.421035E-0004  1.111518E-0003  1.147978E-0002  0.000000E+0000  1.518391E-0002  5.264807E-0003  2.679851E-0003  7.433894E-0004  1.492867E-0002  1.115765E-0002
  1.165625E-0002  1.508506E-0004  2.061558E-0003  2.280559E-0002  1.518391E-0002  0.000000E+0000  3.799390E-0003  1.716211E-0002  3.584213E-0003  1.252591E-0002  3.007568E-0003
  3.781172E-0003  1.742747E-0003  2.298227E-0003  7.539307E-0003  5.264807E-0003  3.799390E-0003  0.000000E+0000  9.189387E-0003  3.630658E-0003  8.638174E-0003  3.870371E-0003
  2.033687E-0003  6.242912E-0004  8.787368E-0004  2.782752E-0002  2.679851E-0003  1.716211E-0002  9.189387E-0003  0.000000E+0000  1.362802E-0003  2.766302E-0002  1.454231E-0002
  7.702718E-0004  3.500115E-0004  4.912235E-0004  1.020411E-0002  7.433894E-0004  3.584213E-0003  3.630658E-0003  1.362802E-0003  0.000000E+0000  7.709090E-0003  2.426628E-0003
  1.503612E-0002  1.873283E-0003  2.901006E-0003  2.765425E-0002  1.492867E-0002  1.252591E-0002  8.638174E-0003  2.766302E-0002  7.709090E-0003  0.000000E+0000  1.158275E-0002
  5.470112E-0003  7.155093E-0004  2.016832E-0003  7.984594E-0003  1.115765E-0002  3.007568E-0003  3.870371E-0003  1.454231E-0002  2.426628E-0003  1.158275E-0002  0.000000E+0000

  0.000000E+0000  3.704264E-0002  1.463771E-0002  2.314676E-0002  6.717318E-0002  1.236116E-0002  1.092984E-0001  3.369744E-0002  1.397345E-0002  1.346530E-0002  7.939370E-0002
  3.704264E-0002  0.000000E+0000  2.930586E-0002  1.892153E-0002  3.032104E-0002  4.345065E-0003  6.790901E-0002  2.215948E-0002  4.547719E-0002  1.044190E-0002  4.954780E-0002
  1.463771E-0002  2.930586E-0002  0.000000E+0000  2.607075E-0002  6.664521E-0002  6.463064E-0003  4.639609E-0002  1.986653E-0002  1.312824E-0002  1.489437E-0002  5.186297E-0002
  2.314676E-0002  1.892153E-0002  2.607075E-0002  0.000000E+0000  1.308369E-0002  3.050835E-0002  7.210781E-0002  3.950746E-0002  2.690784E-0002  2.576350E-0002  5.752892E-0002
  6.717318E-0002  3.032104E-0002  6.664521E-0002  1.308369E-0002  0.000000E+0000  2.905754E-0002  1.661192E-0001  6.655213E-0002  8.136295E-0002  2.666071E-0002  1.484445E-0001
  1.236116E-0002  4.345065E-0003  6.463064E-0003  3.050835E-0002  2.905754E-0002  0.000000E+0000  2.479550E-0002  2.143924E-0002  6.746215E-0003  3.464609E-0002  1.113172E-0002
  1.092984E-0001  6.790901E-0002  4.639609E-0002  7.210781E-0002  1.661192E-0001  2.479550E-0002  0.000000E+0000  3.644288E-0002  7.924940E-0002  6.890351E-0002  1.509774E-0001
  3.369744E-0002  2.215948E-0002  1.986653E-0002  3.950746E-0002  6.655213E-0002  2.143924E-0002  3.644288E-0002  0.000000E+0000  2.147153E-0002  3.724191E-0002  3.053913E-0002
  1.397345E-0002  4.547719E-0002  1.312824E-0002  2.690784E-0002  8.136295E-0002  6.746215E-0003  7.924940E-0002  2.147153E-0002  0.000000E+0000  8.338911E-0003  8.163298E-0002
  1.346530E-0002  1.044190E-0002  1.489437E-0002  2.576350E-0002  2.666071E-0002  3.464609E-0002  6.890351E-0002  3.724191E-0002  8.338911E-0003  0.000000E+0000  3.347139E-0002
  7.939370E-0002  4.954780E-0002  5.186297E-0002  5.752892E-0002  1.484445E-0001  1.113172E-0002  1.509774E-0001  3.053913E-0002  8.163298E-0002  3.347139E-0002  0.000000E+0000

  0.000000E+0000  3.392764E-0003  1.823528E-0003  4.872412E-0003  1.032989E-0002  1.445129E-0003  1.781584E-0002  3.182001E-0003  1.008314E-0003  3.987047E-0003  9.605028E-0003
  3.392764E-0003  0.000000E+0000  1.226361E-0003  3.306801E-0004  5.858742E-0003  9.996361E-0004  5.188269E-0003  1.370810E-0003  2.263600E-0003  1.098421E-0003  4.225436E-0003
  1.823528E-0003  1.226361E-0003  0.000000E+0000  2.636365E-0003  6.325048E-0003  4.938029E-0004  6.868841E-0003  1.053174E-0003  1.235608E-0003  2.316077E-0003  4.392938E-0003
  4.872412E-0003  3.306801E-0004  2.636365E-0003  0.000000E+0000  3.164966E-0003  3.473888E-0003  4.713515E-0003  5.114212E-0003  1.688073E-0003  5.435762E-0003  8.016303E-0003
  1.032989E-0002  5.858742E-0003  6.325048E-0003  3.164966E-0003  0.000000E+0000  2.465577E-0003  1.301713E-0002  5.366658E-0003  6.062907E-0003  1.437220E-0003  2.042090E-0002
  1.445129E-0003  9.996361E-0004  4.938029E-0004  3.473888E-0003  2.465577E-0003  0.000000E+0000  4.184248E-0003  2.821009E-0003  6.567933E-0004  3.804688E-0003  3.187582E-0003
  1.781584E-0002  5.188269E-0003  6.868841E-0003  4.713515E-0003  1.301713E-0002  4.184248E-0003  0.000000E+0000  5.798720E-0003  1.153499E-0002  4.915902E-0003  2.743216E-0002
  3.182001E-0003  1.370810E-0003  1.053174E-0003  5.114212E-0003  5.366658E-0003  2.821009E-0003  5.798720E-0003  0.000000E+0000  8.460365E-0004  7.026420E-0003  3.298084E-0003
  1.008314E-0003  2.263600E-0003  1.235608E-0003  1.688073E-0003  6.062907E-0003  6.567933E-0004  1.153499E-0002  8.460365E-0004  0.000000E+0000  1.695358E-0003  7.074331E-0003
  3.987047E-0003  1.098421E-0003  2.316077E-0003  5.435762E-0003  1.437220E-0003  3.804688E-0003  4.915902E-0003  7.026420E-0003  1.695358E-0003  0.000000E+0000  9.579030E-0003
  9.605028E-0003  4.225436E-0003  4.392938E-0003  8.016303E-0003  2.042090E-0002  3.187582E-0003  2.743216E-0002  3.298084E-0003  7.074331E-0003  9.579030E-0003  0.000000E+0000

  0.000000E+0000  6.723124E-0004  3.418526E-0003  6.326219E-0004  2.792499E-0004  1.459919E-0004  1.080134E-0003  1.594884E-0003  4.527024E-0003  3.563841E-0004  8.544653E-0004
  6.723124E-0004  0.000000E+0000  2.926830E-0005  9.793050E-0004  2.725264E-0004  1.078344E-0003  4.693020E-0004  1.523185E-0003  1.532740E-0004  7.470007E-0004  1.813384E-0004
  3.418526E-0003  2.926830E-0005  0.000000E+0000  5.126540E-0004  7.774069E-0005  1.814849E-0004  2.267459E-0003  7.256166E-0004  1.776141E-0003  2.660182E-0004  3.132525E-0003
  6.326219E-0004  9.793050E-0004  5.126540E-0004  0.000000E+0000  1.586675E-0003  1.384004E-0003  3.119107E-0003  1.234390E-0003  7.882243E-0004  9.935946E-0004  2.976649E-0003
  2.792499E-0004  2.725264E-0004  7.774069E-0005  1.586675E-0003  0.000000E+0000  2.191390E-0003  6.291290E-0004  1.543106E-0003  5.143644E-0004  1.906917E-0003  1.510760E-0003
  1.459919E-0004  1.078344E-0003  1.814849E-0004  1.384004E-0003  2.191390E-0003  0.000000E+0000  1.702633E-0003  6.160631E-0004  6.527083E-0004  2.799399E-0003  1.048423E-0003
  1.080134E-0003  4.693020E-0004  2.267459E-0003  3.119107E-0003  6.291290E-0004  1.702633E-0003  0.000000E+0000  1.453158E-0003  3.182492E-0003  2.203545E-0003  5.803160E-0003
  1.594884E-0003  1.523185E-0003  7.256166E-0004  1.234390E-0003  1.543106E-0003  6.160631E-0004  1.453158E-0003  0.000000E+0000  9.115561E-0004  1.463720E-0003  1.346575E-0003
  4.527024E-0003  1.532740E-0004  1.776141E-0003  7.882243E-0004  5.143644E-0004  6.527083E-0004  3.182492E-0003  9.115561E-0004  0.000000E+0000  4.824852E-0004  5.214818E-0003
  3.563841E-0004  7.470007E-0004  2.660182E-0004  9.935946E-0004  1.906917E-0003  2.799399E-0003  2.203545E-0003  1.463720E-0003  4.824852E-0004  0.000000E+0000  1.344460E-0003
  8.544653E-0004  1.813384E-0004  3.132525E-0003  2.976649E-0003  1.510760E-0003  1.048423E-0003  5.803160E-0003  1.346575E-0003  5.214818E-0003  1.344460E-0003  0.000000E+0000
