6661999 = Ignore first line (new format code)
File name: E:\Folders\PhD\ISAD\ISAD_Curry_data\ISAD_EEGs\eLORETA\EEGs_128Hz_200sec-window\Clinical_v_Healthy\T1_healthy_all\H37-ROIlinLagConn-crss.txt
1 = Number of time frames in Time X Frequency decomposition
3 = Number of EEG files
11 = Number Electrodes
25600 = Number of time frames in EEG files
32768 = Number of time frames in EEG files power of 2
7 = Number of matrices
5 = Band type (1=Classical1; 2=Classical2; 3=DiscreteFreqs; 4=AllDiscreteFreqs; 5=UserDefinedBands)
 1.280000E+0002 = Sampling rate Hz
-1.000000E+0002 = Freq1 Hz
-1.000000E+0002 = Freq2 Hz
 3.906250E-0003 = Frequency resolution Hz

  0.000000E+0000  3.482785E-0003  3.715653E-0002  6.216516E-0002  2.873657E-0002  3.396441E-0002  9.371183E-0002  2.045777E-0002  9.760715E-0002  4.015287E-0002  2.450066E-0001
  3.482785E-0003  0.000000E+0000  1.940143E-0002  1.608838E-0002  1.214476E-0002  1.602595E-0002  4.817728E-0002  1.833176E-0002  3.308370E-0002  1.650161E-0002  8.565523E-0002
  3.715653E-0002  1.940143E-0002  0.000000E+0000  6.190756E-0003  3.283360E-0002  8.059762E-0003  3.654120E-0003  4.955073E-0002  8.809916E-0003  3.264128E-0002  2.036737E-0002
  6.216516E-0002  1.608838E-0002  6.190756E-0003  0.000000E+0000  9.076187E-0002  1.560044E-0002  2.248385E-0002  9.335479E-0002  4.534496E-0002  1.813726E-0002  1.503909E-0002
  2.873657E-0002  1.214476E-0002  3.283360E-0002  9.076187E-0002  0.000000E+0000  8.005881E-0002  9.315462E-0002  5.055791E-0002  8.526361E-0002  9.519811E-0002  2.126873E-0001
  3.396441E-0002  1.602595E-0002  8.059762E-0003  1.560044E-0002  8.005881E-0002  0.000000E+0000  6.405075E-0002  5.120415E-0002  3.587807E-0002  1.853121E-0002  9.064976E-0002
  9.371183E-0002  4.817728E-0002  3.654120E-0003  2.248385E-0002  9.315462E-0002  6.405075E-0002  0.000000E+0000  5.310490E-0002  2.814442E-0002  7.989094E-0002  1.680119E-0001
  2.045777E-0002  1.833176E-0002  4.955073E-0002  9.335479E-0002  5.055791E-0002  5.120415E-0002  5.310490E-0002  0.000000E+0000  1.660513E-0001  7.086362E-0002  2.526893E-0001
  9.760715E-0002  3.308370E-0002  8.809916E-0003  4.534496E-0002  8.526361E-0002  3.587807E-0002  2.814442E-0002  1.660513E-0001  0.000000E+0000  6.345879E-0002  7.535070E-0002
  4.015287E-0002  1.650161E-0002  3.264128E-0002  1.813726E-0002  9.519811E-0002  1.853121E-0002  7.989094E-0002  7.086362E-0002  6.345879E-0002  0.000000E+0000  1.234756E-0001
  2.450066E-0001  8.565523E-0002  2.036737E-0002  1.503909E-0002  2.126873E-0001  9.064976E-0002  1.680119E-0001  2.526893E-0001  7.535070E-0002  1.234756E-0001  0.000000E+0000

  0.000000E+0000  3.467410E-0003  3.623514E-0003  1.099900E-0002  1.598912E-0002  7.529364E-0003  1.534515E-0002  2.613440E-0002  1.306557E-0002  9.759258E-0003  7.805152E-0003
  3.467410E-0003  0.000000E+0000  3.592216E-0003  6.975476E-0003  3.912510E-0003  2.815928E-0003  1.321377E-0002  5.022091E-0003  6.066617E-0003  6.688936E-0003  9.230586E-0003
  3.623514E-0003  3.592216E-0003  0.000000E+0000  7.979708E-0004  4.156541E-0003  4.692679E-0003  3.437372E-0003  5.996270E-0003  1.219684E-0003  1.107500E-0003  7.192795E-0003
  1.099900E-0002  6.975476E-0003  7.979708E-0004  0.000000E+0000  1.715563E-0002  4.705324E-0003  1.174110E-0002  8.508894E-0003  1.286196E-0003  1.298952E-0003  9.616406E-0003
  1.598912E-0002  3.912510E-0003  4.156541E-0003  1.715563E-0002  0.000000E+0000  1.049020E-0002  2.483753E-0002  3.748684E-0002  1.335047E-0002  1.336971E-0002  3.049396E-0002
  7.529364E-0003  2.815928E-0003  4.692679E-0003  4.705324E-0003  1.049020E-0002  0.000000E+0000  9.452502E-0003  2.200009E-0003  1.366435E-0002  9.147716E-0003  1.222401E-0002
  1.534515E-0002  1.321377E-0002  3.437372E-0003  1.174110E-0002  2.483753E-0002  9.452502E-0003  0.000000E+0000  2.967804E-0002  1.247461E-0002  6.011769E-0003  7.519577E-0003
  2.613440E-0002  5.022091E-0003  5.996270E-0003  8.508894E-0003  3.748684E-0002  2.200009E-0003  2.967804E-0002  0.000000E+0000  1.741934E-0002  7.940082E-0003  2.862365E-0002
  1.306557E-0002  6.066617E-0003  1.219684E-0003  1.286196E-0003  1.335047E-0002  1.366435E-0002  1.247461E-0002  1.741934E-0002  0.000000E+0000  5.360681E-0003  2.338241E-0002
  9.759258E-0003  6.688936E-0003  1.107500E-0003  1.298952E-0003  1.336971E-0002  9.147716E-0003  6.011769E-0003  7.940082E-0003  5.360681E-0003  0.000000E+0000  6.746970E-0003
  7.805152E-0003  9.230586E-0003  7.192795E-0003  9.616406E-0003  3.049396E-0002  1.222401E-0002  7.519577E-0003  2.862365E-0002  2.338241E-0002  6.746970E-0003  0.000000E+0000

  0.000000E+0000  1.395499E-0003  1.386451E-0003  6.466808E-0003  2.294105E-0003  1.469246E-0002  1.803308E-0003  4.554503E-0003  1.635167E-0003  3.947224E-0003  1.704881E-0002
  1.395499E-0003  0.000000E+0000  4.763558E-0004  1.607324E-0003  1.616190E-0003  2.830969E-0003  1.241443E-0003  1.527544E-0003  6.555528E-0004  1.362485E-0003  5.414180E-0003
  1.386451E-0003  4.763558E-0004  0.000000E+0000  6.214402E-0004  9.988582E-0004  1.102710E-0003  1.736384E-0003  1.599630E-0003  1.515941E-0003  2.048428E-0004  1.796887E-0003
  6.466808E-0003  1.607324E-0003  6.214402E-0004  0.000000E+0000  1.486460E-0002  5.658816E-0003  1.181319E-0002  4.630364E-0003  5.052566E-0003  2.127741E-0003  4.479502E-0003
  2.294105E-0003  1.616190E-0003  9.988582E-0004  1.486460E-0002  0.000000E+0000  1.953062E-0002  2.435273E-0003  4.584478E-0003  2.050740E-0003  7.971358E-0003  1.254334E-0002
  1.469246E-0002  2.830969E-0003  1.102710E-0003  5.658816E-0003  1.953062E-0002  0.000000E+0000  1.660198E-0002  1.195717E-0002  1.139722E-0002  2.989980E-0003  1.505412E-0002
  1.803308E-0003  1.241443E-0003  1.736384E-0003  1.181319E-0002  2.435273E-0003  1.660198E-0002  0.000000E+0000  2.602221E-0003  1.731210E-0003  9.259087E-0003  2.299709E-0003
  4.554503E-0003  1.527544E-0003  1.599630E-0003  4.630364E-0003  4.584478E-0003  1.195717E-0002  2.602221E-0003  0.000000E+0000  1.815327E-0003  2.978583E-0003  1.823766E-0002
  1.635167E-0003  6.555528E-0004  1.515941E-0003  5.052566E-0003  2.050740E-0003  1.139722E-0002  1.731210E-0003  1.815327E-0003  0.000000E+0000  1.898501E-0003  1.008548E-0002
  3.947224E-0003  1.362485E-0003  2.048428E-0004  2.127741E-0003  7.971358E-0003  2.989980E-0003  9.259087E-0003  2.978583E-0003  1.898501E-0003  0.000000E+0000  5.584248E-0003
  1.704881E-0002  5.414180E-0003  1.796887E-0003  4.479502E-0003  1.254334E-0002  1.505412E-0002  2.299709E-0003  1.823766E-0002  1.008548E-0002  5.584248E-0003  0.000000E+0000

  0.000000E+0000  1.217337E-0003  1.340194E-0003  7.079759E-0004  5.414297E-0003  2.065815E-0003  4.715581E-0003  3.464207E-0003  2.440587E-0003  4.041462E-0004  1.175670E-0002
  1.217337E-0003  0.000000E+0000  6.498719E-0004  5.821237E-0004  2.212694E-0003  7.502019E-0004  2.649377E-0003  1.228616E-0003  1.815729E-0003  9.905858E-0004  1.870530E-0003
  1.340194E-0003  6.498719E-0004  0.000000E+0000  2.054605E-0003  2.148710E-0003  1.366022E-0003  1.311159E-0003  1.547966E-0003  1.161046E-0003  1.882846E-0003  2.484018E-0003
  7.079759E-0004  5.821237E-0004  2.054605E-0003  0.000000E+0000  2.452297E-0003  3.328295E-0003  2.910820E-0003  1.984562E-0003  2.684293E-0003  2.032797E-0003  4.144093E-0003
  5.414297E-0003  2.212694E-0003  2.148710E-0003  2.452297E-0003  0.000000E+0000  3.628585E-0003  6.993479E-0003  4.398272E-0003  3.457027E-0003  8.920902E-0004  2.035660E-0002
  2.065815E-0003  7.502019E-0004  1.366022E-0003  3.328295E-0003  3.628585E-0003  0.000000E+0000  2.121159E-0003  2.350783E-0003  2.603094E-0003  3.793256E-0003  2.086923E-0003
  4.715581E-0003  2.649377E-0003  1.311159E-0003  2.910820E-0003  6.993479E-0003  2.121159E-0003  0.000000E+0000  3.916358E-0003  3.410107E-0003  1.648374E-0003  1.138260E-0002
  3.464207E-0003  1.228616E-0003  1.547966E-0003  1.984562E-0003  4.398272E-0003  2.350783E-0003  3.916358E-0003  0.000000E+0000  2.554762E-0003  2.482436E-0003  1.060536E-0002
  2.440587E-0003  1.815729E-0003  1.161046E-0003  2.684293E-0003  3.457027E-0003  2.603094E-0003  3.410107E-0003  2.554762E-0003  0.000000E+0000  2.831850E-0003  7.784301E-0003
  4.041462E-0004  9.905858E-0004  1.882846E-0003  2.032797E-0003  8.920902E-0004  3.793256E-0003  1.648374E-0003  2.482436E-0003  2.831850E-0003  0.000000E+0000  9.179647E-0004
  1.175670E-0002  1.870530E-0003  2.484018E-0003  4.144093E-0003  2.035660E-0002  2.086923E-0003  1.138260E-0002  1.060536E-0002  7.784301E-0003  9.179647E-0004  0.000000E+0000

  0.000000E+0000  5.545570E-0003  1.086732E-0003  2.026520E-0002  6.573971E-0003  1.760322E-0002  3.778745E-0003  6.974001E-0003  3.264370E-0003  2.239459E-0002  8.851529E-0003
  5.545570E-0003  0.000000E+0000  1.263937E-0003  9.677459E-0003  7.548496E-0003  6.822578E-0003  6.151896E-0003  4.803920E-0003  3.551862E-0003  4.234177E-0003  7.399698E-0003
  1.086732E-0003  1.263937E-0003  0.000000E+0000  6.751062E-0003  3.798624E-0003  4.163840E-0003  1.704868E-0002  2.263578E-0003  3.026261E-0003  5.071922E-0003  3.269816E-0002
  2.026520E-0002  9.677459E-0003  6.751062E-0003  0.000000E+0000  1.999520E-0002  1.243054E-0002  1.179175E-0002  3.958450E-0002  1.554552E-0002  2.050467E-0002  1.845576E-0002
  6.573971E-0003  7.548496E-0003  3.798624E-0003  1.999520E-0002  0.000000E+0000  1.155395E-0002  9.021122E-0003  1.284654E-0002  7.866207E-0003  1.928142E-0002  1.698012E-0002
  1.760322E-0002  6.822578E-0003  4.163840E-0003  1.243054E-0002  1.155395E-0002  0.000000E+0000  8.182942E-0003  3.596505E-0002  1.891747E-0002  1.478139E-0002  2.601014E-0002
  3.778745E-0003  6.151896E-0003  1.704868E-0002  1.179175E-0002  9.021122E-0003  8.182942E-0003  0.000000E+0000  6.524772E-0003  1.376631E-0002  5.291055E-0003  4.606750E-0002
  6.974001E-0003  4.803920E-0003  2.263578E-0003  3.958450E-0002  1.284654E-0002  3.596505E-0002  6.524772E-0003  0.000000E+0000  4.126586E-0003  3.836394E-0002  1.100017E-0002
  3.264370E-0003  3.551862E-0003  3.026261E-0003  1.554552E-0002  7.866207E-0003  1.891747E-0002  1.376631E-0002  4.126586E-0003  0.000000E+0000  1.395227E-0002  3.422434E-0002
  2.239459E-0002  4.234177E-0003  5.071922E-0003  2.050467E-0002  1.928142E-0002  1.478139E-0002  5.291055E-0003  3.836394E-0002  1.395227E-0002  0.000000E+0000  2.565316E-0003
  8.851529E-0003  7.399698E-0003  3.269816E-0002  1.845576E-0002  1.698012E-0002  2.601014E-0002  4.606750E-0002  1.100017E-0002  3.422434E-0002  2.565316E-0003  0.000000E+0000

  0.000000E+0000  2.005693E-0004  5.912396E-0004  1.006465E-0003  1.737718E-0003  6.018487E-0004  1.494624E-0003  2.541713E-0003  2.480107E-0003  1.274600E-0003  1.177532E-0003
  2.005693E-0004  0.000000E+0000  2.119417E-0004  6.972256E-0004  4.991427E-0004  7.070464E-0004  3.099440E-0004  2.657533E-0004  1.068582E-0003  1.164723E-0003  4.938761E-0004
  5.912396E-0004  2.119417E-0004  0.000000E+0000  2.919306E-0004  7.176041E-0004  1.956383E-0004  9.298980E-0004  7.193626E-0004  6.154027E-0004  2.307873E-0004  4.029394E-0004
  1.006465E-0003  6.972256E-0004  2.919306E-0004  0.000000E+0000  1.695840E-0003  5.262492E-0004  1.563768E-0003  1.285518E-0003  5.610962E-0004  1.571311E-0003  1.357725E-0003
  1.737718E-0003  4.991427E-0004  7.176041E-0004  1.695840E-0003  0.000000E+0000  1.109858E-0003  9.669216E-0004  3.850642E-0003  3.029729E-0003  2.199169E-0003  1.127846E-0003
  6.018487E-0004  7.070464E-0004  1.956383E-0004  5.262492E-0004  1.109858E-0003  0.000000E+0000  7.736314E-0004  7.847622E-0004  4.456117E-0004  1.614374E-0003  5.066383E-0004
  1.494624E-0003  3.099440E-0004  9.298980E-0004  1.563768E-0003  9.669216E-0004  7.736314E-0004  0.000000E+0000  1.977618E-0003  2.010244E-0003  8.799218E-0004  3.671046E-0003
  2.541713E-0003  2.657533E-0004  7.193626E-0004  1.285518E-0003  3.850642E-0003  7.847622E-0004  1.977618E-0003  0.000000E+0000  2.651748E-0003  8.490329E-0004  5.794789E-0004
  2.480107E-0003  1.068582E-0003  6.154027E-0004  5.610962E-0004  3.029729E-0003  4.456117E-0004  2.010244E-0003  2.651748E-0003  0.000000E+0000  5.032814E-0004  4.450326E-0004
  1.274600E-0003  1.164723E-0003  2.307873E-0004  1.571311E-0003  2.199169E-0003  1.614374E-0003  8.799218E-0004  8.490329E-0004  5.032814E-0004  0.000000E+0000  8.342340E-0004
  1.177532E-0003  4.938761E-0004  4.029394E-0004  1.357725E-0003  1.127846E-0003  5.066383E-0004  3.671046E-0003  5.794789E-0004  4.450326E-0004  8.342340E-0004  0.000000E+0000

  0.000000E+0000  1.859051E-0004  3.937233E-0004  8.301019E-0004  6.287493E-0004  7.448354E-0004  8.029897E-0004  4.799216E-0004  8.744356E-0004  1.190438E-0003  7.810706E-0004
  1.859051E-0004  0.000000E+0000  2.581926E-0005  5.169334E-0004  3.048681E-0004  7.069754E-0004  3.314630E-0004  3.232011E-0004  9.124677E-0005  7.867657E-0004  2.270382E-0004
  3.937233E-0004  2.581926E-0005  0.000000E+0000  9.319203E-0006  8.072910E-0004  1.461465E-0004  7.897901E-0004  1.112095E-0004  3.616700E-0004  8.676171E-0005  3.094619E-0004
  8.301019E-0004  5.169334E-0004  9.319203E-0006  0.000000E+0000  1.070271E-0003  1.594114E-0003  4.380897E-0004  1.145919E-0003  1.972858E-0004  9.649287E-0004  5.601088E-0004
  6.287493E-0004  3.048681E-0004  8.072910E-0004  1.070271E-0003  0.000000E+0000  4.602573E-0004  1.269121E-0003  1.591954E-0003  1.995317E-0003  1.258333E-0003  5.107092E-0004
  7.448354E-0004  7.069754E-0004  1.461465E-0004  1.594114E-0003  4.602573E-0004  0.000000E+0000  5.032918E-0004  1.286755E-0003  2.777166E-0004  2.624411E-0003  8.892353E-0004
  8.029897E-0004  3.314630E-0004  7.897901E-0004  4.380897E-0004  1.269121E-0003  5.032918E-0004  0.000000E+0000  3.493591E-0004  1.496463E-0003  3.038703E-0004  6.788943E-0004
  4.799216E-0004  3.232011E-0004  1.112095E-0004  1.145919E-0003  1.591954E-0003  1.286755E-0003  3.493591E-0004  0.000000E+0000  2.061623E-0004  1.307236E-0003  4.058654E-0004
  8.744356E-0004  9.124677E-0005  3.616700E-0004  1.972858E-0004  1.995317E-0003  2.777166E-0004  1.496463E-0003  2.061623E-0004  0.000000E+0000  4.439064E-0004  9.942889E-0004
  1.190438E-0003  7.867657E-0004  8.676171E-0005  9.649287E-0004  1.258333E-0003  2.624411E-0003  3.038703E-0004  1.307236E-0003  4.439064E-0004  0.000000E+0000  6.173921E-0004
  7.810706E-0004  2.270382E-0004  3.094619E-0004  5.601088E-0004  5.107092E-0004  8.892353E-0004  6.788943E-0004  4.058654E-0004  9.942889E-0004  6.173921E-0004  0.000000E+0000
