6661999 = Ignore first line (new format code)
File name: E:\Folders\PhD\ISAD\ISAD_Curry_data\ISAD_EEGs\eLORETA\EEGs_128Hz_200sec-window\Clinical_v_Healthy\T1_healthy_all\H38-ROIlinLagConn-crss.txt
1 = Number of time frames in Time X Frequency decomposition
3 = Number of EEG files
11 = Number Electrodes
25600 = Number of time frames in EEG files
32768 = Number of time frames in EEG files power of 2
7 = Number of matrices
5 = Band type (1=Classical1; 2=Classical2; 3=DiscreteFreqs; 4=AllDiscreteFreqs; 5=UserDefinedBands)
 1.280000E+0002 = Sampling rate Hz
-1.000000E+0002 = Freq1 Hz
-1.000000E+0002 = Freq2 Hz
 3.906250E-0003 = Frequency resolution Hz

  0.000000E+0000  0.000000E+0000  3.330669E-0016  1.110223E-0016  3.330669E-0016  1.776357E-0015  1.110223E-0016  6.661338E-0016  4.551914E-0015  1.332268E-0015  0.000000E+0000
  0.000000E+0000  0.000000E+0000  4.440892E-0016  3.330669E-0016  1.110223E-0016  2.997602E-0015  0.000000E+0000  7.771561E-0016  4.440892E-0015  9.992007E-0016  1.110223E-0016
  3.330669E-0016  4.440892E-0016  0.000000E+0000  1.332268E-0015  1.443290E-0015  1.221245E-0015  9.992007E-0016  1.110223E-0015  3.219647E-0015  2.109424E-0015  1.221245E-0015
  1.110223E-0016  3.330669E-0016  1.332268E-0015  0.000000E+0000  9.658940E-0015  6.672440E-0014  1.887379E-0015  3.996803E-0015  5.084821E-0014  3.252953E-0014  8.770762E-0015
  3.330669E-0016  1.110223E-0016  1.443290E-0015  9.658940E-0015  0.000000E+0000  4.707346E-0014  6.661338E-0016  2.109424E-0015  1.820766E-0014  4.662937E-0015  5.329071E-0015
  1.776357E-0015  2.997602E-0015  1.221245E-0015  6.672440E-0014  4.707346E-0014  0.000000E+0000  1.532108E-0014  1.842970E-0014  9.392487E-0014  1.029177E-0013  9.936496E-0014
  1.110223E-0016  0.000000E+0000  9.992007E-0016  1.887379E-0015  6.661338E-0016  1.532108E-0014  0.000000E+0000  1.665335E-0015  1.509903E-0014  3.885781E-0015  5.551115E-0016
  6.661338E-0016  7.771561E-0016  1.110223E-0015  3.996803E-0015  2.109424E-0015  1.842970E-0014  1.665335E-0015  0.000000E+0000  1.310063E-0014  4.218847E-0015  2.442491E-0015
  4.551914E-0015  4.440892E-0015  3.219647E-0015  5.084821E-0014  1.820766E-0014  9.392487E-0014  1.509903E-0014  1.310063E-0014  0.000000E+0000  4.540812E-0014  4.496403E-0014
  1.332268E-0015  9.992007E-0016  2.109424E-0015  3.252953E-0014  4.662937E-0015  1.029177E-0013  3.885781E-0015  4.218847E-0015  4.540812E-0014  0.000000E+0000  2.542411E-0014
  0.000000E+0000  1.110223E-0016  1.221245E-0015  8.770762E-0015  5.329071E-0015  9.936496E-0014  5.551115E-0016  2.442491E-0015  4.496403E-0014  2.542411E-0014  0.000000E+0000

  0.000000E+0000  1.887379E-0015  2.220446E-0016  2.220446E-0015  1.221245E-0015  7.771561E-0015  7.993606E-0015  5.440093E-0015  5.884182E-0015  1.942890E-0014  4.996004E-0015
  1.887379E-0015  0.000000E+0000  7.771561E-0016  4.440892E-0015  4.329870E-0015  2.553513E-0015  8.881784E-0016  5.995204E-0015  2.220446E-0016  7.438494E-0015  7.771561E-0016
  2.220446E-0016  7.771561E-0016  0.000000E+0000  1.332268E-0015  5.551115E-0016  2.775558E-0015  2.664535E-0015  1.221245E-0015  2.220446E-0015  5.329071E-0015  1.998401E-0015
  2.220446E-0015  4.440892E-0015  1.332268E-0015  0.000000E+0000  8.104628E-0015  9.126033E-0014  3.319567E-0014  1.976197E-0014  2.664535E-0014  9.126033E-0014  4.807266E-0014
  1.221245E-0015  4.329870E-0015  5.551115E-0016  8.104628E-0015  0.000000E+0000  5.440093E-0014  2.930989E-0014  1.776357E-0014  2.287059E-0014  7.938095E-0014  2.575717E-0014
  7.771561E-0015  2.553513E-0015  2.775558E-0015  9.126033E-0014  5.440093E-0014  0.000000E+0000  2.642331E-0014  2.065015E-0014  1.865175E-0014  1.182388E-0013  6.616929E-0014
  7.993606E-0015  8.881784E-0016  2.664535E-0015  3.319567E-0014  2.930989E-0014  2.642331E-0014  0.000000E+0000  1.409983E-0014  4.773959E-0015  3.819167E-0014  1.443290E-0014
  5.440093E-0015  5.995204E-0015  1.221245E-0015  1.976197E-0014  1.776357E-0014  2.065015E-0014  1.409983E-0014  0.000000E+0000  1.409983E-0014  3.530509E-0014  2.020606E-0014
  5.884182E-0015  2.220446E-0016  2.220446E-0015  2.664535E-0014  2.287059E-0014  1.865175E-0014  4.773959E-0015  1.409983E-0014  0.000000E+0000  2.042810E-0014  6.550316E-0015
  1.942890E-0014  7.438494E-0015  5.329071E-0015  9.126033E-0014  7.938095E-0014  1.182388E-0013  3.819167E-0014  3.530509E-0014  2.042810E-0014  0.000000E+0000  8.049117E-0014
  4.996004E-0015  7.771561E-0016  1.998401E-0015  4.807266E-0014  2.575717E-0014  6.616929E-0014  1.443290E-0014  2.020606E-0014  6.550316E-0015  8.049117E-0014  0.000000E+0000

  0.000000E+0000  1.286748E-0013  2.675637E-0014  1.723066E-0013  5.019318E-0013  3.583800E-0013  2.067235E-0013  6.911138E-0013  9.214851E-0014  4.011236E-0013  2.523537E-0013
  1.286748E-0013  0.000000E+0000  6.994405E-0015  2.345901E-0013  3.516076E-0013  2.327027E-0013  1.489919E-0013  7.700507E-0013  2.071676E-0013  2.293721E-0013  2.216005E-0013
  2.675637E-0014  6.994405E-0015  0.000000E+0000  3.685940E-0014  6.017409E-0014  3.397282E-0014  1.532108E-0014  1.411093E-0013  4.063416E-0014  2.797762E-0014  2.597922E-0014
  1.723066E-0013  2.345901E-0013  3.685940E-0014  0.000000E+0000  1.545430E-0012  1.728728E-0012  3.509415E-0013  2.505329E-0012  4.892753E-0013  1.080358E-0012  1.173284E-0012
  5.019318E-0013  3.516076E-0013  6.017409E-0014  1.545430E-0012  0.000000E+0000  1.552758E-0012  1.033174E-0012  2.208345E-0012  1.223466E-0012  1.572853E-0012  1.527112E-0012
  3.583800E-0013  2.327027E-0013  3.397282E-0014  1.728728E-0012  1.552758E-0012  0.000000E+0000  3.146372E-0013  2.614242E-0012  9.251488E-0013  1.788791E-0012  1.317502E-0012
  2.067235E-0013  1.489919E-0013  1.532108E-0014  3.509415E-0013  1.033174E-0012  3.146372E-0013  0.000000E+0000  1.800449E-0012  3.617107E-0013  4.158895E-0013  2.080558E-0013
  6.911138E-0013  7.700507E-0013  1.411093E-0013  2.505329E-0012  2.208345E-0012  2.614242E-0012  1.800449E-0012  0.000000E+0000  1.849854E-0012  2.617240E-0012  2.578937E-0012
  9.214851E-0014  2.071676E-0013  4.063416E-0014  4.892753E-0013  1.223466E-0012  9.251488E-0013  3.617107E-0013  1.849854E-0012  0.000000E+0000  8.961720E-0013  5.626610E-0013
  4.011236E-0013  2.293721E-0013  2.797762E-0014  1.080358E-0012  1.572853E-0012  1.788791E-0012  4.158895E-0013  2.617240E-0012  8.961720E-0013  0.000000E+0000  1.907363E-0012
  2.523537E-0013  2.216005E-0013  2.597922E-0014  1.173284E-0012  1.527112E-0012  1.317502E-0012  2.080558E-0013  2.578937E-0012  5.626610E-0013  1.907363E-0012  0.000000E+0000

  0.000000E+0000  1.908473E-0013  3.086420E-0014  2.495781E-0013  2.603473E-0013  3.597123E-0013  1.980638E-0013  7.355228E-0013  8.659740E-0014  6.799006E-0013  3.318457E-0013
  1.908473E-0013  0.000000E+0000  2.042810E-0014  5.204726E-0013  4.198863E-0013  5.206946E-0013  3.388401E-0013  8.241186E-0013  4.067857E-0013  5.117018E-0013  5.141443E-0013
  3.086420E-0014  2.042810E-0014  0.000000E+0000  3.064216E-0014  2.042810E-0014  2.142730E-0014  1.976197E-0014  1.498801E-0013  2.975398E-0014  3.597123E-0014  2.620126E-0014
  2.495781E-0013  5.204726E-0013  3.064216E-0014  0.000000E+0000  6.254997E-0013  7.942536E-0013  1.083578E-0013  2.661871E-0012  2.937650E-0013  1.800560E-0012  8.510970E-0013
  2.603473E-0013  4.198863E-0013  2.042810E-0014  6.254997E-0013  0.000000E+0000  6.119549E-0013  3.865797E-0013  2.356115E-0012  4.934941E-0013  1.001976E-0012  6.056267E-0013
  3.597123E-0013  5.206946E-0013  2.142730E-0014  7.942536E-0013  6.119549E-0013  0.000000E+0000  1.680878E-0013  2.772116E-0012  4.024558E-0013  1.644795E-0012  8.663070E-0013
  1.980638E-0013  3.388401E-0013  1.976197E-0014  1.083578E-0013  3.865797E-0013  1.680878E-0013  0.000000E+0000  1.906253E-0012  2.077227E-0013  8.317791E-0013  1.173506E-0013
  7.355228E-0013  8.241186E-0013  1.498801E-0013  2.661871E-0012  2.356115E-0012  2.772116E-0012  1.906253E-0012  0.000000E+0000  1.956546E-0012  2.770340E-0012  2.737144E-0012
  8.659740E-0014  4.067857E-0013  2.975398E-0014  2.937650E-0013  4.934941E-0013  4.024558E-0013  2.077227E-0013  1.956546E-0012  0.000000E+0000  1.268208E-0012  3.271827E-0013
  6.799006E-0013  5.117018E-0013  3.597123E-0014  1.800560E-0012  1.001976E-0012  1.644795E-0012  8.317791E-0013  2.770340E-0012  1.268208E-0012  0.000000E+0000  1.621814E-0012
  3.318457E-0013  5.141443E-0013  2.620126E-0014  8.510970E-0013  6.056267E-0013  8.663070E-0013  1.173506E-0013  2.737144E-0012  3.271827E-0013  1.621814E-0012  0.000000E+0000

  0.000000E+0000  4.329870E-0015  1.709743E-0014  2.142730E-0014  6.028511E-0014  5.417888E-0014  6.161738E-0014  1.465494E-0014  6.428191E-0014  9.947598E-0014  2.386980E-0014
  4.329870E-0015  0.000000E+0000  2.053913E-0014  3.563816E-0014  6.683543E-0014  7.993606E-0014  6.261658E-0014  2.275957E-0014  8.937295E-0014  1.306732E-0013  3.663736E-0014
  1.709743E-0014  2.053913E-0014  0.000000E+0000  4.918288E-0014  5.362377E-0014  6.294965E-0014  8.038015E-0014  5.495604E-0014  2.564615E-0014  6.250556E-0014  5.762057E-0014
  2.142730E-0014  3.563816E-0014  4.918288E-0014  0.000000E+0000  2.873257E-0013  7.460699E-0013  8.654188E-0013  3.961276E-0013  1.740830E-0013  6.932233E-0013  2.277067E-0013
  6.028511E-0014  6.683543E-0014  5.362377E-0014  2.873257E-0013  0.000000E+0000  4.661826E-0013  3.974598E-0013  1.699751E-0013  3.415046E-0013  4.419798E-0013  2.690070E-0013
  5.417888E-0014  7.993606E-0014  6.294965E-0014  7.460699E-0013  4.661826E-0013  0.000000E+0000  1.131539E-0012  6.300516E-0013  5.310197E-0013  1.362355E-0012  7.743806E-0013
  6.161738E-0014  6.261658E-0014  8.038015E-0014  8.654188E-0013  3.974598E-0013  1.131539E-0012  0.000000E+0000  3.703704E-0013  8.525403E-0013  8.301138E-0013  6.911138E-0013
  1.465494E-0014  2.275957E-0014  5.495604E-0014  3.961276E-0013  1.699751E-0013  6.300516E-0013  3.703704E-0013  0.000000E+0000  4.994893E-0013  5.512257E-0013  2.785550E-0013
  6.428191E-0014  8.937295E-0014  2.564615E-0014  1.740830E-0013  3.415046E-0013  5.310197E-0013  8.525403E-0013  4.994893E-0013  0.000000E+0000  5.145884E-0013  3.600453E-0013
  9.947598E-0014  1.306732E-0013  6.250556E-0014  6.932233E-0013  4.419798E-0013  1.362355E-0012  8.301138E-0013  5.512257E-0013  5.145884E-0013  0.000000E+0000  4.686251E-0013
  2.386980E-0014  3.663736E-0014  5.762057E-0014  2.277067E-0013  2.690070E-0013  7.743806E-0013  6.911138E-0013  2.785550E-0013  3.600453E-0013  4.686251E-0013  0.000000E+0000

  0.000000E+0000  2.153833E-0014  2.375877E-0014  2.774447E-0013  7.162049E-0013  2.283729E-0013  8.659740E-0014  3.944622E-0013  6.905587E-0014  1.384004E-0012  1.108003E-0013
  2.153833E-0014  0.000000E+0000  1.165734E-0014  9.214851E-0014  7.205347E-0013  6.317169E-0014  2.564615E-0014  4.611866E-0013  4.229950E-0014  1.177836E-0012  3.008704E-0014
  2.375877E-0014  1.165734E-0014  0.000000E+0000  1.076916E-0014  9.792167E-0014  1.931788E-0014  4.585221E-0014  1.149081E-0013  5.739853E-0014  8.337775E-0014  4.585221E-0014
  2.774447E-0013  9.214851E-0014  1.076916E-0014  0.000000E+0000  2.112976E-0012  6.403766E-0013  8.005818E-0013  2.619904E-0012  1.341927E-0012  4.545586E-0012  1.460720E-0012
  7.162049E-0013  7.205347E-0013  9.792167E-0014  2.112976E-0012  0.000000E+0000  2.312817E-0012  1.602274E-0012  1.881717E-0012  1.938782E-0012  6.126211E-0012  2.396527E-0012
  2.283729E-0013  6.317169E-0014  1.931788E-0014  6.403766E-0013  2.312817E-0012  0.000000E+0000  6.415979E-0013  2.313372E-0012  1.071476E-0012  5.613843E-0012  9.813261E-0013
  8.659740E-0014  2.564615E-0014  4.585221E-0014  8.005818E-0013  1.602274E-0012  6.415979E-0013  0.000000E+0000  1.071143E-0012  2.782219E-0013  3.528733E-0012  2.914335E-0013
  3.944622E-0013  4.611866E-0013  1.149081E-0013  2.619904E-0012  1.881717E-0012  2.313372E-0012  1.071143E-0012  0.000000E+0000  1.068701E-0012  5.363709E-0012  1.740719E-0012
  6.905587E-0014  4.229950E-0014  5.739853E-0014  1.341927E-0012  1.938782E-0012  1.071476E-0012  2.782219E-0013  1.068701E-0012  0.000000E+0000  4.825917E-0012  5.203615E-0013
  1.384004E-0012  1.177836E-0012  8.337775E-0014  4.545586E-0012  6.126211E-0012  5.613843E-0012  3.528733E-0012  5.363709E-0012  4.825917E-0012  0.000000E+0000  6.201151E-0012
  1.108003E-0013  3.008704E-0014  4.585221E-0014  1.460720E-0012  2.396527E-0012  9.813261E-0013  2.914335E-0013  1.740719E-0012  5.203615E-0013  6.201151E-0012  0.000000E+0000

  0.000000E+0000  3.875789E-0013  1.831868E-0014  2.650991E-0012  6.841860E-0012  3.089307E-0012  1.357581E-0012  1.574518E-0012  8.754775E-0012  3.792744E-0012  1.241451E-0012
  3.875789E-0013  0.000000E+0000  6.161738E-0014  7.288614E-0013  6.383116E-0012  6.359357E-0013  6.599166E-0013  1.747269E-0012  4.646838E-0012  1.465050E-0012  9.461321E-0013
  1.831868E-0014  6.161738E-0014  0.000000E+0000  2.020606E-0013  1.302181E-0012  2.478018E-0013  1.119105E-0013  3.272937E-0013  1.137868E-0012  4.628520E-0013  1.459943E-0013
  2.650991E-0012  7.288614E-0013  2.020606E-0013  0.000000E+0000  2.085832E-0011  7.765566E-0012  3.482215E-0012  1.081080E-0011  3.330702E-0011  1.035405E-0011  2.079770E-0011
  6.841860E-0012  6.383116E-0012  1.302181E-0012  2.085832E-0011  0.000000E+0000  2.116163E-0011  1.608202E-0011  1.701916E-0011  1.657574E-0011  2.086598E-0011  2.327938E-0011
  3.089307E-0012  6.359357E-0013  2.478018E-0013  7.765566E-0012  2.116163E-0011  0.000000E+0000  4.743539E-0012  1.303591E-0011  3.153533E-0011  1.449696E-0011  3.893008E-0011
  1.357581E-0012  6.599166E-0013  1.119105E-0013  3.482215E-0012  1.608202E-0011  4.743539E-0012  0.000000E+0000  4.074185E-0012  2.133393E-0011  6.606604E-0012  2.168821E-0012
  1.574518E-0012  1.747269E-0012  3.272937E-0013  1.081080E-0011  1.701916E-0011  1.303591E-0011  4.074185E-0012  0.000000E+0000  3.024381E-0011  1.135936E-0011  5.815126E-0012
  8.754775E-0012  4.646838E-0012  1.137868E-0012  3.330702E-0011  1.657574E-0011  3.153533E-0011  2.133393E-0011  3.024381E-0011  0.000000E+0000  3.804168E-0011  4.946921E-0011
  3.792744E-0012  1.465050E-0012  4.628520E-0013  1.035405E-0011  2.086598E-0011  1.449696E-0011  6.606604E-0012  1.135936E-0011  3.804168E-0011  0.000000E+0000  4.930778E-0011
  1.241451E-0012  9.461321E-0013  1.459943E-0013  2.079770E-0011  2.327938E-0011  3.893008E-0011  2.168821E-0012  5.815126E-0012  4.946921E-0011  4.930778E-0011  0.000000E+0000
