6661999 = Ignore first line (new format code)
File name: E:\Folders\PhD\ISAD\ISAD_Curry_data\ISAD_EEGs\eLORETA\EEGs_128Hz_200sec-window\Clinical_v_Healthy\T1_healthy_all\H4-ROIlinLagConn-crss.txt
1 = Number of time frames in Time X Frequency decomposition
3 = Number of EEG files
11 = Number Electrodes
25600 = Number of time frames in EEG files
32768 = Number of time frames in EEG files power of 2
7 = Number of matrices
5 = Band type (1=Classical1; 2=Classical2; 3=DiscreteFreqs; 4=AllDiscreteFreqs; 5=UserDefinedBands)
 1.280000E+0002 = Sampling rate Hz
-1.000000E+0002 = Freq1 Hz
-1.000000E+0002 = Freq2 Hz
 3.906250E-0003 = Frequency resolution Hz

  0.000000E+0000  3.003448E-0003  1.444416E-0003  5.649573E-0003  3.286601E-0003  1.860386E-0003  4.727347E-0002  9.266724E-0003  1.054401E-0002  5.349942E-0002  3.137867E-0002
  3.003448E-0003  0.000000E+0000  1.391202E-0003  8.345575E-0003  5.897039E-0003  9.591276E-0003  3.521876E-0002  1.395908E-0002  9.245357E-0003  3.962781E-0002  2.099504E-0002
  1.444416E-0003  1.391202E-0003  0.000000E+0000  1.538687E-0003  2.907157E-0003  2.679599E-0003  6.944613E-0003  1.765687E-0003  1.065714E-0003  7.938646E-0003  5.395754E-0003
  5.649573E-0003  8.345575E-0003  1.538687E-0003  0.000000E+0000  1.048961E-0002  2.029237E-0002  8.783568E-0002  2.070560E-0002  2.908721E-0002  9.755328E-0002  1.472813E-0001
  3.286601E-0003  5.897039E-0003  2.907157E-0003  1.048961E-0002  0.000000E+0000  1.163352E-0002  7.744077E-0002  3.938403E-0002  2.480514E-0002  8.506779E-0002  5.686055E-0002
  1.860386E-0003  9.591276E-0003  2.679599E-0003  2.029237E-0002  1.163352E-0002  0.000000E+0000  1.386620E-0001  2.926859E-0002  3.399968E-0002  1.592167E-0001  8.456826E-0002
  4.727347E-0002  3.521876E-0002  6.944613E-0003  8.783568E-0002  7.744077E-0002  1.386620E-0001  0.000000E+0000  9.994230E-0002  6.797519E-0002  9.500568E-0002  5.712540E-0002
  9.266724E-0003  1.395908E-0002  1.765687E-0003  2.070560E-0002  3.938403E-0002  2.926859E-0002  9.994230E-0002  0.000000E+0000  4.806313E-0002  1.194755E-0001  8.577882E-0002
  1.054401E-0002  9.245357E-0003  1.065714E-0003  2.908721E-0002  2.480514E-0002  3.399968E-0002  6.797519E-0002  4.806313E-0002  0.000000E+0000  7.738309E-0002  1.090571E-0001
  5.349942E-0002  3.962781E-0002  7.938646E-0003  9.755328E-0002  8.506779E-0002  1.592167E-0001  9.500568E-0002  1.194755E-0001  7.738309E-0002  0.000000E+0000  8.260208E-0002
  3.137867E-0002  2.099504E-0002  5.395754E-0003  1.472813E-0001  5.686055E-0002  8.456826E-0002  5.712540E-0002  8.577882E-0002  1.090571E-0001  8.260208E-0002  0.000000E+0000

  0.000000E+0000  4.186562E-0003  1.768269E-0003  7.760910E-0003  6.860994E-0003  1.710242E-0002  4.354308E-0003  9.643853E-0003  5.048742E-0003  1.077652E-0002  8.385636E-0003
  4.186562E-0003  0.000000E+0000  3.523203E-0004  1.424706E-0003  3.029479E-0003  3.610572E-0003  8.954296E-0004  7.764522E-0003  7.386662E-0004  4.172377E-0003  1.364474E-0003
  1.768269E-0003  3.523203E-0004  0.000000E+0000  1.200891E-0003  6.227304E-0004  1.333298E-0003  5.507814E-0004  2.390205E-0003  5.050814E-0004  6.620620E-0004  7.612061E-0004
  7.760910E-0003  1.424706E-0003  1.200891E-0003  0.000000E+0000  6.034052E-0003  7.433069E-0003  3.011030E-0003  1.673798E-0002  4.659742E-0003  1.109163E-0002  5.001776E-0003
  6.860994E-0003  3.029479E-0003  6.227304E-0004  6.034052E-0003  0.000000E+0000  1.169635E-0002  4.896145E-0003  7.136409E-0003  1.875469E-0003  2.875321E-0003  7.104976E-0003
  1.710242E-0002  3.610572E-0003  1.333298E-0003  7.433069E-0003  1.169635E-0002  0.000000E+0000  4.607359E-0003  2.666441E-0002  3.704707E-0003  2.057419E-0002  6.620825E-0003
  4.354308E-0003  8.954296E-0004  5.507814E-0004  3.011030E-0003  4.896145E-0003  4.607359E-0003  0.000000E+0000  8.615043E-0003  1.670914E-0003  1.213317E-0002  4.046454E-0003
  9.643853E-0003  7.764522E-0003  2.390205E-0003  1.673798E-0002  7.136409E-0003  2.666441E-0002  8.615043E-0003  0.000000E+0000  8.891506E-0003  1.123869E-0002  1.295057E-0002
  5.048742E-0003  7.386662E-0004  5.050814E-0004  4.659742E-0003  1.875469E-0003  3.704707E-0003  1.670914E-0003  8.891506E-0003  0.000000E+0000  1.743535E-0003  2.210202E-0003
  1.077652E-0002  4.172377E-0003  6.620620E-0004  1.109163E-0002  2.875321E-0003  2.057419E-0002  1.213317E-0002  1.123869E-0002  1.743535E-0003  0.000000E+0000  1.542888E-0002
  8.385636E-0003  1.364474E-0003  7.612061E-0004  5.001776E-0003  7.104976E-0003  6.620825E-0003  4.046454E-0003  1.295057E-0002  2.210202E-0003  1.542888E-0002  0.000000E+0000

  0.000000E+0000  2.724744E-0003  8.655150E-0004  2.334717E-0003  6.738362E-0003  2.094361E-0002  7.463892E-0004  3.082800E-0003  2.925293E-0003  9.162646E-0003  5.550674E-0004
  2.724744E-0003  0.000000E+0000  4.123976E-0004  2.256101E-0003  3.592178E-0003  3.981288E-0003  1.019545E-0003  6.675954E-0003  1.903941E-0003  5.514082E-0003  1.740235E-0003
  8.655150E-0004  4.123976E-0004  0.000000E+0000  3.508567E-0004  8.926049E-0004  1.295505E-0003  3.353566E-0004  1.377821E-0003  6.726492E-0004  5.518991E-0004  7.116055E-0004
  2.334717E-0003  2.256101E-0003  3.508567E-0004  0.000000E+0000  2.604203E-0003  9.059717E-0003  2.119347E-0003  5.562555E-0003  2.549027E-0003  6.696369E-0003  3.647044E-0003
  6.738362E-0003  3.592178E-0003  8.926049E-0004  2.604203E-0003  0.000000E+0000  1.234452E-0002  2.106773E-0003  1.943868E-0002  6.466820E-0003  1.063168E-0002  5.835474E-0003
  2.094361E-0002  3.981288E-0003  1.295505E-0003  9.059717E-0003  1.234452E-0002  0.000000E+0000  5.086760E-0003  2.255210E-0002  5.677028E-0003  1.042436E-0002  1.155401E-0002
  7.463892E-0004  1.019545E-0003  3.353566E-0004  2.119347E-0003  2.106773E-0003  5.086760E-0003  0.000000E+0000  6.949927E-0003  1.355721E-0003  3.181360E-0003  7.594183E-0004
  3.082800E-0003  6.675954E-0003  1.377821E-0003  5.562555E-0003  1.943868E-0002  2.255210E-0002  6.949927E-0003  0.000000E+0000  6.590543E-0003  1.412565E-0002  5.105339E-0003
  2.925293E-0003  1.903941E-0003  6.726492E-0004  2.549027E-0003  6.466820E-0003  5.677028E-0003  1.355721E-0003  6.590543E-0003  0.000000E+0000  5.592481E-0003  3.351342E-0003
  9.162646E-0003  5.514082E-0003  5.518991E-0004  6.696369E-0003  1.063168E-0002  1.042436E-0002  3.181360E-0003  1.412565E-0002  5.592481E-0003  0.000000E+0000  7.145617E-0003
  5.550674E-0004  1.740235E-0003  7.116055E-0004  3.647044E-0003  5.835474E-0003  1.155401E-0002  7.594183E-0004  5.105339E-0003  3.351342E-0003  7.145617E-0003  0.000000E+0000

  0.000000E+0000  6.866364E-0003  1.677068E-0003  1.500760E-0002  2.402491E-0002  1.936682E-0002  3.294964E-0002  1.365755E-0002  9.143109E-0003  2.280146E-0002  3.878317E-0002
  6.866364E-0003  0.000000E+0000  6.884870E-0004  5.221867E-0003  5.329038E-0003  6.547233E-0003  1.462664E-0002  9.548556E-0003  6.722492E-0003  9.328150E-0003  1.553942E-0002
  1.677068E-0003  6.884870E-0004  0.000000E+0000  1.619202E-0003  7.521927E-0004  1.517966E-0003  2.598909E-0003  2.059468E-0003  7.014221E-0004  2.085373E-0003  3.039662E-0003
  1.500760E-0002  5.221867E-0003  1.619202E-0003  0.000000E+0000  1.310728E-0002  1.396567E-0002  3.039095E-0002  2.276628E-0002  2.245760E-0002  2.104093E-0002  2.836136E-0002
  2.402491E-0002  5.329038E-0003  7.521927E-0004  1.310728E-0002  0.000000E+0000  1.993539E-0002  4.192235E-0002  2.879088E-0002  5.004763E-0003  2.276672E-0002  4.256716E-0002
  1.936682E-0002  6.547233E-0003  1.517966E-0003  1.396567E-0002  1.993539E-0002  0.000000E+0000  2.442324E-0002  2.554190E-0002  2.078262E-0002  1.919139E-0002  2.769507E-0002
  3.294964E-0002  1.462664E-0002  2.598909E-0003  3.039095E-0002  4.192235E-0002  2.442324E-0002  0.000000E+0000  4.430864E-0002  3.511848E-0002  2.990849E-0002  4.892445E-0002
  1.365755E-0002  9.548556E-0003  2.059468E-0003  2.276628E-0002  2.879088E-0002  2.554190E-0002  4.430864E-0002  0.000000E+0000  1.711735E-0002  3.098178E-0002  5.636748E-0002
  9.143109E-0003  6.722492E-0003  7.014221E-0004  2.245760E-0002  5.004763E-0003  2.078262E-0002  3.511848E-0002  1.711735E-0002  0.000000E+0000  2.167650E-0002  4.386955E-0002
  2.280146E-0002  9.328150E-0003  2.085373E-0003  2.104093E-0002  2.276672E-0002  1.919139E-0002  2.990849E-0002  3.098178E-0002  2.167650E-0002  0.000000E+0000  3.421466E-0002
  3.878317E-0002  1.553942E-0002  3.039662E-0003  2.836136E-0002  4.256716E-0002  2.769507E-0002  4.892445E-0002  5.636748E-0002  4.386955E-0002  3.421466E-0002  0.000000E+0000

  0.000000E+0000  1.729615E-0002  1.011393E-0002  3.487286E-0002  6.832346E-0002  2.273597E-0002  1.373078E-0001  1.023273E-0002  9.600503E-0003  5.947904E-0002  1.106609E-0001
  1.729615E-0002  0.000000E+0000  4.049647E-0003  3.986835E-0002  2.406607E-0002  2.020667E-0002  5.777789E-0002  1.980848E-0002  1.224209E-0002  6.576366E-0002  5.777601E-0002
  1.011393E-0002  4.049647E-0003  0.000000E+0000  1.106471E-0002  4.873207E-0003  1.181976E-0002  6.115566E-0003  1.088097E-0002  4.271602E-0003  5.385647E-0003  7.584457E-0003
  3.487286E-0002  3.986835E-0002  1.106471E-0002  0.000000E+0000  5.776763E-0002  3.425420E-0002  1.883075E-0001  3.885313E-0002  7.918444E-0003  1.008193E-0001  1.664290E-0001
  6.832346E-0002  2.406607E-0002  4.873207E-0003  5.776763E-0002  0.000000E+0000  6.694105E-0002  6.161343E-0002  8.392631E-0002  1.930721E-0002  7.430581E-0002  6.749738E-0002
  2.273597E-0002  2.020667E-0002  1.181976E-0002  3.425420E-0002  6.694105E-0002  0.000000E+0000  1.757457E-0001  3.504901E-0002  2.562002E-0002  7.209498E-0002  1.681278E-0001
  1.373078E-0001  5.777789E-0002  6.115566E-0003  1.883075E-0001  6.161343E-0002  1.757457E-0001  0.000000E+0000  1.444306E-0001  3.452506E-0002  4.776574E-0002  5.000919E-0002
  1.023273E-0002  1.980848E-0002  1.088097E-0002  3.885313E-0002  8.392631E-0002  3.504901E-0002  1.444306E-0001  0.000000E+0000  1.272680E-0002  8.753868E-0002  1.085401E-0001
  9.600503E-0003  1.224209E-0002  4.271602E-0003  7.918444E-0003  1.930721E-0002  2.562002E-0002  3.452506E-0002  1.272680E-0002  0.000000E+0000  2.007488E-0002  2.274656E-0002
  5.947904E-0002  6.576366E-0002  5.385647E-0003  1.008193E-0001  7.430581E-0002  7.209498E-0002  4.776574E-0002  8.753868E-0002  2.007488E-0002  0.000000E+0000  7.138333E-0002
  1.106609E-0001  5.777601E-0002  7.584457E-0003  1.664290E-0001  6.749738E-0002  1.681278E-0001  5.000919E-0002  1.085401E-0001  2.274656E-0002  7.138333E-0002  0.000000E+0000

  0.000000E+0000  6.092145E-0003  1.287994E-0003  1.636475E-0002  8.450351E-0003  3.115390E-0002  2.245561E-0003  7.256678E-0003  1.438261E-0002  1.970296E-0002  2.653679E-0003
  6.092145E-0003  0.000000E+0000  1.416041E-0003  2.669301E-0002  1.029344E-0002  4.001457E-0002  5.078518E-0003  9.110278E-0003  1.364933E-0002  1.559745E-0002  6.714545E-0003
  1.287994E-0003  1.416041E-0003  0.000000E+0000  2.799138E-0003  2.803933E-0003  5.158088E-0003  2.703703E-0003  1.872957E-0003  1.530837E-0003  4.610335E-0003  3.138248E-0003
  1.636475E-0002  2.669301E-0002  2.799138E-0003  0.000000E+0000  1.740023E-0002  4.417071E-0002  8.026935E-0003  2.374150E-0002  1.095177E-0002  4.002069E-0002  1.582493E-0002
  8.450351E-0003  1.029344E-0002  2.803933E-0003  1.740023E-0002  0.000000E+0000  1.912131E-0002  7.845432E-0003  1.298351E-0002  1.746555E-0002  1.553668E-0002  1.104419E-0002
  3.115390E-0002  4.001457E-0002  5.158088E-0003  4.417071E-0002  1.912131E-0002  0.000000E+0000  8.664847E-0003  4.598233E-0002  2.113845E-0002  5.145197E-0002  9.765590E-0003
  2.245561E-0003  5.078518E-0003  2.703703E-0003  8.026935E-0003  7.845432E-0003  8.664847E-0003  0.000000E+0000  4.849193E-0003  1.428630E-0002  1.114985E-0002  4.108725E-0003
  7.256678E-0003  9.110278E-0003  1.872957E-0003  2.374150E-0002  1.298351E-0002  4.598233E-0002  4.849193E-0003  0.000000E+0000  2.440266E-0002  2.246847E-0002  3.307217E-0003
  1.438261E-0002  1.364933E-0002  1.530837E-0003  1.095177E-0002  1.746555E-0002  2.113845E-0002  1.428630E-0002  2.440266E-0002  0.000000E+0000  1.582226E-0002  1.835910E-0002
  1.970296E-0002  1.559745E-0002  4.610335E-0003  4.002069E-0002  1.553668E-0002  5.145197E-0002  1.114985E-0002  2.246847E-0002  1.582226E-0002  0.000000E+0000  1.806824E-0002
  2.653679E-0003  6.714545E-0003  3.138248E-0003  1.582493E-0002  1.104419E-0002  9.765590E-0003  4.108725E-0003  3.307217E-0003  1.835910E-0002  1.806824E-0002  0.000000E+0000

  0.000000E+0000  1.850963E-0003  6.558593E-0004  2.799072E-0003  2.967070E-0003  3.528100E-0003  3.873525E-0004  1.691171E-0003  3.149717E-0003  2.879930E-0003  1.362391E-0003
  1.850963E-0003  0.000000E+0000  4.976533E-0004  4.976870E-0003  2.961873E-0003  6.414862E-0003  1.139844E-0003  2.153555E-0003  3.535225E-0003  3.347108E-0003  1.270509E-0003
  6.558593E-0004  4.976533E-0004  0.000000E+0000  3.929881E-0004  7.261535E-0004  1.372124E-0003  6.366492E-0004  9.868628E-0004  3.851193E-0004  1.615070E-0003  8.053432E-0004
  2.799072E-0003  4.976870E-0003  3.929881E-0004  0.000000E+0000  2.283462E-0003  1.203546E-0002  1.064591E-0003  5.456844E-0003  2.123289E-0003  8.112225E-0003  2.745199E-0003
  2.967070E-0003  2.961873E-0003  7.261535E-0004  2.283462E-0003  0.000000E+0000  6.264129E-0003  1.375625E-0003  4.080487E-0003  2.448560E-0003  4.020569E-0003  2.484990E-0003
  3.528100E-0003  6.414862E-0003  1.372124E-0003  1.203546E-0002  6.264129E-0003  0.000000E+0000  2.714446E-0003  7.043337E-0003  7.826372E-0003  1.032308E-0002  2.211752E-0003
  3.873525E-0004  1.139844E-0003  6.366492E-0004  1.064591E-0003  1.375625E-0003  2.714446E-0003  0.000000E+0000  1.418688E-0003  2.051609E-0003  2.740813E-0003  1.200644E-0003
  1.691171E-0003  2.153555E-0003  9.868628E-0004  5.456844E-0003  4.080487E-0003  7.043337E-0003  1.418688E-0003  0.000000E+0000  6.324552E-0003  3.730915E-0003  1.106737E-0003
  3.149717E-0003  3.535225E-0003  3.851193E-0004  2.123289E-0003  2.448560E-0003  7.826372E-0003  2.051609E-0003  6.324552E-0003  0.000000E+0000  6.012321E-0003  2.947480E-0003
  2.879930E-0003  3.347108E-0003  1.615070E-0003  8.112225E-0003  4.020569E-0003  1.032308E-0002  2.740813E-0003  3.730915E-0003  6.012321E-0003  0.000000E+0000  3.800601E-0003
  1.362391E-0003  1.270509E-0003  8.053432E-0004  2.745199E-0003  2.484990E-0003  2.211752E-0003  1.200644E-0003  1.106737E-0003  2.947480E-0003  3.800601E-0003  0.000000E+0000
