6661999 = Ignore first line (new format code)
File name: E:\Folders\PhD\ISAD\ISAD_Curry_data\ISAD_EEGs\eLORETA\EEGs_128Hz_200sec-window\Clinical_v_Healthy\T1_healthy_all\H40-ROIlinLagConn-crss.txt
1 = Number of time frames in Time X Frequency decomposition
3 = Number of EEG files
11 = Number Electrodes
25600 = Number of time frames in EEG files
32768 = Number of time frames in EEG files power of 2
7 = Number of matrices
5 = Band type (1=Classical1; 2=Classical2; 3=DiscreteFreqs; 4=AllDiscreteFreqs; 5=UserDefinedBands)
 1.280000E+0002 = Sampling rate Hz
-1.000000E+0002 = Freq1 Hz
-1.000000E+0002 = Freq2 Hz
 3.906250E-0003 = Frequency resolution Hz

  0.000000E+0000  5.514485E-0002  1.530454E-0002  3.951019E-0002  2.181617E-0002  4.832786E-0002  6.343840E-0002  7.025044E-0002  5.412101E-0002  2.195750E-0002  8.659516E-0002
  5.514485E-0002  0.000000E+0000  1.614958E-0002  5.604025E-0002  4.369448E-0002  6.509142E-0002  5.226504E-0002  7.072192E-0002  4.303801E-0002  3.489510E-0002  6.503481E-0002
  1.530454E-0002  1.614958E-0002  0.000000E+0000  1.303053E-0002  1.580803E-0002  3.623860E-0002  2.882338E-0002  2.135235E-0002  1.932444E-0002  2.242991E-0002  3.817482E-0002
  3.951019E-0002  5.604025E-0002  1.303053E-0002  0.000000E+0000  2.838166E-0002  6.271053E-0002  6.342419E-0002  6.818377E-0002  4.725544E-0002  3.597800E-0002  1.172628E-0001
  2.181617E-0002  4.369448E-0002  1.580803E-0002  2.838166E-0002  0.000000E+0000  9.222331E-0002  5.790025E-0002  5.467227E-0002  4.525923E-0002  7.069186E-0002  9.595536E-0002
  4.832786E-0002  6.509142E-0002  3.623860E-0002  6.271053E-0002  9.222331E-0002  0.000000E+0000  1.219737E-0001  7.280355E-0002  6.634534E-0002  6.897942E-0003  1.603234E-0001
  6.343840E-0002  5.226504E-0002  2.882338E-0002  6.342419E-0002  5.790025E-0002  1.219737E-0001  0.000000E+0000  8.538494E-0002  5.821682E-0002  7.404075E-0002  6.984319E-0002
  7.025044E-0002  7.072192E-0002  2.135235E-0002  6.818377E-0002  5.467227E-0002  7.280355E-0002  8.538494E-0002  0.000000E+0000  6.997656E-0002  5.024141E-0002  1.042072E-0001
  5.412101E-0002  4.303801E-0002  1.932444E-0002  4.725544E-0002  4.525923E-0002  6.634534E-0002  5.821682E-0002  6.997656E-0002  0.000000E+0000  2.718761E-0002  8.037957E-0002
  2.195750E-0002  3.489510E-0002  2.242991E-0002  3.597800E-0002  7.069186E-0002  6.897942E-0003  7.404075E-0002  5.024141E-0002  2.718761E-0002  0.000000E+0000  9.939224E-0002
  8.659516E-0002  6.503481E-0002  3.817482E-0002  1.172628E-0001  9.595536E-0002  1.603234E-0001  6.984319E-0002  1.042072E-0001  8.037957E-0002  9.939224E-0002  0.000000E+0000

  0.000000E+0000  4.150799E-0003  2.363377E-0003  5.076161E-0003  4.271132E-0003  9.239745E-0003  3.462558E-0003  4.159350E-0003  5.089694E-0003  9.695098E-0003  2.294434E-0003
  4.150799E-0003  0.000000E+0000  1.408157E-0003  9.119003E-0003  8.264711E-0003  1.083275E-0002  2.297267E-0003  3.330954E-0003  4.823586E-0003  9.137142E-0003  1.413611E-0003
  2.363377E-0003  1.408157E-0003  0.000000E+0000  9.205383E-0003  5.982229E-0003  7.910469E-0003  1.603646E-0003  1.807958E-0003  2.657124E-0003  8.291191E-0003  6.242645E-0004
  5.076161E-0003  9.119003E-0003  9.205383E-0003  0.000000E+0000  9.429790E-0003  1.507753E-0002  1.180204E-0002  1.117474E-0002  1.333192E-0002  1.100369E-0002  3.618044E-0003
  4.271132E-0003  8.264711E-0003  5.982229E-0003  9.429790E-0003  0.000000E+0000  1.097691E-0002  9.442291E-0003  1.065175E-0002  8.846818E-0003  8.664308E-0003  6.397322E-0003
  9.239745E-0003  1.083275E-0002  7.910469E-0003  1.507753E-0002  1.097691E-0002  0.000000E+0000  1.394039E-0002  1.706230E-0002  1.571532E-0002  1.525332E-0002  6.284272E-0003
  3.462558E-0003  2.297267E-0003  1.603646E-0003  1.180204E-0002  9.442291E-0003  1.394039E-0002  0.000000E+0000  2.452414E-0003  5.044206E-0003  1.277396E-0002  9.461681E-0004
  4.159350E-0003  3.330954E-0003  1.807958E-0003  1.117474E-0002  1.065175E-0002  1.706230E-0002  2.452414E-0003  0.000000E+0000  5.853943E-0003  1.378290E-0002  2.056548E-0003
  5.089694E-0003  4.823586E-0003  2.657124E-0003  1.333192E-0002  8.846818E-0003  1.571532E-0002  5.044206E-0003  5.853943E-0003  0.000000E+0000  1.506926E-0002  2.761228E-0003
  9.695098E-0003  9.137142E-0003  8.291191E-0003  1.100369E-0002  8.664308E-0003  1.525332E-0002  1.277396E-0002  1.378290E-0002  1.506926E-0002  0.000000E+0000  4.997075E-0003
  2.294434E-0003  1.413611E-0003  6.242645E-0004  3.618044E-0003  6.397322E-0003  6.284272E-0003  9.461681E-0004  2.056548E-0003  2.761228E-0003  4.997075E-0003  0.000000E+0000

  0.000000E+0000  1.661037E-0003  1.655840E-0003  3.091006E-0003  4.277718E-0004  2.058444E-0003  3.106482E-0003  1.699815E-0003  1.673570E-0003  2.766965E-0003  4.698247E-0003
  1.661037E-0003  0.000000E+0000  2.454099E-0003  3.709028E-0003  1.677173E-0003  1.960338E-0003  5.309626E-0003  1.589080E-0003  2.105925E-0003  3.082796E-0003  7.779107E-0003
  1.655840E-0003  2.454099E-0003  0.000000E+0000  7.832782E-0004  1.265650E-0003  9.239164E-0004  1.482622E-0003  2.773885E-0003  2.058479E-0003  1.710032E-0003  2.116756E-0003
  3.091006E-0003  3.709028E-0003  7.832782E-0004  0.000000E+0000  2.443531E-0003  2.530964E-0003  5.294163E-0004  4.894981E-0003  3.842679E-0003  3.171557E-0003  7.832584E-0004
  4.277718E-0004  1.677173E-0003  1.265650E-0003  2.443531E-0003  0.000000E+0000  2.022854E-0003  2.829185E-0003  1.381696E-0003  2.546078E-0003  2.696247E-0003  4.562512E-0003
  2.058444E-0003  1.960338E-0003  9.239164E-0004  2.530964E-0003  2.022854E-0003  0.000000E+0000  1.939914E-0003  2.471859E-0003  2.581130E-0003  2.530623E-0003  2.901171E-0003
  3.106482E-0003  5.309626E-0003  1.482622E-0003  5.294163E-0004  2.829185E-0003  1.939914E-0003  0.000000E+0000  5.359115E-0003  3.863849E-0003  3.474466E-0003  9.984152E-0004
  1.699815E-0003  1.589080E-0003  2.773885E-0003  4.894981E-0003  1.381696E-0003  2.471859E-0003  5.359115E-0003  0.000000E+0000  2.295631E-0003  3.775995E-0003  8.029927E-0003
  1.673570E-0003  2.105925E-0003  2.058479E-0003  3.842679E-0003  2.546078E-0003  2.581130E-0003  3.863849E-0003  2.295631E-0003  0.000000E+0000  3.416144E-0003  5.847086E-0003
  2.766965E-0003  3.082796E-0003  1.710032E-0003  3.171557E-0003  2.696247E-0003  2.530623E-0003  3.474466E-0003  3.775995E-0003  3.416144E-0003  0.000000E+0000  5.271818E-0003
  4.698247E-0003  7.779107E-0003  2.116756E-0003  7.832584E-0004  4.562512E-0003  2.901171E-0003  9.984152E-0004  8.029927E-0003  5.847086E-0003  5.271818E-0003  0.000000E+0000

  0.000000E+0000  1.922420E-0003  9.269525E-0004  2.979441E-0003  7.992233E-0004  3.329063E-0003  1.675587E-0003  2.279298E-0003  2.433419E-0003  3.184662E-0003  1.877878E-0003
  1.922420E-0003  0.000000E+0000  5.970676E-0004  1.049364E-0003  2.119349E-0003  2.291360E-0003  1.258428E-0003  1.944779E-0003  2.254755E-0003  2.338218E-0003  1.607536E-0003
  9.269525E-0004  5.970676E-0004  0.000000E+0000  1.208789E-0003  1.788289E-0003  1.659140E-0003  7.798186E-0004  1.109616E-0003  8.654199E-0004  1.294794E-0003  1.539973E-0003
  2.979441E-0003  1.049364E-0003  1.208789E-0003  0.000000E+0000  5.584422E-0003  3.950969E-0003  4.532227E-0003  2.691735E-0003  3.331647E-0003  4.581808E-0003  6.844196E-0003
  7.992233E-0004  2.119349E-0003  1.788289E-0003  5.584422E-0003  0.000000E+0000  5.984767E-0003  3.805690E-0003  3.721148E-0003  2.203510E-0003  6.304602E-0003  5.780420E-0003
  3.329063E-0003  2.291360E-0003  1.659140E-0003  3.950969E-0003  5.984767E-0003  0.000000E+0000  3.528128E-0003  4.046754E-0003  3.979919E-0003  4.424576E-0003  5.395506E-0003
  1.675587E-0003  1.258428E-0003  7.798186E-0004  4.532227E-0003  3.805690E-0003  3.528128E-0003  0.000000E+0000  1.698729E-0003  2.029667E-0003  4.692178E-0003  1.140127E-0003
  2.279298E-0003  1.944779E-0003  1.109616E-0003  2.691735E-0003  3.721148E-0003  4.046754E-0003  1.698729E-0003  0.000000E+0000  3.323241E-0003  3.553648E-0003  7.134260E-0004
  2.433419E-0003  2.254755E-0003  8.654199E-0004  3.331647E-0003  2.203510E-0003  3.979919E-0003  2.029667E-0003  3.323241E-0003  0.000000E+0000  3.843973E-0003  2.670147E-0003
  3.184662E-0003  2.338218E-0003  1.294794E-0003  4.581808E-0003  6.304602E-0003  4.424576E-0003  4.692178E-0003  3.553648E-0003  3.843973E-0003  0.000000E+0000  7.166541E-0003
  1.877878E-0003  1.607536E-0003  1.539973E-0003  6.844196E-0003  5.780420E-0003  5.395506E-0003  1.140127E-0003  7.134260E-0004  2.670147E-0003  7.166541E-0003  0.000000E+0000

  0.000000E+0000  3.275098E-0002  3.458463E-0002  8.455584E-0002  1.012415E-0001  9.721236E-0002  3.821823E-0002  4.694479E-0002  4.694572E-0002  8.563295E-0002  6.308751E-0002
  3.275098E-0002  0.000000E+0000  1.563379E-0002  6.377404E-0002  7.774114E-0002  7.512388E-0002  1.512095E-0002  1.849992E-0002  3.509352E-0002  5.977445E-0002  5.336017E-0002
  3.458463E-0002  1.563379E-0002  0.000000E+0000  2.796212E-0002  4.369849E-0002  3.697953E-0002  2.582434E-0002  3.020345E-0002  4.065127E-0002  4.887427E-0002  3.906781E-0002
  8.455584E-0002  6.377404E-0002  2.796212E-0002  0.000000E+0000  9.871610E-0002  9.019259E-0002  8.711556E-0002  1.087730E-0001  1.154471E-0001  1.075027E-0001  8.522394E-0002
  1.012415E-0001  7.774114E-0002  4.369849E-0002  9.871610E-0002  0.000000E+0000  1.141679E-0001  1.009050E-0001  1.156752E-0001  1.231072E-0001  1.095533E-0001  8.172699E-0002
  9.721236E-0002  7.512388E-0002  3.697953E-0002  9.019259E-0002  1.141679E-0001  0.000000E+0000  9.948783E-0002  1.136337E-0001  1.192382E-0001  1.109472E-0001  9.158909E-0002
  3.821823E-0002  1.512095E-0002  2.582434E-0002  8.711556E-0002  1.009050E-0001  9.948783E-0002  0.000000E+0000  1.758224E-0002  4.295645E-0002  9.196056E-0002  7.003687E-0002
  4.694479E-0002  1.849992E-0002  3.020345E-0002  1.087730E-0001  1.156752E-0001  1.136337E-0001  1.758224E-0002  0.000000E+0000  1.035559E-0001  1.147307E-0001  8.425589E-0002
  4.694572E-0002  3.509352E-0002  4.065127E-0002  1.154471E-0001  1.231072E-0001  1.192382E-0001  4.295645E-0002  1.035559E-0001  0.000000E+0000  1.118486E-0001  7.399628E-0002
  8.563295E-0002  5.977445E-0002  4.887427E-0002  1.075027E-0001  1.095533E-0001  1.109472E-0001  9.196056E-0002  1.147307E-0001  1.118486E-0001  0.000000E+0000  8.335479E-0002
  6.308751E-0002  5.336017E-0002  3.906781E-0002  8.522394E-0002  8.172699E-0002  9.158909E-0002  7.003687E-0002  8.425589E-0002  7.399628E-0002  8.335479E-0002  0.000000E+0000

  0.000000E+0000  3.160474E-0003  2.394743E-0003  7.398964E-0003  5.497246E-0003  9.176619E-0003  3.100838E-0003  4.326039E-0003  5.452168E-0003  8.798762E-0003  4.189175E-0004
  3.160474E-0003  0.000000E+0000  2.071510E-0003  7.794021E-0003  4.594573E-0003  8.901121E-0003  2.019151E-0003  3.693014E-0003  5.719801E-0003  8.939494E-0003  1.844891E-0003
  2.394743E-0003  2.071510E-0003  0.000000E+0000  2.383566E-0003  1.070055E-0003  3.439607E-0003  2.128795E-0003  3.430942E-0003  2.599749E-0003  2.252229E-0003  1.652406E-0003
  7.398964E-0003  7.794021E-0003  2.383566E-0003  0.000000E+0000  8.155010E-0003  7.349936E-0003  2.322019E-0003  8.181259E-0003  8.759022E-0003  8.487411E-0003  2.691553E-0003
  5.497246E-0003  4.594573E-0003  1.070055E-0003  8.155010E-0003  0.000000E+0000  9.820323E-0003  4.743804E-0003  8.585840E-0003  8.507422E-0003  9.180151E-0003  3.770980E-0003
  9.176619E-0003  8.901121E-0003  3.439607E-0003  7.349936E-0003  9.820323E-0003  0.000000E+0000  3.987094E-0003  1.048570E-0002  1.101386E-0002  1.057301E-0002  3.784205E-0003
  3.100838E-0003  2.019151E-0003  2.128795E-0003  2.322019E-0003  4.743804E-0003  3.987094E-0003  0.000000E+0000  1.946743E-0003  3.972153E-0003  4.710171E-0003  1.837203E-0003
  4.326039E-0003  3.693014E-0003  3.430942E-0003  8.181259E-0003  8.585840E-0003  1.048570E-0002  1.946743E-0003  0.000000E+0000  7.058964E-0003  9.808907E-0003  1.550110E-0003
  5.452168E-0003  5.719801E-0003  2.599749E-0003  8.759022E-0003  8.507422E-0003  1.101386E-0002  3.972153E-0003  7.058964E-0003  0.000000E+0000  1.047821E-0002  3.088275E-0003
  8.798762E-0003  8.939494E-0003  2.252229E-0003  8.487411E-0003  9.180151E-0003  1.057301E-0002  4.710171E-0003  9.808907E-0003  1.047821E-0002  0.000000E+0000  3.173140E-0003
  4.189175E-0004  1.844891E-0003  1.652406E-0003  2.691553E-0003  3.770980E-0003  3.784205E-0003  1.837203E-0003  1.550110E-0003  3.088275E-0003  3.173140E-0003  0.000000E+0000

  0.000000E+0000  4.164528E-0004  2.087982E-0004  1.674794E-0003  3.944640E-0004  1.116733E-0003  1.565703E-0004  3.849962E-0004  6.070015E-0004  1.502446E-0003  1.373801E-0004
  4.164528E-0004  0.000000E+0000  3.483661E-0004  2.663320E-0003  1.079265E-0003  2.400876E-0003  1.578854E-0004  1.720209E-0004  6.930466E-0004  2.560441E-0003  1.830471E-0004
  2.087982E-0004  3.483661E-0004  0.000000E+0000  8.308861E-0004  1.898895E-0004  4.309364E-0004  6.655203E-0005  3.742429E-0004  1.938423E-0004  7.925982E-0004  1.628867E-0004
  1.674794E-0003  2.663320E-0003  8.308861E-0004  0.000000E+0000  9.311141E-0004  1.746161E-0003  2.810647E-0004  2.895250E-0003  3.310068E-0003  1.304214E-0003  1.078035E-0003
  3.944640E-0004  1.079265E-0003  1.898895E-0004  9.311141E-0004  0.000000E+0000  2.148514E-0004  2.638130E-0004  9.541974E-0004  7.627591E-0004  4.059129E-0004  4.723793E-0004
  1.116733E-0003  2.400876E-0003  4.309364E-0004  1.746161E-0003  2.148514E-0004  0.000000E+0000  3.045211E-0004  2.668099E-0003  1.750855E-0003  1.185881E-0003  6.258962E-0004
  1.565703E-0004  1.578854E-0004  6.655203E-0005  2.810647E-0004  2.638130E-0004  3.045211E-0004  0.000000E+0000  1.913184E-0004  2.164930E-0004  2.543383E-0004  7.860925E-0005
  3.849962E-0004  1.720209E-0004  3.742429E-0004  2.895250E-0003  9.541974E-0004  2.668099E-0003  1.913184E-0004  0.000000E+0000  1.421428E-0003  2.798481E-0003  1.493089E-0004
  6.070015E-0004  6.930466E-0004  1.938423E-0004  3.310068E-0003  7.627591E-0004  1.750855E-0003  2.164930E-0004  1.421428E-0003  0.000000E+0000  3.523729E-0003  3.486027E-0004
  1.502446E-0003  2.560441E-0003  7.925982E-0004  1.304214E-0003  4.059129E-0004  1.185881E-0003  2.543383E-0004  2.798481E-0003  3.523729E-0003  0.000000E+0000  9.679077E-0004
  1.373801E-0004  1.830471E-0004  1.628867E-0004  1.078035E-0003  4.723793E-0004  6.258962E-0004  7.860925E-0005  1.493089E-0004  3.486027E-0004  9.679077E-0004  0.000000E+0000
