6661999 = Ignore first line (new format code)
File name: E:\Folders\PhD\ISAD\ISAD_Curry_data\ISAD_EEGs\eLORETA\EEGs_128Hz_200sec-window\Clinical_v_Healthy\T1_healthy_all\H41-ROIlinLagConn-crss.txt
1 = Number of time frames in Time X Frequency decomposition
3 = Number of EEG files
11 = Number Electrodes
25600 = Number of time frames in EEG files
32768 = Number of time frames in EEG files power of 2
7 = Number of matrices
5 = Band type (1=Classical1; 2=Classical2; 3=DiscreteFreqs; 4=AllDiscreteFreqs; 5=UserDefinedBands)
 1.280000E+0002 = Sampling rate Hz
-1.000000E+0002 = Freq1 Hz
-1.000000E+0002 = Freq2 Hz
 3.906250E-0003 = Frequency resolution Hz

  0.000000E+0000  2.858225E-0002  1.987342E-0002  1.765395E-0002  1.013474E-0001  8.541080E-0002  3.095651E-0003  9.689081E-0002  2.727611E-0002  5.158961E-0002  3.871287E-0002
  2.858225E-0002  0.000000E+0000  9.222516E-0003  2.385304E-0002  1.510931E-0002  3.140043E-0002  1.468997E-0002  2.029805E-0002  2.090558E-0002  1.916387E-0002  2.372041E-0002
  1.987342E-0002  9.222516E-0003  0.000000E+0000  3.896187E-0002  1.103996E-0001  1.589009E-0001  1.052065E-0002  8.997612E-0002  2.520173E-0002  1.059254E-0001  9.216171E-0002
  1.765395E-0002  2.385304E-0002  3.896187E-0002  0.000000E+0000  7.153777E-0002  7.463984E-0002  3.313661E-0002  7.043844E-0002  4.862859E-0002  1.365377E-0001  8.354941E-0002
  1.013474E-0001  1.510931E-0002  1.103996E-0001  7.153777E-0002  0.000000E+0000  1.173445E-0001  8.424594E-0002  1.594245E-0001  1.151116E-0001  1.034762E-0001  1.037641E-0001
  8.541080E-0002  3.140043E-0002  1.589009E-0001  7.463984E-0002  1.173445E-0001  0.000000E+0000  1.152573E-0001  1.426076E-0001  1.661517E-0001  9.363901E-0002  1.744304E-0001
  3.095651E-0003  1.468997E-0002  1.052065E-0002  3.313661E-0002  8.424594E-0002  1.152573E-0001  0.000000E+0000  3.051412E-0002  1.441692E-0002  1.390508E-0001  6.164140E-0002
  9.689081E-0002  2.029805E-0002  8.997612E-0002  7.043844E-0002  1.594245E-0001  1.426076E-0001  3.051412E-0002  0.000000E+0000  1.010913E-0001  1.117727E-0001  1.137131E-0001
  2.727611E-0002  2.090558E-0002  2.520173E-0002  4.862859E-0002  1.151116E-0001  1.661517E-0001  1.441692E-0002  1.010913E-0001  0.000000E+0000  1.115707E-0001  9.203479E-0002
  5.158961E-0002  1.916387E-0002  1.059254E-0001  1.365377E-0001  1.034762E-0001  9.363901E-0002  1.390508E-0001  1.117727E-0001  1.115707E-0001  0.000000E+0000  1.806690E-0001
  3.871287E-0002  2.372041E-0002  9.216171E-0002  8.354941E-0002  1.037641E-0001  1.744304E-0001  6.164140E-0002  1.137131E-0001  9.203479E-0002  1.806690E-0001  0.000000E+0000

  0.000000E+0000  4.975747E-0003  1.236865E-0001  1.103639E-0001  8.795097E-0002  9.276275E-0002  5.378510E-0002  6.897465E-0002  1.255616E-0001  5.005521E-0002  6.215371E-0002
  4.975747E-0003  0.000000E+0000  2.416428E-0003  1.307478E-0002  1.489996E-0002  3.377940E-0002  1.216671E-0003  3.439280E-0003  2.378217E-0002  9.284980E-0003  7.916060E-0003
  1.236865E-0001  2.416428E-0003  0.000000E+0000  1.739400E-0001  1.611772E-0001  9.559112E-0002  2.572312E-0002  1.235792E-0001  1.457629E-0001  6.902589E-0002  1.047351E-0001
  1.103639E-0001  1.307478E-0002  1.739400E-0001  0.000000E+0000  4.273476E-0002  8.479048E-0002  7.166758E-0002  7.779014E-0002  1.544159E-0001  1.296060E-0001  1.277577E-0001
  8.795097E-0002  1.489996E-0002  1.611772E-0001  4.273476E-0002  0.000000E+0000  1.055297E-0001  1.214489E-0001  8.925271E-0002  1.327776E-0001  4.191516E-0002  1.131103E-0001
  9.276275E-0002  3.377940E-0002  9.559112E-0002  8.479048E-0002  1.055297E-0001  0.000000E+0000  1.089606E-0001  1.411091E-0001  1.079350E-0001  8.408388E-0002  1.559902E-0001
  5.378510E-0002  1.216671E-0003  2.572312E-0002  7.166758E-0002  1.214489E-0001  1.089606E-0001  0.000000E+0000  2.744754E-0002  1.441562E-0001  4.662085E-0002  3.985931E-0002
  6.897465E-0002  3.439280E-0003  1.235792E-0001  7.779014E-0002  8.925271E-0002  1.411091E-0001  2.744754E-0002  0.000000E+0000  1.554734E-0001  4.088177E-0002  4.451238E-0002
  1.255616E-0001  2.378217E-0002  1.457629E-0001  1.544159E-0001  1.327776E-0001  1.079350E-0001  1.441562E-0001  1.554734E-0001  0.000000E+0000  1.042925E-0001  1.844082E-0001
  5.005521E-0002  9.284980E-0003  6.902589E-0002  1.296060E-0001  4.191516E-0002  8.408388E-0002  4.662085E-0002  4.088177E-0002  1.042925E-0001  0.000000E+0000  3.995033E-0002
  6.215371E-0002  7.916060E-0003  1.047351E-0001  1.277577E-0001  1.131103E-0001  1.559902E-0001  3.985931E-0002  4.451238E-0002  1.844082E-0001  3.995033E-0002  0.000000E+0000

  0.000000E+0000  1.876604E-0002  3.519561E-0002  1.915245E-0002  6.283249E-0002  5.222140E-0002  2.657094E-0002  6.176179E-0002  3.581248E-0002  2.018336E-0002  3.117789E-0002
  1.876604E-0002  0.000000E+0000  4.317566E-0003  8.115334E-0003  2.533321E-0002  2.400608E-0002  7.382580E-0003  2.535875E-0002  4.283701E-0003  1.322907E-0002  1.540765E-0002
  3.519561E-0002  4.317566E-0003  0.000000E+0000  1.641123E-0002  6.129956E-0002  5.671190E-0002  5.371959E-0003  8.818667E-0002  2.022335E-0002  1.645986E-0002  2.958306E-0002
  1.915245E-0002  8.115334E-0003  1.641123E-0002  0.000000E+0000  1.484979E-0002  5.879075E-0002  8.738796E-0003  1.337091E-0002  3.175590E-0002  9.629314E-0003  1.011418E-0002
  6.283249E-0002  2.533321E-0002  6.129956E-0002  1.484979E-0002  0.000000E+0000  4.905521E-0002  6.356569E-0002  7.531063E-0002  6.851378E-0002  9.551204E-0002  7.792285E-0002
  5.222140E-0002  2.400608E-0002  5.671190E-0002  5.879075E-0002  4.905521E-0002  0.000000E+0000  5.451248E-0002  5.599985E-0002  5.783402E-0002  3.466340E-0002  6.297232E-0002
  2.657094E-0002  7.382580E-0003  5.371959E-0003  8.738796E-0003  6.356569E-0002  5.451248E-0002  0.000000E+0000  4.809877E-0002  2.478410E-0002  1.039051E-0002  2.479433E-0002
  6.176179E-0002  2.535875E-0002  8.818667E-0002  1.337091E-0002  7.531063E-0002  5.599985E-0002  4.809877E-0002  0.000000E+0000  8.689955E-0002  4.364618E-0002  5.753351E-0002
  3.581248E-0002  4.283701E-0003  2.022335E-0002  3.175590E-0002  6.851378E-0002  5.783402E-0002  2.478410E-0002  8.689955E-0002  0.000000E+0000  2.634488E-0002  5.369988E-0002
  2.018336E-0002  1.322907E-0002  1.645986E-0002  9.629314E-0003  9.551204E-0002  3.466340E-0002  1.039051E-0002  4.364618E-0002  2.634488E-0002  0.000000E+0000  2.775162E-0002
  3.117789E-0002  1.540765E-0002  2.958306E-0002  1.011418E-0002  7.792285E-0002  6.297232E-0002  2.479433E-0002  5.753351E-0002  5.369988E-0002  2.775162E-0002  0.000000E+0000

  0.000000E+0000  1.043787E-0002  1.186850E-0002  7.146600E-0003  1.665653E-0002  2.225203E-0003  9.368406E-0003  1.003317E-0002  1.176180E-0002  1.243929E-0002  1.154936E-0002
  1.043787E-0002  0.000000E+0000  1.496137E-0002  1.643845E-0002  5.340061E-0003  3.749660E-0003  8.724674E-0003  2.289061E-0002  1.840572E-0002  2.202039E-0003  1.244667E-0002
  1.186850E-0002  1.496137E-0002  0.000000E+0000  1.067612E-0002  6.154386E-0003  6.786634E-0004  2.246941E-0004  1.102687E-0002  1.521666E-0002  8.785846E-0004  4.902459E-0003
  7.146600E-0003  1.643845E-0002  1.067612E-0002  0.000000E+0000  1.824645E-0002  1.026876E-0002  1.843362E-0002  1.817590E-0002  1.182056E-0002  1.795428E-0002  2.134342E-0002
  1.665653E-0002  5.340061E-0003  6.154386E-0003  1.824645E-0002  0.000000E+0000  4.400054E-0003  5.282042E-0003  1.721329E-0002  1.710329E-0002  1.207357E-0002  3.035272E-0002
  2.225203E-0003  3.749660E-0003  6.786634E-0004  1.026876E-0002  4.400054E-0003  0.000000E+0000  2.675423E-0003  7.669508E-0003  1.382248E-0003  7.580210E-0003  5.426682E-0003
  9.368406E-0003  8.724674E-0003  2.246941E-0004  1.843362E-0002  5.282042E-0003  2.675423E-0003  0.000000E+0000  8.468512E-0003  4.683003E-0003  3.039083E-0003  3.152417E-0003
  1.003317E-0002  2.289061E-0002  1.102687E-0002  1.817590E-0002  1.721329E-0002  7.669508E-0003  8.468512E-0003  0.000000E+0000  3.084608E-0002  1.835365E-0002  7.012642E-0003
  1.176180E-0002  1.840572E-0002  1.521666E-0002  1.182056E-0002  1.710329E-0002  1.382248E-0003  4.683003E-0003  3.084608E-0002  0.000000E+0000  6.600534E-0003  2.397854E-0002
  1.243929E-0002  2.202039E-0003  8.785846E-0004  1.795428E-0002  1.207357E-0002  7.580210E-0003  3.039083E-0003  1.835365E-0002  6.600534E-0003  0.000000E+0000  1.125313E-0002
  1.154936E-0002  1.244667E-0002  4.902459E-0003  2.134342E-0002  3.035272E-0002  5.426682E-0003  3.152417E-0003  7.012642E-0003  2.397854E-0002  1.125313E-0002  0.000000E+0000

  0.000000E+0000  2.558139E-0003  3.783244E-0003  6.596988E-0003  1.667985E-0002  7.909555E-0003  9.107944E-0003  1.300571E-0002  8.028607E-0003  1.406642E-0002  2.030705E-0002
  2.558139E-0003  0.000000E+0000  1.029238E-0003  1.354611E-0002  6.871077E-0003  8.464864E-0003  5.988921E-0003  1.560448E-0002  3.457958E-0003  7.058480E-0003  8.647919E-0003
  3.783244E-0003  1.029238E-0003  0.000000E+0000  4.210418E-0004  3.238397E-0003  2.914590E-0003  8.437210E-0004  4.101191E-0003  2.138208E-0003  1.605335E-0003  1.514277E-0003
  6.596988E-0003  1.354611E-0002  4.210418E-0004  0.000000E+0000  1.776808E-0002  2.650576E-0002  1.185396E-0002  2.089604E-0002  2.077713E-0003  1.403599E-0002  1.886077E-0002
  1.667985E-0002  6.871077E-0003  3.238397E-0003  1.776808E-0002  0.000000E+0000  2.093406E-0002  6.568767E-0003  3.060589E-0002  1.024678E-0002  1.050046E-0002  1.585551E-0002
  7.909555E-0003  8.464864E-0003  2.914590E-0003  2.650576E-0002  2.093406E-0002  0.000000E+0000  1.145248E-0002  2.600093E-0002  1.315605E-0002  3.052752E-0002  5.680106E-0002
  9.107944E-0003  5.988921E-0003  8.437210E-0004  1.185396E-0002  6.568767E-0003  1.145248E-0002  0.000000E+0000  2.385932E-0002  8.317165E-0003  1.347002E-0002  7.273021E-0003
  1.300571E-0002  1.560448E-0002  4.101191E-0003  2.089604E-0002  3.060589E-0002  2.600093E-0002  2.385932E-0002  0.000000E+0000  1.348464E-0002  2.529104E-0002  2.803748E-0002
  8.028607E-0003  3.457958E-0003  2.138208E-0003  2.077713E-0003  1.024678E-0002  1.315605E-0002  8.317165E-0003  1.348464E-0002  0.000000E+0000  1.029929E-0002  1.080178E-0002
  1.406642E-0002  7.058480E-0003  1.605335E-0003  1.403599E-0002  1.050046E-0002  3.052752E-0002  1.347002E-0002  2.529104E-0002  1.029929E-0002  0.000000E+0000  1.643442E-0002
  2.030705E-0002  8.647919E-0003  1.514277E-0003  1.886077E-0002  1.585551E-0002  5.680106E-0002  7.273021E-0003  2.803748E-0002  1.080178E-0002  1.643442E-0002  0.000000E+0000

  0.000000E+0000  1.282249E-0003  1.206363E-0003  1.161384E-0003  2.731861E-0003  1.607429E-0003  8.488071E-0004  1.680598E-0003  3.138317E-0003  4.541168E-0003  2.041626E-0003
  1.282249E-0003  0.000000E+0000  2.188611E-0003  5.221476E-0004  5.040482E-0004  3.507990E-0004  6.811974E-0004  3.418063E-0003  1.368926E-0003  3.881717E-0003  1.294240E-0003
  1.206363E-0003  2.188611E-0003  0.000000E+0000  3.205751E-0004  3.783861E-0003  5.057039E-0004  1.877254E-0004  1.358742E-0003  1.345218E-0003  3.431330E-0003  1.029825E-0003
  1.161384E-0003  5.221476E-0004  3.205751E-0004  0.000000E+0000  7.543626E-0004  2.272732E-0003  5.101802E-0004  2.569565E-0003  6.005510E-0004  3.550666E-0004  5.452540E-0004
  2.731861E-0003  5.040482E-0004  3.783861E-0003  7.543626E-0004  0.000000E+0000  3.850911E-0003  1.179687E-0003  6.105172E-0003  5.756928E-0003  6.733619E-0003  2.416797E-0003
  1.607429E-0003  3.507990E-0004  5.057039E-0004  2.272732E-0003  3.850911E-0003  0.000000E+0000  4.152510E-0004  1.578019E-0003  2.085137E-0003  1.809397E-0003  2.465310E-0003
  8.488071E-0004  6.811974E-0004  1.877254E-0004  5.101802E-0004  1.179687E-0003  4.152510E-0004  0.000000E+0000  2.274036E-0003  7.855968E-0004  2.224726E-0003  7.354684E-0004
  1.680598E-0003  3.418063E-0003  1.358742E-0003  2.569565E-0003  6.105172E-0003  1.578019E-0003  2.274036E-0003  0.000000E+0000  1.724898E-0003  8.274113E-0003  3.036534E-0003
  3.138317E-0003  1.368926E-0003  1.345218E-0003  6.005510E-0004  5.756928E-0003  2.085137E-0003  7.855968E-0004  1.724898E-0003  0.000000E+0000  4.258385E-0003  1.766900E-0003
  4.541168E-0003  3.881717E-0003  3.431330E-0003  3.550666E-0004  6.733619E-0003  1.809397E-0003  2.224726E-0003  8.274113E-0003  4.258385E-0003  0.000000E+0000  1.807982E-0003
  2.041626E-0003  1.294240E-0003  1.029825E-0003  5.452540E-0004  2.416797E-0003  2.465310E-0003  7.354684E-0004  3.036534E-0003  1.766900E-0003  1.807982E-0003  0.000000E+0000

  0.000000E+0000  7.158773E-0004  6.001160E-0004  2.685777E-0003  2.252692E-0003  3.415501E-0003  1.649356E-0003  1.292955E-0003  1.577714E-0003  7.320530E-0003  7.009024E-0003
  7.158773E-0004  0.000000E+0000  2.532479E-0004  3.871109E-0004  2.503758E-0004  1.422617E-0003  5.115919E-0004  9.129934E-0004  3.831242E-0004  1.644691E-0003  9.726888E-0004
  6.001160E-0004  2.532479E-0004  0.000000E+0000  8.393136E-0004  1.887000E-0003  7.576151E-0004  8.824876E-0004  1.117866E-0003  6.415191E-0004  2.594955E-0003  2.388814E-0003
  2.685777E-0003  3.871109E-0004  8.393136E-0004  0.000000E+0000  5.265954E-0003  1.081060E-0002  5.170838E-0003  4.007828E-0003  2.020158E-0003  1.081078E-0002  1.292952E-0002
  2.252692E-0003  2.503758E-0004  1.887000E-0003  5.265954E-0003  0.000000E+0000  3.380645E-0003  2.120125E-0003  5.684386E-0003  2.340135E-0003  4.960663E-0003  5.019906E-0003
  3.415501E-0003  1.422617E-0003  7.576151E-0004  1.081060E-0002  3.380645E-0003  0.000000E+0000  5.746414E-0003  3.474460E-0003  2.656732E-0003  1.059168E-0002  6.726331E-0003
  1.649356E-0003  5.115919E-0004  8.824876E-0004  5.170838E-0003  2.120125E-0003  5.746414E-0003  0.000000E+0000  3.918144E-0003  1.886281E-0003  3.875809E-0003  3.931597E-0003
  1.292955E-0003  9.129934E-0004  1.117866E-0003  4.007828E-0003  5.684386E-0003  3.474460E-0003  3.918144E-0003  0.000000E+0000  2.663449E-0003  9.048793E-0003  8.633990E-0003
  1.577714E-0003  3.831242E-0004  6.415191E-0004  2.020158E-0003  2.340135E-0003  2.656732E-0003  1.886281E-0003  2.663449E-0003  0.000000E+0000  6.282810E-0003  6.969008E-0003
  7.320530E-0003  1.644691E-0003  2.594955E-0003  1.081078E-0002  4.960663E-0003  1.059168E-0002  3.875809E-0003  9.048793E-0003  6.282810E-0003  0.000000E+0000  5.365595E-0003
  7.009024E-0003  9.726888E-0004  2.388814E-0003  1.292952E-0002  5.019906E-0003  6.726331E-0003  3.931597E-0003  8.633990E-0003  6.969008E-0003  5.365595E-0003  0.000000E+0000
