6661999 = Ignore first line (new format code)
File name: E:\Folders\PhD\ISAD\ISAD_Curry_data\ISAD_EEGs\eLORETA\EEGs_128Hz_200sec-window\Clinical_v_Healthy\T1_healthy_all\H42-ROIlinLagConn-crss.txt
1 = Number of time frames in Time X Frequency decomposition
2 = Number of EEG files
11 = Number Electrodes
25600 = Number of time frames in EEG files
32768 = Number of time frames in EEG files power of 2
7 = Number of matrices
5 = Band type (1=Classical1; 2=Classical2; 3=DiscreteFreqs; 4=AllDiscreteFreqs; 5=UserDefinedBands)
 1.280000E+0002 = Sampling rate Hz
-1.000000E+0002 = Freq1 Hz
-1.000000E+0002 = Freq2 Hz
 3.906250E-0003 = Frequency resolution Hz

  0.000000E+0000  3.509051E-0002  4.060531E-0003  1.876639E-0001  7.391918E-0002  1.342969E-0001  6.575375E-0002  4.979500E-0002  3.078894E-0002  1.339255E-0001  5.184032E-0002
  3.509051E-0002  0.000000E+0000  5.779264E-0003  4.680612E-0002  3.997261E-0002  4.991751E-0002  2.894017E-0002  2.098390E-0002  4.253931E-0002  4.243176E-0002  5.375293E-0002
  4.060531E-0003  5.779264E-0003  0.000000E+0000  9.103517E-0003  1.055625E-0002  8.953807E-0003  5.568771E-0003  1.030726E-0002  4.843177E-0003  5.849265E-0003  4.849575E-0003
  1.876639E-0001  4.680612E-0002  9.103517E-0003  0.000000E+0000  3.103771E-0002  1.781176E-0001  9.711635E-0002  6.543799E-0002  1.133048E-0001  3.549447E-0002  6.661923E-0002
  7.391918E-0002  3.997261E-0002  1.055625E-0002  3.103771E-0002  0.000000E+0000  6.845354E-0002  3.570871E-0002  1.369070E-0001  4.142307E-0002  4.188257E-0002  1.801239E-0001
  1.342969E-0001  4.991751E-0002  8.953807E-0003  1.781176E-0001  6.845354E-0002  0.000000E+0000  1.392046E-0001  6.419545E-0002  7.411353E-0002  1.774212E-0001  1.807697E-0001
  6.575375E-0002  2.894017E-0002  5.568771E-0003  9.711635E-0002  3.570871E-0002  1.392046E-0001  0.000000E+0000  3.184923E-0002  4.013615E-0002  1.136948E-0001  6.927766E-0002
  4.979500E-0002  2.098390E-0002  1.030726E-0002  6.543799E-0002  1.369070E-0001  6.419545E-0002  3.184923E-0002  0.000000E+0000  8.458453E-0002  3.861904E-0002  5.480475E-0002
  3.078894E-0002  4.253931E-0002  4.843177E-0003  1.133048E-0001  4.142307E-0002  7.411353E-0002  4.013615E-0002  8.458453E-0002  0.000000E+0000  7.575524E-0002  1.063752E-0001
  1.339255E-0001  4.243176E-0002  5.849265E-0003  3.549447E-0002  4.188257E-0002  1.774212E-0001  1.136948E-0001  3.861904E-0002  7.575524E-0002  0.000000E+0000  7.054003E-0002
  5.184032E-0002  5.375293E-0002  4.849575E-0003  6.661923E-0002  1.801239E-0001  1.807697E-0001  6.927766E-0002  5.480475E-0002  1.063752E-0001  7.054003E-0002  0.000000E+0000

  0.000000E+0000  7.307007E-0003  5.417136E-0003  8.406806E-0003  1.665658E-0002  6.990373E-0003  1.154557E-0002  2.220538E-0002  1.941213E-0002  7.831659E-0003  2.415100E-0002
  7.307007E-0003  0.000000E+0000  2.046688E-0003  8.003840E-0004  1.797500E-0003  7.687515E-0003  3.697451E-0003  2.734681E-0003  1.025610E-0002  4.242870E-0003  1.057713E-0002
  5.417136E-0003  2.046688E-0003  0.000000E+0000  1.407054E-0003  7.152538E-0003  5.293202E-0003  6.038351E-0003  5.579696E-0003  4.671869E-0003  2.986077E-0003  2.977376E-0003
  8.406806E-0003  8.003840E-0004  1.407054E-0003  0.000000E+0000  2.077163E-0003  1.342133E-0002  1.175652E-0002  1.620714E-0003  2.787262E-0003  1.193837E-0002  1.346350E-0002
  1.665658E-0002  1.797500E-0003  7.152538E-0003  2.077163E-0003  0.000000E+0000  7.639074E-0003  5.951707E-0003  7.898831E-0003  1.462100E-0002  4.649410E-0003  2.817608E-0002
  6.990373E-0003  7.687515E-0003  5.293202E-0003  1.342133E-0002  7.639074E-0003  0.000000E+0000  9.757940E-0003  4.685205E-0003  1.513730E-0002  5.105890E-0003  1.043890E-0002
  1.154557E-0002  3.697451E-0003  6.038351E-0003  1.175652E-0002  5.951707E-0003  9.757940E-0003  0.000000E+0000  5.139497E-0003  1.848969E-0002  1.768430E-0002  2.284970E-0002
  2.220538E-0002  2.734681E-0003  5.579696E-0003  1.620714E-0003  7.898831E-0003  4.685205E-0003  5.139497E-0003  0.000000E+0000  1.815750E-0002  4.093659E-0003  2.423491E-0002
  1.941213E-0002  1.025610E-0002  4.671869E-0003  2.787262E-0003  1.462100E-0002  1.513730E-0002  1.848969E-0002  1.815750E-0002  0.000000E+0000  1.338042E-0002  3.596552E-0002
  7.831659E-0003  4.242870E-0003  2.986077E-0003  1.193837E-0002  4.649410E-0003  5.105890E-0003  1.768430E-0002  4.093659E-0003  1.338042E-0002  0.000000E+0000  3.238423E-0002
  2.415100E-0002  1.057713E-0002  2.977376E-0003  1.346350E-0002  2.817608E-0002  1.043890E-0002  2.284970E-0002  2.423491E-0002  3.596552E-0002  3.238423E-0002  0.000000E+0000

  0.000000E+0000  1.173030E-0002  3.942722E-0003  9.696829E-0003  1.842664E-0002  1.025899E-0002  7.354109E-0003  1.544390E-0002  1.792827E-0002  8.486692E-0003  1.448454E-0002
  1.173030E-0002  0.000000E+0000  3.126166E-0003  9.954175E-0004  1.258511E-0002  1.804166E-0003  1.380168E-0003  9.551186E-0003  7.285731E-0003  1.842877E-0003  1.604060E-0003
  3.942722E-0003  3.126166E-0003  0.000000E+0000  1.461320E-0003  3.832587E-0003  1.465354E-0003  8.436433E-0004  4.999028E-0003  2.343761E-0003  1.087506E-0003  1.962483E-0003
  9.696829E-0003  9.954175E-0004  1.461320E-0003  0.000000E+0000  2.091894E-0002  4.739241E-0003  4.257073E-0003  1.344366E-0002  9.546340E-0003  5.982261E-0003  7.542792E-0003
  1.842664E-0002  1.258511E-0002  3.832587E-0003  2.091894E-0002  0.000000E+0000  2.247000E-0002  7.628184E-0003  1.294658E-0002  1.747268E-0002  1.866273E-0002  8.539079E-0003
  1.025899E-0002  1.804166E-0003  1.465354E-0003  4.739241E-0003  2.247000E-0002  0.000000E+0000  6.017847E-0003  1.183581E-0002  8.582107E-0003  5.688878E-0003  5.868076E-0003
  7.354109E-0003  1.380168E-0003  8.436433E-0004  4.257073E-0003  7.628184E-0003  6.017847E-0003  0.000000E+0000  5.237152E-0003  3.960195E-0003  4.244718E-0003  5.154011E-0003
  1.544390E-0002  9.551186E-0003  4.999028E-0003  1.344366E-0002  1.294658E-0002  1.183581E-0002  5.237152E-0003  0.000000E+0000  1.734381E-0002  9.465072E-0003  9.679808E-0003
  1.792827E-0002  7.285731E-0003  2.343761E-0003  9.546340E-0003  1.747268E-0002  8.582107E-0003  3.960195E-0003  1.734381E-0002  0.000000E+0000  4.595108E-0003  9.940557E-0003
  8.486692E-0003  1.842877E-0003  1.087506E-0003  5.982261E-0003  1.866273E-0002  5.688878E-0003  4.244718E-0003  9.465072E-0003  4.595108E-0003  0.000000E+0000  9.925302E-0003
  1.448454E-0002  1.604060E-0003  1.962483E-0003  7.542792E-0003  8.539079E-0003  5.868076E-0003  5.154011E-0003  9.679808E-0003  9.940557E-0003  9.925302E-0003  0.000000E+0000

  0.000000E+0000  3.838499E-0003  1.109130E-0003  1.207953E-0003  5.728655E-0003  2.513303E-0003  4.226750E-0003  2.136187E-0003  2.596180E-0003  1.090154E-0003  1.452887E-0002
  3.838499E-0003  0.000000E+0000  1.314489E-0003  1.941979E-0003  7.594001E-0004  9.311632E-0003  6.730875E-0003  1.770173E-0004  3.007613E-0003  5.943573E-0003  7.062947E-0003
  1.109130E-0003  1.314489E-0003  0.000000E+0000  3.612191E-0004  2.738313E-0003  9.026864E-0004  2.442541E-0003  1.038003E-0003  1.294876E-0003  1.070859E-0003  1.959114E-0003
  1.207953E-0003  1.941979E-0003  3.612191E-0004  0.000000E+0000  1.500102E-0003  4.374420E-0003  2.477049E-0003  1.719671E-0003  6.449542E-0004  1.494342E-0003  9.114034E-0003
  5.728655E-0003  7.594001E-0004  2.738313E-0003  1.500102E-0003  0.000000E+0000  6.547531E-0003  5.342174E-0003  1.820143E-0003  3.096712E-0003  4.248671E-0003  9.874095E-0003
  2.513303E-0003  9.311632E-0003  9.026864E-0004  4.374420E-0003  6.547531E-0003  0.000000E+0000  3.858074E-0003  6.280860E-0003  2.984261E-0003  3.813718E-0003  9.654000E-0003
  4.226750E-0003  6.730875E-0003  2.442541E-0003  2.477049E-0003  5.342174E-0003  3.858074E-0003  0.000000E+0000  7.186747E-0003  9.161747E-0003  7.158828E-0004  8.359543E-0003
  2.136187E-0003  1.770173E-0004  1.038003E-0003  1.719671E-0003  1.820143E-0003  6.280860E-0003  7.186747E-0003  0.000000E+0000  2.339821E-0003  9.260616E-0003  1.289716E-0002
  2.596180E-0003  3.007613E-0003  1.294876E-0003  6.449542E-0004  3.096712E-0003  2.984261E-0003  9.161747E-0003  2.339821E-0003  0.000000E+0000  1.772969E-0003  1.114116E-0002
  1.090154E-0003  5.943573E-0003  1.070859E-0003  1.494342E-0003  4.248671E-0003  3.813718E-0003  7.158828E-0004  9.260616E-0003  1.772969E-0003  0.000000E+0000  7.992443E-0003
  1.452887E-0002  7.062947E-0003  1.959114E-0003  9.114034E-0003  9.874095E-0003  9.654000E-0003  8.359543E-0003  1.289716E-0002  1.114116E-0002  7.992443E-0003  0.000000E+0000

  0.000000E+0000  9.269457E-0003  1.914845E-0003  1.056730E-0002  2.825818E-0002  1.730720E-0002  1.003474E-0002  2.193464E-0002  1.237158E-0002  7.280605E-0003  1.120117E-0002
  9.269457E-0003  0.000000E+0000  3.306083E-0004  4.235692E-0004  8.316243E-0003  6.720456E-0003  3.849350E-0003  1.134061E-0002  2.319990E-0003  7.540613E-0004  1.862958E-0003
  1.914845E-0003  3.306083E-0004  0.000000E+0000  9.730619E-0004  3.991628E-0003  2.327533E-0003  1.921201E-0003  7.737068E-0003  1.514524E-0004  4.630928E-0004  1.688635E-0003
  1.056730E-0002  4.235692E-0004  9.730619E-0004  0.000000E+0000  1.016537E-0002  4.479422E-0002  9.724407E-0003  4.878094E-0003  6.438880E-0003  8.579816E-0003  6.706087E-0003
  2.825818E-0002  8.316243E-0003  3.991628E-0003  1.016537E-0002  0.000000E+0000  1.801731E-0002  1.420847E-0002  2.129769E-0002  1.586684E-0002  5.533948E-0003  1.073943E-0002
  1.730720E-0002  6.720456E-0003  2.327533E-0003  4.479422E-0002  1.801731E-0002  0.000000E+0000  1.449110E-0002  8.703362E-0003  1.776972E-0002  3.560856E-0002  1.609419E-0002
  1.003474E-0002  3.849350E-0003  1.921201E-0003  9.724407E-0003  1.420847E-0002  1.449110E-0002  0.000000E+0000  1.391048E-0002  5.262853E-0003  8.166567E-0003  7.936886E-0003
  2.193464E-0002  1.134061E-0002  7.737068E-0003  4.878094E-0003  2.129769E-0002  8.703362E-0003  1.391048E-0002  0.000000E+0000  1.399924E-0002  3.994799E-0003  6.360345E-0003
  1.237158E-0002  2.319990E-0003  1.514524E-0004  6.438880E-0003  1.586684E-0002  1.776972E-0002  5.262853E-0003  1.399924E-0002  0.000000E+0000  3.244770E-0003  1.186060E-0002
  7.280605E-0003  7.540613E-0004  4.630928E-0004  8.579816E-0003  5.533948E-0003  3.560856E-0002  8.166567E-0003  3.994799E-0003  3.244770E-0003  0.000000E+0000  7.589295E-0003
  1.120117E-0002  1.862958E-0003  1.688635E-0003  6.706087E-0003  1.073943E-0002  1.609419E-0002  7.936886E-0003  6.360345E-0003  1.186060E-0002  7.589295E-0003  0.000000E+0000

  0.000000E+0000  9.356390E-0003  2.115831E-0003  2.728649E-0003  7.634484E-0003  2.391805E-0003  4.111242E-0003  5.866289E-0003  2.835192E-0003  6.580421E-0003  7.264314E-0003
  9.356390E-0003  0.000000E+0000  1.104931E-0003  6.811710E-0003  3.232714E-0003  9.437746E-0003  3.429860E-0003  2.582788E-0003  1.107617E-0002  4.893380E-0003  6.257664E-0003
  2.115831E-0003  1.104931E-0003  0.000000E+0000  2.780450E-0003  1.840493E-0003  4.688287E-0003  1.770350E-0003  1.503809E-0003  3.816778E-0003  1.363283E-0003  3.029545E-0003
  2.728649E-0003  6.811710E-0003  2.780450E-0003  0.000000E+0000  4.794106E-0003  5.506353E-0003  7.093212E-0003  9.161403E-0003  6.270311E-0003  1.173707E-0002  1.382820E-0002
  7.634484E-0003  3.232714E-0003  1.840493E-0003  4.794106E-0003  0.000000E+0000  7.114828E-0003  4.216040E-0003  2.978835E-0003  8.609792E-0003  5.495242E-0003  6.814471E-0003
  2.391805E-0003  9.437746E-0003  4.688287E-0003  5.506353E-0003  7.114828E-0003  0.000000E+0000  1.356696E-0002  1.047125E-0002  4.411682E-0003  1.432383E-0002  1.994410E-0002
  4.111242E-0003  3.429860E-0003  1.770350E-0003  7.093212E-0003  4.216040E-0003  1.356696E-0002  0.000000E+0000  5.802696E-0003  6.074009E-0003  7.345547E-0003  7.450075E-0003
  5.866289E-0003  2.582788E-0003  1.503809E-0003  9.161403E-0003  2.978835E-0003  1.047125E-0002  5.802696E-0003  0.000000E+0000  6.253305E-0003  1.036393E-0002  4.571057E-0003
  2.835192E-0003  1.107617E-0002  3.816778E-0003  6.270311E-0003  8.609792E-0003  4.411682E-0003  6.074009E-0003  6.253305E-0003  0.000000E+0000  7.895859E-0003  1.101130E-0002
  6.580421E-0003  4.893380E-0003  1.363283E-0003  1.173707E-0002  5.495242E-0003  1.432383E-0002  7.345547E-0003  1.036393E-0002  7.895859E-0003  0.000000E+0000  1.550511E-0002
  7.264314E-0003  6.257664E-0003  3.029545E-0003  1.382820E-0002  6.814471E-0003  1.994410E-0002  7.450075E-0003  4.571057E-0003  1.101130E-0002  1.550511E-0002  0.000000E+0000

  0.000000E+0000  1.516473E-0003  2.624259E-0004  2.089970E-0003  4.748388E-0003  7.054901E-0004  2.870249E-0003  1.831912E-0003  2.213988E-0003  4.166749E-0004  2.383439E-0003
  1.516473E-0003  0.000000E+0000  3.586424E-0004  1.119197E-0003  1.040790E-0003  5.669023E-0004  1.513521E-0003  1.243653E-0003  1.527207E-0003  2.965660E-0004  1.190324E-0003
  2.624259E-0004  3.586424E-0004  0.000000E+0000  1.328572E-0004  5.997789E-0004  6.960806E-0004  7.644850E-0004  6.240896E-0004  6.427950E-0004  9.176620E-0005  5.508486E-0004
  2.089970E-0003  1.119197E-0003  1.328572E-0004  0.000000E+0000  3.242043E-0003  2.673343E-0003  5.242599E-0003  2.065476E-0003  2.113566E-0003  1.469956E-0003  2.940022E-0003
  4.748388E-0003  1.040790E-0003  5.997789E-0004  3.242043E-0003  0.000000E+0000  3.051747E-0003  2.870118E-0003  3.809670E-0003  3.830689E-0003  1.016955E-0003  3.984794E-0003
  7.054901E-0004  5.669023E-0004  6.960806E-0004  2.673343E-0003  3.051747E-0003  0.000000E+0000  3.261167E-0003  9.699690E-0004  1.757998E-0003  2.681049E-0003  2.248215E-0003
  2.870249E-0003  1.513521E-0003  7.644850E-0004  5.242599E-0003  2.870118E-0003  3.261167E-0003  0.000000E+0000  3.974541E-0003  2.788879E-0003  2.192914E-0003  6.361389E-0003
  1.831912E-0003  1.243653E-0003  6.240896E-0004  2.065476E-0003  3.809670E-0003  9.699690E-0004  3.974541E-0003  0.000000E+0000  1.939940E-0003  1.140798E-0003  3.816910E-0003
  2.213988E-0003  1.527207E-0003  6.427950E-0004  2.113566E-0003  3.830689E-0003  1.757998E-0003  2.788879E-0003  1.939940E-0003  0.000000E+0000  8.695367E-0004  3.159678E-0003
  4.166749E-0004  2.965660E-0004  9.176620E-0005  1.469956E-0003  1.016955E-0003  2.681049E-0003  2.192914E-0003  1.140798E-0003  8.695367E-0004  0.000000E+0000  2.751952E-0003
  2.383439E-0003  1.190324E-0003  5.508486E-0004  2.940022E-0003  3.984794E-0003  2.248215E-0003  6.361389E-0003  3.816910E-0003  3.159678E-0003  2.751952E-0003  0.000000E+0000
