6661999 = Ignore first line (new format code)
File name: E:\Folders\PhD\ISAD\ISAD_Curry_data\ISAD_EEGs\eLORETA\EEGs_128Hz_200sec-window\Clinical_v_Healthy\T1_healthy_all\H43-ROIlinLagConn-crss.txt
1 = Number of time frames in Time X Frequency decomposition
3 = Number of EEG files
11 = Number Electrodes
25600 = Number of time frames in EEG files
32768 = Number of time frames in EEG files power of 2
7 = Number of matrices
5 = Band type (1=Classical1; 2=Classical2; 3=DiscreteFreqs; 4=AllDiscreteFreqs; 5=UserDefinedBands)
 1.280000E+0002 = Sampling rate Hz
-1.000000E+0002 = Freq1 Hz
-1.000000E+0002 = Freq2 Hz
 3.906250E-0003 = Frequency resolution Hz

  0.000000E+0000  4.057859E-0002  4.972695E-0002  4.852510E-0002  2.165413E-0002  6.188804E-0002  5.791172E-0002  3.478404E-0002  4.064185E-0002  9.219303E-0002  7.442597E-0002
  4.057859E-0002  0.000000E+0000  6.556043E-0002  4.349798E-0002  2.705058E-0002  1.483817E-0002  6.381418E-0002  5.356209E-0002  4.675477E-0002  5.682117E-0002  5.300305E-0002
  4.972695E-0002  6.556043E-0002  0.000000E+0000  4.895226E-0002  3.071137E-0002  2.107734E-0002  5.287583E-0002  5.089784E-0002  7.423447E-0002  6.603465E-0002  5.521546E-0002
  4.852510E-0002  4.349798E-0002  4.895226E-0002  0.000000E+0000  4.299339E-0002  1.085583E-0001  2.876582E-0001  1.225218E-0001  1.065841E-0001  1.990115E-0001  2.500560E-0001
  2.165413E-0002  2.705058E-0002  3.071137E-0002  4.299339E-0002  0.000000E+0000  3.687631E-0002  1.032266E-0001  5.769878E-0002  1.866781E-0002  2.783349E-0002  1.259893E-0001
  6.188804E-0002  1.483817E-0002  2.107734E-0002  1.085583E-0001  3.687631E-0002  0.000000E+0000  1.505431E-0001  5.841177E-0002  7.009944E-0002  1.616817E-0001  1.666008E-0001
  5.791172E-0002  6.381418E-0002  5.287583E-0002  2.876582E-0001  1.032266E-0001  1.505431E-0001  0.000000E+0000  6.234926E-0002  1.000438E-0001  2.524866E-0001  1.430729E-0001
  3.478404E-0002  5.356209E-0002  5.089784E-0002  1.225218E-0001  5.769878E-0002  5.841177E-0002  6.234926E-0002  0.000000E+0000  6.991994E-0002  1.403489E-0001  6.364520E-0002
  4.064185E-0002  4.675477E-0002  7.423447E-0002  1.065841E-0001  1.866781E-0002  7.009944E-0002  1.000438E-0001  6.991994E-0002  0.000000E+0000  1.260519E-0001  3.727202E-0002
  9.219303E-0002  5.682117E-0002  6.603465E-0002  1.990115E-0001  2.783349E-0002  1.616817E-0001  2.524866E-0001  1.403489E-0001  1.260519E-0001  0.000000E+0000  2.229632E-0001
  7.442597E-0002  5.300305E-0002  5.521546E-0002  2.500560E-0001  1.259893E-0001  1.666008E-0001  1.430729E-0001  6.364520E-0002  3.727202E-0002  2.229632E-0001  0.000000E+0000

  0.000000E+0000  1.244243E-0003  2.920502E-0003  5.555853E-0003  3.605263E-0003  6.001800E-0003  2.900850E-0003  2.450840E-0003  3.821837E-0003  4.158454E-0003  3.075675E-0003
  1.244243E-0003  0.000000E+0000  3.533895E-0003  3.220274E-0003  1.194311E-0003  2.949661E-0003  1.776878E-0003  8.502090E-0004  2.390345E-0003  3.453410E-0003  1.352837E-0003
  2.920502E-0003  3.533895E-0003  0.000000E+0000  5.427714E-0003  4.139883E-0004  6.101407E-0003  2.329543E-0003  6.875769E-0003  1.686283E-0003  1.317218E-0003  7.772746E-0003
  5.555853E-0003  3.220274E-0003  5.427714E-0003  0.000000E+0000  2.274153E-0003  1.117363E-0002  6.372332E-0003  1.161643E-0002  8.757683E-0003  1.547631E-0002  9.261740E-0003
  3.605263E-0003  1.194311E-0003  4.139883E-0004  2.274153E-0003  0.000000E+0000  8.130201E-0003  5.900117E-0003  4.906972E-0003  3.445457E-0003  4.318119E-0003  4.389244E-0003
  6.001800E-0003  2.949661E-0003  6.101407E-0003  1.117363E-0002  8.130201E-0003  0.000000E+0000  8.042978E-0003  6.284128E-0003  1.064601E-0002  1.143242E-0002  1.962629E-0002
  2.900850E-0003  1.776878E-0003  2.329543E-0003  6.372332E-0003  5.900117E-0003  8.042978E-0003  0.000000E+0000  5.118289E-0003  1.087520E-0002  8.007695E-0003  5.526161E-0003
  2.450840E-0003  8.502090E-0004  6.875769E-0003  1.161643E-0002  4.906972E-0003  6.284128E-0003  5.118289E-0003  0.000000E+0000  4.356552E-0003  9.710676E-0003  7.304024E-0003
  3.821837E-0003  2.390345E-0003  1.686283E-0003  8.757683E-0003  3.445457E-0003  1.064601E-0002  1.087520E-0002  4.356552E-0003  0.000000E+0000  3.869344E-0003  1.621391E-0002
  4.158454E-0003  3.453410E-0003  1.317218E-0003  1.547631E-0002  4.318119E-0003  1.143242E-0002  8.007695E-0003  9.710676E-0003  3.869344E-0003  0.000000E+0000  1.427787E-0002
  3.075675E-0003  1.352837E-0003  7.772746E-0003  9.261740E-0003  4.389244E-0003  1.962629E-0002  5.526161E-0003  7.304024E-0003  1.621391E-0002  1.427787E-0002  0.000000E+0000

  0.000000E+0000  1.375424E-0004  1.892792E-0004  2.204582E-0003  6.485765E-0004  5.542410E-0004  7.481706E-0004  1.941335E-0004  1.868701E-0003  8.523742E-0004  7.247571E-0004
  1.375424E-0004  0.000000E+0000  5.624195E-0004  5.879756E-0004  1.288663E-0003  3.022394E-0004  4.280007E-0004  4.892112E-0004  6.972677E-0004  3.458939E-0004  5.050765E-0004
  1.892792E-0004  5.624195E-0004  0.000000E+0000  2.126183E-0003  2.327965E-0004  1.487305E-0003  2.315633E-0004  1.415743E-0004  3.513523E-0004  1.311807E-0003  4.338347E-0004
  2.204582E-0003  5.879756E-0004  2.126183E-0003  0.000000E+0000  1.401495E-0003  4.681986E-0003  5.551725E-0003  1.931929E-0003  1.916500E-0003  5.742460E-0003  6.380725E-0003
  6.485765E-0004  1.288663E-0003  2.327965E-0004  1.401495E-0003  0.000000E+0000  2.756214E-0003  2.074646E-0003  1.512315E-0003  6.981823E-0004  8.810359E-0004  2.746539E-0003
  5.542410E-0004  3.022394E-0004  1.487305E-0003  4.681986E-0003  2.756214E-0003  0.000000E+0000  1.673712E-0003  1.222391E-0003  1.082446E-0003  3.319382E-0003  1.967342E-0003
  7.481706E-0004  4.280007E-0004  2.315633E-0004  5.551725E-0003  2.074646E-0003  1.673712E-0003  0.000000E+0000  1.293739E-0003  2.184232E-0003  4.140743E-0003  1.857681E-0003
  1.941335E-0004  4.892112E-0004  1.415743E-0004  1.931929E-0003  1.512315E-0003  1.222391E-0003  1.293739E-0003  0.000000E+0000  1.948637E-0003  1.867382E-0003  1.411407E-0003
  1.868701E-0003  6.972677E-0004  3.513523E-0004  1.916500E-0003  6.981823E-0004  1.082446E-0003  2.184232E-0003  1.948637E-0003  0.000000E+0000  1.246673E-0003  1.799351E-0003
  8.523742E-0004  3.458939E-0004  1.311807E-0003  5.742460E-0003  8.810359E-0004  3.319382E-0003  4.140743E-0003  1.867382E-0003  1.246673E-0003  0.000000E+0000  4.170546E-0003
  7.247571E-0004  5.050765E-0004  4.338347E-0004  6.380725E-0003  2.746539E-0003  1.967342E-0003  1.857681E-0003  1.411407E-0003  1.799351E-0003  4.170546E-0003  0.000000E+0000

  0.000000E+0000  4.844452E-0004  7.715841E-0004  7.644135E-0003  2.225505E-0003  2.732595E-0003  6.004852E-0003  2.030310E-0003  9.875511E-0003  9.567392E-0003  8.920531E-0003
  4.844452E-0004  0.000000E+0000  1.464981E-0003  1.015818E-0002  2.160458E-0003  2.300840E-0003  7.187835E-0003  1.835904E-0003  1.278581E-0002  5.490309E-0003  6.337861E-0003
  7.715841E-0004  1.464981E-0003  0.000000E+0000  1.648439E-0002  8.705626E-0004  1.000035E-0002  9.452587E-0003  2.019145E-0003  8.599998E-0003  2.622582E-0003  1.468927E-0002
  7.644135E-0003  1.015818E-0002  1.648439E-0002  0.000000E+0000  1.821851E-0002  2.363594E-0002  3.964973E-0002  1.671218E-0002  3.182266E-0002  3.879511E-0002  5.018157E-0002
  2.225505E-0003  2.160458E-0003  8.705626E-0004  1.821851E-0002  0.000000E+0000  8.011547E-0003  2.121862E-0002  2.701601E-0003  1.321469E-0002  2.374268E-0003  2.356611E-0002
  2.732595E-0003  2.300840E-0003  1.000035E-0002  2.363594E-0002  8.011547E-0003  0.000000E+0000  8.401250E-0003  6.506730E-0003  2.898865E-0002  2.047965E-0002  1.587769E-0002
  6.004852E-0003  7.187835E-0003  9.452587E-0003  3.964973E-0002  2.121862E-0002  8.401250E-0003  0.000000E+0000  5.596704E-0003  3.300361E-0002  4.706684E-0002  4.195510E-0003
  2.030310E-0003  1.835904E-0003  2.019145E-0003  1.671218E-0002  2.701601E-0003  6.506730E-0003  5.596704E-0003  0.000000E+0000  1.526878E-0002  5.268623E-0003  8.230864E-0003
  9.875511E-0003  1.278581E-0002  8.599998E-0003  3.182266E-0002  1.321469E-0002  2.898865E-0002  3.300361E-0002  1.526878E-0002  0.000000E+0000  2.925512E-0002  4.156160E-0002
  9.567392E-0003  5.490309E-0003  2.622582E-0003  3.879511E-0002  2.374268E-0003  2.047965E-0002  4.706684E-0002  5.268623E-0003  2.925512E-0002  0.000000E+0000  5.907744E-0002
  8.920531E-0003  6.337861E-0003  1.468927E-0002  5.018157E-0002  2.356611E-0002  1.587769E-0002  4.195510E-0003  8.230864E-0003  4.156160E-0002  5.907744E-0002  0.000000E+0000

  0.000000E+0000  3.303474E-0002  4.843906E-0002  1.087052E-0001  3.801591E-0002  8.801397E-0002  3.204043E-0002  3.195121E-0002  3.263225E-0002  1.444152E-0001  1.602158E-0001
  3.303474E-0002  0.000000E+0000  4.762159E-0002  7.303068E-0002  5.209443E-0002  8.627494E-0002  3.964447E-0002  3.512604E-0002  4.120762E-0002  1.092138E-0001  1.101382E-0001
  4.843906E-0002  4.762159E-0002  0.000000E+0000  8.811160E-0002  8.202002E-0002  4.774569E-0002  8.399673E-0002  6.211771E-0002  7.187172E-0002  3.784231E-0002  1.101013E-0001
  1.087052E-0001  7.303068E-0002  8.811160E-0002  0.000000E+0000  1.620647E-0001  1.621211E-0001  1.448167E-0001  1.093970E-0001  1.655934E-0001  1.794691E-0001  1.539190E-0001
  3.801591E-0002  5.209443E-0002  8.202002E-0002  1.620647E-0001  0.000000E+0000  1.556189E-0001  9.678911E-0002  6.916029E-0002  5.069033E-0002  1.957000E-0001  2.430137E-0001
  8.801397E-0002  8.627494E-0002  4.774569E-0002  1.621211E-0001  1.556189E-0001  0.000000E+0000  1.522279E-0001  1.572477E-0001  1.584699E-0001  1.696659E-0001  2.070075E-0001
  3.204043E-0002  3.964447E-0002  8.399673E-0002  1.448167E-0001  9.678911E-0002  1.522279E-0001  0.000000E+0000  5.570318E-0002  5.758654E-0002  2.041823E-0001  3.041267E-0001
  3.195121E-0002  3.512604E-0002  6.211771E-0002  1.093970E-0001  6.916029E-0002  1.572477E-0001  5.570318E-0002  0.000000E+0000  6.330494E-0002  1.900603E-0001  1.721906E-0001
  3.263225E-0002  4.120762E-0002  7.187172E-0002  1.655934E-0001  5.069033E-0002  1.584699E-0001  5.758654E-0002  6.330494E-0002  0.000000E+0000  2.319816E-0001  2.070592E-0001
  1.444152E-0001  1.092138E-0001  3.784231E-0002  1.794691E-0001  1.957000E-0001  1.696659E-0001  2.041823E-0001  1.900603E-0001  2.319816E-0001  0.000000E+0000  2.267238E-0001
  1.602158E-0001  1.101382E-0001  1.101013E-0001  1.539190E-0001  2.430137E-0001  2.070075E-0001  3.041267E-0001  1.721906E-0001  2.070592E-0001  2.267238E-0001  0.000000E+0000

  0.000000E+0000  1.008498E-0003  1.182320E-0003  6.544970E-0004  1.712039E-0003  2.074599E-0003  1.953732E-0003  1.987073E-0003  2.861004E-0003  1.582962E-0003  1.837418E-0003
  1.008498E-0003  0.000000E+0000  1.056743E-0003  7.015886E-0004  1.140194E-0003  2.565611E-0003  1.998982E-0003  1.933481E-0003  1.984311E-0003  1.679073E-0003  1.628790E-0003
  1.182320E-0003  1.056743E-0003  0.000000E+0000  4.887983E-0004  1.476305E-0003  1.576456E-0003  5.918167E-0004  1.677968E-0003  1.973929E-0003  9.194953E-0004  5.491889E-0004
  6.544970E-0004  7.015886E-0004  4.887983E-0004  0.000000E+0000  1.708969E-0003  2.976057E-0003  1.569651E-0003  6.178177E-0004  1.285926E-0003  1.246527E-0003  1.098169E-0003
  1.712039E-0003  1.140194E-0003  1.476305E-0003  1.708969E-0003  0.000000E+0000  6.020361E-0003  2.259115E-0003  4.475434E-0003  1.435906E-0003  3.845765E-0003  2.496503E-0003
  2.074599E-0003  2.565611E-0003  1.576456E-0003  2.976057E-0003  6.020361E-0003  0.000000E+0000  3.935523E-0003  3.751244E-0003  6.090160E-0003  2.268480E-0003  2.892772E-0003
  1.953732E-0003  1.998982E-0003  5.918167E-0004  1.569651E-0003  2.259115E-0003  3.935523E-0003  0.000000E+0000  1.838289E-0003  3.981797E-0003  2.012406E-0003  7.424204E-0004
  1.987073E-0003  1.933481E-0003  1.677968E-0003  6.178177E-0004  4.475434E-0003  3.751244E-0003  1.838289E-0003  0.000000E+0000  3.904275E-0003  2.086224E-0003  1.490065E-0003
  2.861004E-0003  1.984311E-0003  1.973929E-0003  1.285926E-0003  1.435906E-0003  6.090160E-0003  3.981797E-0003  3.904275E-0003  0.000000E+0000  4.392736E-0003  3.343109E-0003
  1.582962E-0003  1.679073E-0003  9.194953E-0004  1.246527E-0003  3.845765E-0003  2.268480E-0003  2.012406E-0003  2.086224E-0003  4.392736E-0003  0.000000E+0000  2.006270E-0003
  1.837418E-0003  1.628790E-0003  5.491889E-0004  1.098169E-0003  2.496503E-0003  2.892772E-0003  7.424204E-0004  1.490065E-0003  3.343109E-0003  2.006270E-0003  0.000000E+0000

  0.000000E+0000  1.490491E-0003  4.795047E-0004  4.578176E-0003  3.080848E-0003  3.953597E-0003  4.875304E-0004  4.915554E-0004  3.096735E-0003  5.803438E-0003  3.836256E-0004
  1.490491E-0003  0.000000E+0000  1.449737E-0003  4.566611E-0003  1.946423E-0003  5.112929E-0003  9.916946E-0004  1.950718E-0003  2.741056E-0003  5.382836E-0003  4.448737E-0004
  4.795047E-0004  1.449737E-0003  0.000000E+0000  5.242732E-0003  2.119454E-0003  7.475622E-0003  1.964019E-0003  2.088019E-0003  3.771257E-0003  5.796000E-0003  1.092026E-0003
  4.578176E-0003  4.566611E-0003  5.242732E-0003  0.000000E+0000  1.862697E-0003  5.853938E-0003  5.681952E-0003  5.629560E-0003  7.368999E-0003  1.222301E-0002  4.217817E-0003
  3.080848E-0003  1.946423E-0003  2.119454E-0003  1.862697E-0003  0.000000E+0000  1.393907E-0003  1.497042E-0003  2.189451E-0003  4.243424E-0003  2.762941E-0003  1.714782E-0003
  3.953597E-0003  5.112929E-0003  7.475622E-0003  5.853938E-0003  1.393907E-0003  0.000000E+0000  7.967143E-0003  6.699743E-0003  5.937721E-0003  8.524684E-0003  6.345807E-0003
  4.875304E-0004  9.916946E-0004  1.964019E-0003  5.681952E-0003  1.497042E-0003  7.967143E-0003  0.000000E+0000  2.812073E-0003  5.109836E-0003  7.718595E-0003  8.152764E-0004
  4.915554E-0004  1.950718E-0003  2.088019E-0003  5.629560E-0003  2.189451E-0003  6.699743E-0003  2.812073E-0003  0.000000E+0000  2.060367E-0003  2.837145E-0003  1.645767E-0003
  3.096735E-0003  2.741056E-0003  3.771257E-0003  7.368999E-0003  4.243424E-0003  5.937721E-0003  5.109836E-0003  2.060367E-0003  0.000000E+0000  9.364779E-0003  3.208191E-0003
  5.803438E-0003  5.382836E-0003  5.796000E-0003  1.222301E-0002  2.762941E-0003  8.524684E-0003  7.718595E-0003  2.837145E-0003  9.364779E-0003  0.000000E+0000  4.133274E-0003
  3.836256E-0004  4.448737E-0004  1.092026E-0003  4.217817E-0003  1.714782E-0003  6.345807E-0003  8.152764E-0004  1.645767E-0003  3.208191E-0003  4.133274E-0003  0.000000E+0000
