6661999 = Ignore first line (new format code)
File name: E:\Folders\PhD\ISAD\ISAD_Curry_data\ISAD_EEGs\eLORETA\EEGs_128Hz_200sec-window\Clinical_v_Healthy\T1_healthy_all\H45-ROIlinLagConn-crss.txt
1 = Number of time frames in Time X Frequency decomposition
3 = Number of EEG files
11 = Number Electrodes
25600 = Number of time frames in EEG files
32768 = Number of time frames in EEG files power of 2
7 = Number of matrices
5 = Band type (1=Classical1; 2=Classical2; 3=DiscreteFreqs; 4=AllDiscreteFreqs; 5=UserDefinedBands)
 1.280000E+0002 = Sampling rate Hz
-1.000000E+0002 = Freq1 Hz
-1.000000E+0002 = Freq2 Hz
 3.906250E-0003 = Frequency resolution Hz

  0.000000E+0000  2.216839E-0002  5.693744E-0002  6.244206E-0002  3.105302E-0002  6.806355E-0003  7.286052E-0002  2.849327E-0002  3.251821E-0002  5.815568E-0002  5.434615E-0002
  2.216839E-0002  0.000000E+0000  5.110854E-0002  2.478884E-0002  3.708076E-0002  1.291703E-0002  3.409807E-0002  8.463885E-0002  3.380556E-0002  2.834380E-0002  2.472378E-0002
  5.693744E-0002  5.110854E-0002  0.000000E+0000  5.010236E-0002  6.200616E-0002  6.694149E-0002  5.537441E-0002  1.876327E-0001  2.945684E-0002  6.330425E-0002  8.349036E-0002
  6.244206E-0002  2.478884E-0002  5.010236E-0002  0.000000E+0000  3.027570E-0002  4.766158E-0002  6.017167E-0002  9.448767E-0002  2.029006E-0002  1.307795E-0001  3.723249E-0002
  3.105302E-0002  3.708076E-0002  6.200616E-0002  3.027570E-0002  0.000000E+0000  8.038188E-0002  2.708510E-0002  2.771458E-0002  2.737982E-0002  5.688386E-0002  4.503260E-0002
  6.806355E-0003  1.291703E-0002  6.694149E-0002  4.766158E-0002  8.038188E-0002  0.000000E+0000  3.585879E-0002  3.354903E-0002  7.823221E-0002  2.572057E-0002  1.976347E-0002
  7.286052E-0002  3.409807E-0002  5.537441E-0002  6.017167E-0002  2.708510E-0002  3.585879E-0002  0.000000E+0000  7.767578E-0002  3.421515E-0002  4.326123E-0002  5.648582E-0002
  2.849327E-0002  8.463885E-0002  1.876327E-0001  9.448767E-0002  2.771458E-0002  3.354903E-0002  7.767578E-0002  0.000000E+0000  3.897414E-0002  5.617922E-0002  8.259548E-0002
  3.251821E-0002  3.380556E-0002  2.945684E-0002  2.029006E-0002  2.737982E-0002  7.823221E-0002  3.421515E-0002  3.897414E-0002  0.000000E+0000  6.627135E-0002  4.123248E-0002
  5.815568E-0002  2.834380E-0002  6.330425E-0002  1.307795E-0001  5.688386E-0002  2.572057E-0002  4.326123E-0002  5.617922E-0002  6.627135E-0002  0.000000E+0000  3.482905E-0002
  5.434615E-0002  2.472378E-0002  8.349036E-0002  3.723249E-0002  4.503260E-0002  1.976347E-0002  5.648582E-0002  8.259548E-0002  4.123248E-0002  3.482905E-0002  0.000000E+0000

  0.000000E+0000  5.749107E-0003  2.417958E-0003  4.568969E-0003  2.178728E-0003  3.327840E-0003  1.533912E-0003  6.225546E-0003  1.763598E-0003  3.065555E-0003  3.215072E-0003
  5.749107E-0003  0.000000E+0000  6.465154E-0003  7.323666E-0003  5.825868E-0003  7.336672E-0003  6.510981E-0003  7.443617E-0004  2.749625E-0003  1.191169E-0002  2.493919E-0003
  2.417958E-0003  6.465154E-0003  0.000000E+0000  4.274937E-0003  6.359509E-0003  4.881594E-0003  4.155631E-0003  1.207853E-0002  3.151161E-0003  9.348129E-0003  8.164746E-0003
  4.568969E-0003  7.323666E-0003  4.274937E-0003  0.000000E+0000  5.669742E-0003  3.131625E-0003  1.141099E-0003  7.904927E-0003  1.335702E-0002  1.187255E-0002  7.622717E-0003
  2.178728E-0003  5.825868E-0003  6.359509E-0003  5.669742E-0003  0.000000E+0000  5.570157E-0003  9.314329E-0003  6.815657E-0003  7.936987E-0003  1.072635E-0002  1.353738E-0002
  3.327840E-0003  7.336672E-0003  4.881594E-0003  3.131625E-0003  5.570157E-0003  0.000000E+0000  2.400314E-0003  1.013126E-0002  1.003386E-0002  6.271637E-0003  4.688316E-0003
  1.533912E-0003  6.510981E-0003  4.155631E-0003  1.141099E-0003  9.314329E-0003  2.400314E-0003  0.000000E+0000  8.012700E-0003  1.021867E-0002  3.641566E-0003  1.127769E-0002
  6.225546E-0003  7.443617E-0004  1.207853E-0002  7.904927E-0003  6.815657E-0003  1.013126E-0002  8.012700E-0003  0.000000E+0000  4.589162E-0003  1.678762E-0002  1.129681E-0002
  1.763598E-0003  2.749625E-0003  3.151161E-0003  1.335702E-0002  7.936987E-0003  1.003386E-0002  1.021867E-0002  4.589162E-0003  0.000000E+0000  1.356080E-0002  2.008222E-0002
  3.065555E-0003  1.191169E-0002  9.348129E-0003  1.187255E-0002  1.072635E-0002  6.271637E-0003  3.641566E-0003  1.678762E-0002  1.356080E-0002  0.000000E+0000  9.117440E-0003
  3.215072E-0003  2.493919E-0003  8.164746E-0003  7.622717E-0003  1.353738E-0002  4.688316E-0003  1.127769E-0002  1.129681E-0002  2.008222E-0002  9.117440E-0003  0.000000E+0000

  0.000000E+0000  4.593974E-0003  3.543875E-0003  6.091358E-0003  2.361028E-0003  4.374448E-0003  6.070256E-0003  4.390275E-0003  3.215413E-0003  3.042323E-0003  2.929911E-0003
  4.593974E-0003  0.000000E+0000  3.870695E-0003  2.757458E-0003  2.022931E-0003  3.382084E-0003  5.948208E-0003  2.743275E-0003  7.023090E-0003  4.026679E-0003  7.437973E-0003
  3.543875E-0003  3.870695E-0003  0.000000E+0000  4.135387E-0003  4.510019E-0003  7.599050E-0003  3.461035E-0003  3.520709E-0003  1.038568E-0002  3.483842E-0003  7.536326E-0003
  6.091358E-0003  2.757458E-0003  4.135387E-0003  0.000000E+0000  4.635488E-0003  6.917422E-0003  6.227993E-0003  6.766485E-0003  8.799407E-0003  4.289475E-0003  7.391909E-0003
  2.361028E-0003  2.022931E-0003  4.510019E-0003  4.635488E-0003  0.000000E+0000  9.167766E-0003  6.873893E-0003  5.519579E-0003  2.388346E-0003  3.141911E-0003  7.041389E-0003
  4.374448E-0003  3.382084E-0003  7.599050E-0003  6.917422E-0003  9.167766E-0003  0.000000E+0000  9.123447E-0003  6.839261E-0003  6.765988E-0003  7.591042E-0003  1.227719E-0002
  6.070256E-0003  5.948208E-0003  3.461035E-0003  6.227993E-0003  6.873893E-0003  9.123447E-0003  0.000000E+0000  1.066681E-0002  1.380973E-0002  2.263452E-0003  1.151820E-0002
  4.390275E-0003  2.743275E-0003  3.520709E-0003  6.766485E-0003  5.519579E-0003  6.839261E-0003  1.066681E-0002  0.000000E+0000  9.364389E-0003  8.144724E-0003  8.751350E-0003
  3.215413E-0003  7.023090E-0003  1.038568E-0002  8.799407E-0003  2.388346E-0003  6.765988E-0003  1.380973E-0002  9.364389E-0003  0.000000E+0000  6.364346E-0003  1.511073E-0002
  3.042323E-0003  4.026679E-0003  3.483842E-0003  4.289475E-0003  3.141911E-0003  7.591042E-0003  2.263452E-0003  8.144724E-0003  6.364346E-0003  0.000000E+0000  9.047462E-0003
  2.929911E-0003  7.437973E-0003  7.536326E-0003  7.391909E-0003  7.041389E-0003  1.227719E-0002  1.151820E-0002  8.751350E-0003  1.511073E-0002  9.047462E-0003  0.000000E+0000

  0.000000E+0000  4.183894E-0003  6.886819E-0004  8.508380E-0004  1.211859E-0003  6.410032E-0003  9.646512E-0004  7.683984E-0003  2.241505E-0003  3.673968E-0003  1.043889E-0003
  4.183894E-0003  0.000000E+0000  4.166266E-0003  2.963245E-0003  5.087666E-0004  4.841636E-0003  4.127519E-0003  1.814164E-0003  3.500274E-0003  6.509874E-0003  4.941090E-0003
  6.886819E-0004  4.166266E-0003  0.000000E+0000  3.251586E-0003  3.342300E-0003  5.485950E-0003  2.235546E-0003  8.144018E-0003  2.855893E-0003  3.428129E-0003  9.046679E-0004
  8.508380E-0004  2.963245E-0003  3.251586E-0003  0.000000E+0000  1.191465E-0003  4.374146E-0003  3.017075E-0003  4.311362E-0003  4.056824E-0003  4.485019E-0003  4.675820E-0003
  1.211859E-0003  5.087666E-0004  3.342300E-0003  1.191465E-0003  0.000000E+0000  9.097935E-0004  2.686925E-0003  6.676615E-0004  1.015514E-0003  1.222728E-0003  3.770509E-0003
  6.410032E-0003  4.841636E-0003  5.485950E-0003  4.374146E-0003  9.097935E-0004  0.000000E+0000  2.998905E-0003  8.614002E-0003  4.075982E-0003  5.395750E-0003  7.406459E-0003
  9.646512E-0004  4.127519E-0003  2.235546E-0003  3.017075E-0003  2.686925E-0003  2.998905E-0003  0.000000E+0000  7.690174E-0003  1.420897E-0003  2.584501E-0003  1.735804E-0003
  7.683984E-0003  1.814164E-0003  8.144018E-0003  4.311362E-0003  6.676615E-0004  8.614002E-0003  7.690174E-0003  0.000000E+0000  5.529387E-0003  9.309325E-0003  1.024867E-0002
  2.241505E-0003  3.500274E-0003  2.855893E-0003  4.056824E-0003  1.015514E-0003  4.075982E-0003  1.420897E-0003  5.529387E-0003  0.000000E+0000  2.430329E-0003  2.271956E-0003
  3.673968E-0003  6.509874E-0003  3.428129E-0003  4.485019E-0003  1.222728E-0003  5.395750E-0003  2.584501E-0003  9.309325E-0003  2.430329E-0003  0.000000E+0000  7.071458E-0003
  1.043889E-0003  4.941090E-0003  9.046679E-0004  4.675820E-0003  3.770509E-0003  7.406459E-0003  1.735804E-0003  1.024867E-0002  2.271956E-0003  7.071458E-0003  0.000000E+0000

  0.000000E+0000  1.936700E-0002  3.467536E-0002  8.504960E-0002  6.022999E-0002  6.803618E-0002  7.528695E-0002  3.530298E-0002  7.021872E-0002  8.303908E-0002  8.745672E-0002
  1.936700E-0002  0.000000E+0000  2.394039E-0002  8.260085E-0002  3.671608E-0002  7.304037E-0002  6.654830E-0002  4.084724E-0002  5.133422E-0002  7.752398E-0002  6.387161E-0002
  3.467536E-0002  2.394039E-0002  0.000000E+0000  1.612688E-0001  1.017935E-0001  1.187471E-0001  1.578145E-0001  5.508785E-0002  9.585162E-0002  1.371945E-0001  1.941642E-0001
  8.504960E-0002  8.260085E-0002  1.612688E-0001  0.000000E+0000  1.811289E-0001  2.333484E-0001  2.505795E-0001  1.746634E-0001  2.598522E-0001  1.767038E-0001  3.749640E-0001
  6.022999E-0002  3.671608E-0002  1.017935E-0001  1.811289E-0001  0.000000E+0000  1.995976E-0001  2.011420E-0001  1.666459E-0001  1.691760E-0001  1.908370E-0001  2.533935E-0001
  6.803618E-0002  7.304037E-0002  1.187471E-0001  2.333484E-0001  1.995976E-0001  0.000000E+0000  2.460801E-0001  1.616039E-0001  2.374431E-0001  2.214646E-0001  3.225448E-0001
  7.528695E-0002  6.654830E-0002  1.578145E-0001  2.505795E-0001  2.011420E-0001  2.460801E-0001  0.000000E+0000  1.777887E-0001  1.673966E-0001  2.391337E-0001  1.590041E-0001
  3.530298E-0002  4.084724E-0002  5.508785E-0002  1.746634E-0001  1.666459E-0001  1.616039E-0001  1.777887E-0001  0.000000E+0000  1.864514E-0001  1.729850E-0001  2.272894E-0001
  7.021872E-0002  5.133422E-0002  9.585162E-0002  2.598522E-0001  1.691760E-0001  2.374431E-0001  1.673966E-0001  1.864514E-0001  0.000000E+0000  2.510439E-0001  1.721786E-0001
  8.303908E-0002  7.752398E-0002  1.371945E-0001  1.767038E-0001  1.908370E-0001  2.214646E-0001  2.391337E-0001  1.729850E-0001  2.510439E-0001  0.000000E+0000  3.274652E-0001
  8.745672E-0002  6.387161E-0002  1.941642E-0001  3.749640E-0001  2.533935E-0001  3.225448E-0001  1.590041E-0001  2.272894E-0001  1.721786E-0001  3.274652E-0001  0.000000E+0000

  0.000000E+0000  2.581118E-0003  1.321409E-0003  1.482016E-0003  7.579715E-0003  3.848692E-0003  1.007627E-0003  4.714544E-0003  1.079882E-0002  7.206078E-0003  2.476400E-0003
  2.581118E-0003  0.000000E+0000  7.367666E-0004  1.602235E-0003  1.665957E-0003  3.279626E-0003  1.491252E-0004  3.553210E-0003  2.395118E-0003  1.790614E-0003  6.136652E-0004
  1.321409E-0003  7.367666E-0004  0.000000E+0000  4.578153E-0004  4.821583E-0003  3.029135E-0003  7.419062E-0004  4.742822E-0003  3.999370E-0003  3.036972E-0003  1.900526E-0003
  1.482016E-0003  1.602235E-0003  4.578153E-0004  0.000000E+0000  5.510127E-0003  4.053780E-0003  1.218077E-0003  1.465809E-0003  5.310291E-0003  4.994267E-0003  3.439625E-0003
  7.579715E-0003  1.665957E-0003  4.821583E-0003  5.510127E-0003  0.000000E+0000  9.566891E-0003  3.061065E-0003  1.175083E-0002  6.479649E-0003  5.485764E-0003  6.333452E-0003
  3.848692E-0003  3.279626E-0003  3.029135E-0003  4.053780E-0003  9.566891E-0003  0.000000E+0000  6.171290E-0003  4.159572E-0003  1.134208E-0002  7.996003E-0003  6.700467E-0003
  1.007627E-0003  1.491252E-0004  7.419062E-0004  1.218077E-0003  3.061065E-0003  6.171290E-0003  0.000000E+0000  3.390869E-0003  1.520740E-0003  3.651974E-0003  8.002297E-0004
  4.714544E-0003  3.553210E-0003  4.742822E-0003  1.465809E-0003  1.175083E-0002  4.159572E-0003  3.390869E-0003  0.000000E+0000  1.446654E-0002  8.218375E-0003  4.792689E-0003
  1.079882E-0002  2.395118E-0003  3.999370E-0003  5.310291E-0003  6.479649E-0003  1.134208E-0002  1.520740E-0003  1.446654E-0002  0.000000E+0000  8.016698E-0003  9.045599E-0003
  7.206078E-0003  1.790614E-0003  3.036972E-0003  4.994267E-0003  5.485764E-0003  7.996003E-0003  3.651974E-0003  8.218375E-0003  8.016698E-0003  0.000000E+0000  4.461490E-0003
  2.476400E-0003  6.136652E-0004  1.900526E-0003  3.439625E-0003  6.333452E-0003  6.700467E-0003  8.002297E-0004  4.792689E-0003  9.045599E-0003  4.461490E-0003  0.000000E+0000

  0.000000E+0000  8.616270E-0004  1.055831E-0003  2.619238E-0003  2.491131E-0004  1.456593E-0003  1.048676E-0003  1.090636E-0003  3.475179E-0004  2.640378E-0003  2.306209E-0003
  8.616270E-0004  0.000000E+0000  2.904105E-0004  5.277539E-0003  1.534154E-0003  5.518625E-0003  8.209686E-0004  9.615978E-0004  8.324834E-0004  6.839853E-0003  9.350369E-0004
  1.055831E-0003  2.904105E-0004  0.000000E+0000  2.944965E-0003  3.455004E-0003  5.237279E-0003  9.670158E-0004  1.285755E-0003  1.843522E-0003  5.149761E-0003  7.594783E-0004
  2.619238E-0003  5.277539E-0003  2.944965E-0003  0.000000E+0000  1.563515E-0003  9.949443E-0003  3.181195E-0003  9.604407E-0003  3.425769E-0003  4.411429E-0003  1.176704E-0002
  2.491131E-0004  1.534154E-0003  3.455004E-0003  1.563515E-0003  0.000000E+0000  8.326775E-0004  1.101930E-0003  1.293555E-0003  3.166826E-0004  1.223253E-0003  1.830313E-0003
  1.456593E-0003  5.518625E-0003  5.237279E-0003  9.949443E-0003  8.326775E-0004  0.000000E+0000  4.903308E-0003  5.965096E-0003  1.975068E-0003  6.996860E-0003  7.425939E-0003
  1.048676E-0003  8.209686E-0004  9.670158E-0004  3.181195E-0003  1.101930E-0003  4.903308E-0003  0.000000E+0000  3.416085E-0003  1.125553E-0003  3.408720E-0003  1.667241E-0003
  1.090636E-0003  9.615978E-0004  1.285755E-0003  9.604407E-0003  1.293555E-0003  5.965096E-0003  3.416085E-0003  0.000000E+0000  8.854661E-0004  9.088198E-0003  8.993325E-0003
  3.475179E-0004  8.324834E-0004  1.843522E-0003  3.425769E-0003  3.166826E-0004  1.975068E-0003  1.125553E-0003  8.854661E-0004  0.000000E+0000  3.091738E-0003  1.572269E-0003
  2.640378E-0003  6.839853E-0003  5.149761E-0003  4.411429E-0003  1.223253E-0003  6.996860E-0003  3.408720E-0003  9.088198E-0003  3.091738E-0003  0.000000E+0000  1.252801E-0002
  2.306209E-0003  9.350369E-0004  7.594783E-0004  1.176704E-0002  1.830313E-0003  7.425939E-0003  1.667241E-0003  8.993325E-0003  1.572269E-0003  1.252801E-0002  0.000000E+0000
