6661999 = Ignore first line (new format code)
File name: E:\Folders\PhD\ISAD\ISAD_Curry_data\ISAD_EEGs\eLORETA\EEGs_128Hz_200sec-window\Clinical_v_Healthy\T1_healthy_all\H46-ROIlinLagConn-crss.txt
1 = Number of time frames in Time X Frequency decomposition
2 = Number of EEG files
11 = Number Electrodes
25600 = Number of time frames in EEG files
32768 = Number of time frames in EEG files power of 2
7 = Number of matrices
5 = Band type (1=Classical1; 2=Classical2; 3=DiscreteFreqs; 4=AllDiscreteFreqs; 5=UserDefinedBands)
 1.280000E+0002 = Sampling rate Hz
-1.000000E+0002 = Freq1 Hz
-1.000000E+0002 = Freq2 Hz
 3.906250E-0003 = Frequency resolution Hz

  0.000000E+0000  3.652301E-0003  8.995700E-0003  1.668929E-0002  2.137673E-0002  5.856823E-0002  1.489949E-0002  1.369886E-0001  7.497818E-0002  1.184608E-0001  5.113090E-0002
  3.652301E-0003  0.000000E+0000  8.575165E-0004  7.965892E-0003  3.002234E-0003  1.500352E-0002  4.837059E-0003  8.248806E-0003  2.396391E-0003  9.762059E-0003  4.437190E-0003
  8.995700E-0003  8.575165E-0004  0.000000E+0000  4.084315E-0003  2.382238E-0003  1.676913E-0002  2.309404E-0003  2.745705E-0002  8.639908E-0003  2.040664E-0002  1.568450E-0003
  1.668929E-0002  7.965892E-0003  4.084315E-0003  0.000000E+0000  1.826312E-0001  5.249174E-0002  2.414149E-0002  9.357718E-0002  1.825691E-0002  4.951853E-0002  3.060929E-0002
  2.137673E-0002  3.002234E-0003  2.382238E-0003  1.826312E-0001  0.000000E+0000  1.904461E-0001  4.569454E-0002  4.050080E-0002  1.027141E-0002  1.907552E-0001  1.626503E-0001
  5.856823E-0002  1.500352E-0002  1.676913E-0002  5.249174E-0002  1.904461E-0001  0.000000E+0000  3.257669E-0002  4.494344E-0002  4.195872E-0002  3.852180E-0002  4.236860E-0002
  1.489949E-0002  4.837059E-0003  2.309404E-0003  2.414149E-0002  4.569454E-0002  3.257669E-0002  0.000000E+0000  4.738775E-0002  1.585497E-0002  2.184181E-0001  3.995575E-0002
  1.369886E-0001  8.248806E-0003  2.745705E-0002  9.357718E-0002  4.050080E-0002  4.494344E-0002  4.738775E-0002  0.000000E+0000  1.376326E-0001  2.160202E-0001  2.042718E-0001
  7.497818E-0002  2.396391E-0003  8.639908E-0003  1.825691E-0002  1.027141E-0002  4.195872E-0002  1.585497E-0002  1.376326E-0001  0.000000E+0000  1.284907E-0001  4.070544E-0002
  1.184608E-0001  9.762059E-0003  2.040664E-0002  4.951853E-0002  1.907552E-0001  3.852180E-0002  2.184181E-0001  2.160202E-0001  1.284907E-0001  0.000000E+0000  2.921829E-0001
  5.113090E-0002  4.437190E-0003  1.568450E-0003  3.060929E-0002  1.626503E-0001  4.236860E-0002  3.995575E-0002  2.042718E-0001  4.070544E-0002  2.921829E-0001  0.000000E+0000

  0.000000E+0000  1.117188E-0003  2.956768E-0003  3.474237E-0003  3.215826E-0003  7.464633E-0004  1.714161E-0003  6.412464E-0003  3.854314E-0003  6.130394E-0004  4.819720E-0003
  1.117188E-0003  0.000000E+0000  4.497804E-0004  9.356682E-0004  1.749261E-0003  1.533877E-0004  3.805090E-0004  1.306440E-0003  1.933087E-0003  6.968852E-0004  7.276558E-0004
  2.956768E-0003  4.497804E-0004  0.000000E+0000  8.181953E-0004  2.877108E-0003  6.833647E-0004  1.283461E-0003  5.177747E-0004  3.853705E-0003  3.540156E-0004  9.527526E-0004
  3.474237E-0003  9.356682E-0004  8.181953E-0004  0.000000E+0000  7.199171E-0003  2.487553E-0003  8.078478E-0003  1.100281E-0002  1.639568E-0003  3.643256E-0003  1.090575E-0002
  3.215826E-0003  1.749261E-0003  2.877108E-0003  7.199171E-0003  0.000000E+0000  8.419568E-0003  6.300095E-0003  7.861512E-0003  9.352855E-0003  6.180730E-0003  6.948452E-0003
  7.464633E-0004  1.533877E-0004  6.833647E-0004  2.487553E-0003  8.419568E-0003  0.000000E+0000  7.573224E-0003  7.415694E-0003  3.289474E-0003  2.826257E-0003  7.835866E-0003
  1.714161E-0003  3.805090E-0004  1.283461E-0003  8.078478E-0003  6.300095E-0003  7.573224E-0003  0.000000E+0000  3.125583E-0003  6.545858E-0003  6.369225E-0003  6.595830E-0003
  6.412464E-0003  1.306440E-0003  5.177747E-0004  1.100281E-0002  7.861512E-0003  7.415694E-0003  3.125583E-0003  0.000000E+0000  7.026068E-0003  7.277100E-0003  3.132307E-0003
  3.854314E-0003  1.933087E-0003  3.853705E-0003  1.639568E-0003  9.352855E-0003  3.289474E-0003  6.545858E-0003  7.026068E-0003  0.000000E+0000  2.756934E-0003  1.101553E-0002
  6.130394E-0004  6.968852E-0004  3.540156E-0004  3.643256E-0003  6.180730E-0003  2.826257E-0003  6.369225E-0003  7.277100E-0003  2.756934E-0003  0.000000E+0000  9.624925E-0003
  4.819720E-0003  7.276558E-0004  9.527526E-0004  1.090575E-0002  6.948452E-0003  7.835866E-0003  6.595830E-0003  3.132307E-0003  1.101553E-0002  9.624925E-0003  0.000000E+0000

  0.000000E+0000  4.469702E-0004  3.672242E-0004  2.150227E-0003  1.784071E-0003  3.139745E-0003  3.487939E-0003  2.412840E-0003  3.688292E-0003  2.789939E-0003  3.161564E-0003
  4.469702E-0004  0.000000E+0000  6.916572E-0005  1.334061E-0003  3.239079E-0003  1.558249E-0003  1.074540E-0003  8.577618E-0004  6.571928E-0004  1.865628E-0003  1.446147E-0003
  3.672242E-0004  6.916572E-0005  0.000000E+0000  7.014867E-0004  2.092012E-0003  4.575416E-0004  3.727928E-0004  4.514563E-0004  1.609293E-0004  7.668211E-0004  6.925922E-0004
  2.150227E-0003  1.334061E-0003  7.014867E-0004  0.000000E+0000  7.520736E-0003  4.019941E-0003  2.634763E-0003  5.371298E-0003  1.465653E-0003  7.141701E-0003  9.012207E-0003
  1.784071E-0003  3.239079E-0003  2.092012E-0003  7.520736E-0003  0.000000E+0000  1.193338E-0002  6.042634E-0003  1.791344E-0003  1.464653E-0002  7.878383E-0003  1.154060E-0002
  3.139745E-0003  1.558249E-0003  4.575416E-0004  4.019941E-0003  1.193338E-0002  0.000000E+0000  2.720987E-0003  7.391719E-0003  3.036487E-0003  1.291383E-0002  1.259145E-0002
  3.487939E-0003  1.074540E-0003  3.727928E-0004  2.634763E-0003  6.042634E-0003  2.720987E-0003  0.000000E+0000  3.291452E-0003  3.360658E-0003  2.464447E-0003  1.499596E-0003
  2.412840E-0003  8.577618E-0004  4.514563E-0004  5.371298E-0003  1.791344E-0003  7.391719E-0003  3.291452E-0003  0.000000E+0000  3.384932E-0003  1.166813E-0002  6.789037E-0003
  3.688292E-0003  6.571928E-0004  1.609293E-0004  1.465653E-0003  1.464653E-0002  3.036487E-0003  3.360658E-0003  3.384932E-0003  0.000000E+0000  6.339252E-0003  5.535035E-0003
  2.789939E-0003  1.865628E-0003  7.668211E-0004  7.141701E-0003  7.878383E-0003  1.291383E-0002  2.464447E-0003  1.166813E-0002  6.339252E-0003  0.000000E+0000  1.360392E-0002
  3.161564E-0003  1.446147E-0003  6.925922E-0004  9.012207E-0003  1.154060E-0002  1.259145E-0002  1.499596E-0003  6.789037E-0003  5.535035E-0003  1.360392E-0002  0.000000E+0000

  0.000000E+0000  8.467729E-0004  2.388121E-0003  8.318818E-0003  1.350221E-0003  2.878271E-0003  7.586617E-0003  1.541227E-0003  2.210761E-0003  2.918836E-0003  7.230926E-0003
  8.467729E-0004  0.000000E+0000  4.309498E-0004  3.045920E-0003  1.116165E-0003  2.094028E-0003  1.268977E-0003  9.506744E-0004  1.965385E-0004  1.710274E-0003  9.824606E-0004
  2.388121E-0003  4.309498E-0004  0.000000E+0000  3.581920E-0003  2.307314E-0003  2.900545E-0003  5.409503E-0004  1.580385E-0003  6.348653E-0004  2.551617E-0003  2.266704E-0004
  8.318818E-0003  3.045920E-0003  3.581920E-0003  0.000000E+0000  5.315552E-0003  1.110662E-0002  1.044068E-0002  3.019027E-0003  7.773286E-0003  9.435252E-0003  1.667886E-0002
  1.350221E-0003  1.116165E-0003  2.307314E-0003  5.315552E-0003  0.000000E+0000  2.633508E-0003  7.330272E-0003  1.642128E-0003  3.575719E-0003  3.861347E-0003  8.591969E-0003
  2.878271E-0003  2.094028E-0003  2.900545E-0003  1.110662E-0002  2.633508E-0003  0.000000E+0000  4.927311E-0003  3.627505E-0003  2.241458E-0003  1.294204E-0002  5.359286E-0003
  7.586617E-0003  1.268977E-0003  5.409503E-0004  1.044068E-0002  7.330272E-0003  4.927311E-0003  0.000000E+0000  4.555160E-0003  2.282100E-0003  4.337929E-0003  5.090174E-0003
  1.541227E-0003  9.506744E-0004  1.580385E-0003  3.019027E-0003  1.642128E-0003  3.627505E-0003  4.555160E-0003  0.000000E+0000  1.232718E-0003  3.653634E-0003  5.822381E-0003
  2.210761E-0003  1.965385E-0004  6.348653E-0004  7.773286E-0003  3.575719E-0003  2.241458E-0003  2.282100E-0003  1.232718E-0003  0.000000E+0000  1.549186E-0003  1.544615E-0003
  2.918836E-0003  1.710274E-0003  2.551617E-0003  9.435252E-0003  3.861347E-0003  1.294204E-0002  4.337929E-0003  3.653634E-0003  1.549186E-0003  0.000000E+0000  4.533439E-0003
  7.230926E-0003  9.824606E-0004  2.266704E-0004  1.667886E-0002  8.591969E-0003  5.359286E-0003  5.090174E-0003  5.822381E-0003  1.544615E-0003  4.533439E-0003  0.000000E+0000

  0.000000E+0000  3.121289E-0004  3.167099E-0003  2.552249E-0002  1.064530E-0002  3.697720E-0002  1.781475E-0002  1.270192E-0003  6.859704E-0003  1.425880E-0002  3.777520E-0002
  3.121289E-0004  0.000000E+0000  3.375020E-0004  2.453820E-0003  1.564062E-0003  4.920744E-0003  1.435780E-0003  1.538881E-0004  1.896758E-0004  1.426832E-0003  2.794130E-0003
  3.167099E-0003  3.375020E-0004  0.000000E+0000  2.141576E-0003  1.613116E-0003  4.525686E-0003  4.065815E-0004  1.390550E-0003  1.040267E-0003  2.013250E-0003  1.434764E-0003
  2.552249E-0002  2.453820E-0003  2.141576E-0003  0.000000E+0000  1.257846E-0002  4.687247E-0002  1.395140E-0002  1.199379E-0002  2.060595E-0002  3.646155E-0002  5.320270E-0002
  1.064530E-0002  1.564062E-0003  1.613116E-0003  1.257846E-0002  0.000000E+0000  4.671318E-0002  1.106202E-0002  1.022046E-0002  8.172274E-0003  1.518121E-0002  2.632928E-0002
  3.697720E-0002  4.920744E-0003  4.525686E-0003  4.687247E-0002  4.671318E-0002  0.000000E+0000  1.263808E-0002  3.326772E-0002  3.314836E-0002  5.375808E-0002  8.858384E-0002
  1.781475E-0002  1.435780E-0003  4.065815E-0004  1.395140E-0002  1.106202E-0002  1.263808E-0002  0.000000E+0000  9.035889E-0003  4.624267E-0003  9.798322E-0003  1.810218E-0002
  1.270192E-0003  1.538881E-0004  1.390550E-0003  1.199379E-0002  1.022046E-0002  3.326772E-0002  9.035889E-0003  0.000000E+0000  8.067911E-0004  1.161936E-0002  2.593890E-0002
  6.859704E-0003  1.896758E-0004  1.040267E-0003  2.060595E-0002  8.172274E-0003  3.314836E-0002  4.624267E-0003  8.067911E-0004  0.000000E+0000  5.170833E-0003  6.365173E-0003
  1.425880E-0002  1.426832E-0003  2.013250E-0003  3.646155E-0002  1.518121E-0002  5.375808E-0002  9.798322E-0003  1.161936E-0002  5.170833E-0003  0.000000E+0000  8.249129E-0002
  3.777520E-0002  2.794130E-0003  1.434764E-0003  5.320270E-0002  2.632928E-0002  8.858384E-0002  1.810218E-0002  2.593890E-0002  6.365173E-0003  8.249129E-0002  0.000000E+0000

  0.000000E+0000  8.541746E-0003  1.000547E-0002  1.024453E-0002  2.447748E-0002  1.803446E-0002  8.892202E-0003  2.264183E-0002  3.463523E-0002  7.470042E-0003  1.723240E-0002
  8.541746E-0003  0.000000E+0000  1.041205E-0003  9.239179E-0003  7.555549E-0003  9.642472E-0003  1.400402E-0003  1.036330E-0002  4.361982E-0003  2.141221E-0003  9.613351E-0004
  1.000547E-0002  1.041205E-0003  0.000000E+0000  3.798246E-0003  5.916007E-0003  1.824004E-0003  1.217983E-0003  3.041426E-0003  4.537356E-0003  1.146289E-0003  4.483745E-0003
  1.024453E-0002  9.239179E-0003  3.798246E-0003  0.000000E+0000  5.717720E-0003  3.415832E-0002  7.018729E-0003  3.232627E-0002  2.520912E-0002  2.283052E-0002  8.828094E-0003
  2.447748E-0002  7.555549E-0003  5.916007E-0003  5.717720E-0003  0.000000E+0000  1.742849E-0002  4.341260E-0003  1.003260E-0002  2.038839E-0002  5.264348E-0003  1.203735E-0002
  1.803446E-0002  9.642472E-0003  1.824004E-0003  3.415832E-0002  1.742849E-0002  0.000000E+0000  7.396084E-0003  6.456506E-0002  3.208691E-0002  1.765539E-0002  1.524722E-0002
  8.892202E-0003  1.400402E-0003  1.217983E-0003  7.018729E-0003  4.341260E-0003  7.396084E-0003  0.000000E+0000  1.104122E-0002  7.506928E-0003  4.706935E-0003  1.149254E-0002
  2.264183E-0002  1.036330E-0002  3.041426E-0003  3.232627E-0002  1.003260E-0002  6.456506E-0002  1.104122E-0002  0.000000E+0000  2.131813E-0002  1.283776E-0002  1.037677E-0002
  3.463523E-0002  4.361982E-0003  4.537356E-0003  2.520912E-0002  2.038839E-0002  3.208691E-0002  7.506928E-0003  2.131813E-0002  0.000000E+0000  7.039595E-0003  1.280789E-0002
  7.470042E-0003  2.141221E-0003  1.146289E-0003  2.283052E-0002  5.264348E-0003  1.765539E-0002  4.706935E-0003  1.283776E-0002  7.039595E-0003  0.000000E+0000  1.735430E-0002
  1.723240E-0002  9.613351E-0004  4.483745E-0003  8.828094E-0003  1.203735E-0002  1.524722E-0002  1.149254E-0002  1.037677E-0002  1.280789E-0002  1.735430E-0002  0.000000E+0000

  0.000000E+0000  5.788571E-0004  2.250122E-0003  2.196637E-0003  1.290459E-0003  4.401973E-0003  3.529460E-0003  1.252724E-0003  5.272354E-0003  4.088313E-0003  2.857980E-0003
  5.788571E-0004  0.000000E+0000  1.126391E-0004  1.071662E-0003  1.646015E-0003  7.964050E-0004  2.831574E-0004  4.729704E-0004  3.719095E-0004  2.307809E-0004  1.006374E-0004
  2.250122E-0003  1.126391E-0004  0.000000E+0000  9.935178E-0004  1.422242E-0003  3.101810E-0004  6.850979E-0004  7.601866E-0004  6.021475E-0004  2.657493E-0004  1.256940E-0003
  2.196637E-0003  1.071662E-0003  9.935178E-0004  0.000000E+0000  2.501848E-0003  9.266596E-0003  2.414997E-0003  7.633214E-0004  3.205855E-0003  5.480078E-0003  2.788332E-0003
  1.290459E-0003  1.646015E-0003  1.422242E-0003  2.501848E-0003  0.000000E+0000  5.372866E-0003  2.141120E-0003  3.645330E-0003  3.607430E-0003  6.193824E-0003  3.135785E-0003
  4.401973E-0003  7.964050E-0004  3.101810E-0004  9.266596E-0003  5.372866E-0003  0.000000E+0000  8.203508E-0004  7.114972E-0003  1.546869E-0003  2.648508E-0003  3.718518E-0004
  3.529460E-0003  2.831574E-0004  6.850979E-0004  2.414997E-0003  2.141120E-0003  8.203508E-0004  0.000000E+0000  8.328236E-0004  1.308756E-0003  3.014540E-0003  3.568227E-0003
  1.252724E-0003  4.729704E-0004  7.601866E-0004  7.633214E-0004  3.645330E-0003  7.114972E-0003  8.328236E-0004  0.000000E+0000  1.146082E-0003  1.327774E-0003  1.950919E-0003
  5.272354E-0003  3.719095E-0004  6.021475E-0004  3.205855E-0003  3.607430E-0003  1.546869E-0003  1.308756E-0003  1.146082E-0003  0.000000E+0000  1.317793E-0003  1.405201E-0003
  4.088313E-0003  2.307809E-0004  2.657493E-0004  5.480078E-0003  6.193824E-0003  2.648508E-0003  3.014540E-0003  1.327774E-0003  1.317793E-0003  0.000000E+0000  4.364850E-0003
  2.857980E-0003  1.006374E-0004  1.256940E-0003  2.788332E-0003  3.135785E-0003  3.718518E-0004  3.568227E-0003  1.950919E-0003  1.405201E-0003  4.364850E-0003  0.000000E+0000
