6661999 = Ignore first line (new format code)
File name: E:\Folders\PhD\ISAD\ISAD_Curry_data\ISAD_EEGs\eLORETA\EEGs_128Hz_200sec-window\Clinical_v_Healthy\T1_healthy_all\H47-ROIlinLagConn-crss.txt
1 = Number of time frames in Time X Frequency decomposition
3 = Number of EEG files
11 = Number Electrodes
25600 = Number of time frames in EEG files
32768 = Number of time frames in EEG files power of 2
7 = Number of matrices
5 = Band type (1=Classical1; 2=Classical2; 3=DiscreteFreqs; 4=AllDiscreteFreqs; 5=UserDefinedBands)
 1.280000E+0002 = Sampling rate Hz
-1.000000E+0002 = Freq1 Hz
-1.000000E+0002 = Freq2 Hz
 3.906250E-0003 = Frequency resolution Hz

  0.000000E+0000  8.510500E-0003  3.113479E-0003  3.768788E-0002  5.198556E-0003  8.206327E-0002  1.255217E-0002  9.206281E-0003  1.133080E-0002  3.571806E-0002  4.468301E-0002
  8.510500E-0003  0.000000E+0000  6.477846E-0003  2.197805E-0002  2.118483E-0002  7.486834E-0002  1.600313E-0002  1.690936E-0002  2.925806E-0002  1.776867E-0002  4.651299E-0002
  3.113479E-0003  6.477846E-0003  0.000000E+0000  2.887085E-0002  1.491805E-0002  9.401255E-0002  1.966221E-0002  4.839715E-0003  1.161105E-0002  1.738369E-0002  2.005613E-0002
  3.768788E-0002  2.197805E-0002  2.887085E-0002  0.000000E+0000  3.544372E-0002  7.059664E-0002  5.690437E-0002  4.626464E-0002  3.769242E-0002  2.782586E-0002  5.572138E-0002
  5.198556E-0003  2.118483E-0002  1.491805E-0002  3.544372E-0002  0.000000E+0000  1.012040E-0001  2.316217E-0002  1.102288E-0002  1.786007E-0002  2.762020E-0002  1.709991E-0002
  8.206327E-0002  7.486834E-0002  9.401255E-0002  7.059664E-0002  1.012040E-0001  0.000000E+0000  1.053334E-0001  6.577952E-0002  7.807032E-0002  7.322435E-0002  1.616748E-0001
  1.255217E-0002  1.600313E-0002  1.966221E-0002  5.690437E-0002  2.316217E-0002  1.053334E-0001  0.000000E+0000  3.013590E-0002  2.448743E-0002  6.255897E-0002  2.052668E-0002
  9.206281E-0003  1.690936E-0002  4.839715E-0003  4.626464E-0002  1.102288E-0002  6.577952E-0002  3.013590E-0002  0.000000E+0000  1.000301E-0002  1.594098E-0002  2.357028E-0002
  1.133080E-0002  2.925806E-0002  1.161105E-0002  3.769242E-0002  1.786007E-0002  7.807032E-0002  2.448743E-0002  1.000301E-0002  0.000000E+0000  3.315290E-0002  4.312374E-0002
  3.571806E-0002  1.776867E-0002  1.738369E-0002  2.782586E-0002  2.762020E-0002  7.322435E-0002  6.255897E-0002  1.594098E-0002  3.315290E-0002  0.000000E+0000  7.604369E-0002
  4.468301E-0002  4.651299E-0002  2.005613E-0002  5.572138E-0002  1.709991E-0002  1.616748E-0001  2.052668E-0002  2.357028E-0002  4.312374E-0002  7.604369E-0002  0.000000E+0000

  0.000000E+0000  5.644577E-0003  6.673647E-0003  1.194634E-0002  9.659356E-0003  1.219699E-0002  1.120871E-0002  8.241140E-0003  4.835285E-0003  1.744321E-0002  1.241466E-0002
  5.644577E-0003  0.000000E+0000  5.811478E-0003  1.204697E-0002  7.403652E-0003  1.425296E-0002  8.347872E-0003  7.077380E-0003  1.313890E-0002  1.880123E-0002  2.317495E-0002
  6.673647E-0003  5.811478E-0003  0.000000E+0000  1.194409E-0002  3.394841E-0003  8.965206E-0003  5.704719E-0003  6.326131E-0003  1.107004E-0002  1.918328E-0002  2.333425E-0002
  1.194634E-0002  1.204697E-0002  1.194409E-0002  0.000000E+0000  1.515489E-0002  1.237876E-0002  5.077818E-0003  6.238168E-0003  1.333659E-0002  9.704298E-0003  1.241621E-0002
  9.659356E-0003  7.403652E-0003  3.394841E-0003  1.515489E-0002  0.000000E+0000  1.275301E-0002  8.915300E-0003  6.750085E-0003  1.326011E-0002  2.262700E-0002  2.415121E-0002
  1.219699E-0002  1.425296E-0002  8.965206E-0003  1.237876E-0002  1.275301E-0002  0.000000E+0000  8.486826E-0003  2.752102E-0003  1.701897E-0002  1.425190E-0002  1.970653E-0002
  1.120871E-0002  8.347872E-0003  5.704719E-0003  5.077818E-0003  8.915300E-0003  8.486826E-0003  0.000000E+0000  3.143125E-0003  1.279681E-0002  6.319638E-0003  1.787700E-0002
  8.241140E-0003  7.077380E-0003  6.326131E-0003  6.238168E-0003  6.750085E-0003  2.752102E-0003  3.143125E-0003  0.000000E+0000  9.468120E-0003  1.236368E-0002  1.700083E-0002
  4.835285E-0003  1.313890E-0002  1.107004E-0002  1.333659E-0002  1.326011E-0002  1.701897E-0002  1.279681E-0002  9.468120E-0003  0.000000E+0000  1.931809E-0002  1.933247E-0002
  1.744321E-0002  1.880123E-0002  1.918328E-0002  9.704298E-0003  2.262700E-0002  1.425190E-0002  6.319638E-0003  1.236368E-0002  1.931809E-0002  0.000000E+0000  7.039379E-0003
  1.241466E-0002  2.317495E-0002  2.333425E-0002  1.241621E-0002  2.415121E-0002  1.970653E-0002  1.787700E-0002  1.700083E-0002  1.933247E-0002  7.039379E-0003  0.000000E+0000

  0.000000E+0000  3.498612E-0003  3.478332E-0003  6.272528E-0003  3.580758E-0003  3.872111E-0003  3.154525E-0003  3.194337E-0003  3.744375E-0003  4.220583E-0003  4.249029E-0003
  3.498612E-0003  0.000000E+0000  1.764513E-0003  1.319095E-0002  9.433735E-0003  6.834497E-0003  4.056978E-0003  1.081206E-0002  7.924804E-0003  8.324748E-0003  8.260630E-0003
  3.478332E-0003  1.764513E-0003  0.000000E+0000  1.214461E-0002  5.677016E-0003  6.687365E-0003  4.889149E-0003  8.564124E-0003  5.436044E-0003  8.597985E-0003  8.062229E-0003
  6.272528E-0003  1.319095E-0002  1.214461E-0002  0.000000E+0000  1.295772E-0002  8.134578E-0003  6.466452E-0003  1.413896E-0002  1.245685E-0002  7.675533E-0003  7.543825E-0003
  3.580758E-0003  9.433735E-0003  5.677016E-0003  1.295772E-0002  0.000000E+0000  7.412235E-0003  6.187731E-0003  1.045619E-0002  9.103190E-0003  1.026262E-0002  8.630510E-0003
  3.872111E-0003  6.834497E-0003  6.687365E-0003  8.134578E-0003  7.412235E-0003  0.000000E+0000  3.105065E-0003  7.198126E-0003  8.237137E-0003  6.339429E-0003  6.425885E-0003
  3.154525E-0003  4.056978E-0003  4.889149E-0003  6.466452E-0003  6.187731E-0003  3.105065E-0003  0.000000E+0000  6.064500E-0003  6.976041E-0003  4.568453E-0003  3.008394E-0003
  3.194337E-0003  1.081206E-0002  8.564124E-0003  1.413896E-0002  1.045619E-0002  7.198126E-0003  6.064500E-0003  0.000000E+0000  9.391659E-0003  7.839566E-0003  7.645564E-0003
  3.744375E-0003  7.924804E-0003  5.436044E-0003  1.245685E-0002  9.103190E-0003  8.237137E-0003  6.976041E-0003  9.391659E-0003  0.000000E+0000  9.658357E-0003  8.971073E-0003
  4.220583E-0003  8.324748E-0003  8.597985E-0003  7.675533E-0003  1.026262E-0002  6.339429E-0003  4.568453E-0003  7.839566E-0003  9.658357E-0003  0.000000E+0000  5.770713E-0003
  4.249029E-0003  8.260630E-0003  8.062229E-0003  7.543825E-0003  8.630510E-0003  6.425885E-0003  3.008394E-0003  7.645564E-0003  8.971073E-0003  5.770713E-0003  0.000000E+0000

  0.000000E+0000  2.742201E-0004  2.007450E-0004  7.565058E-0004  2.274328E-0004  8.924187E-0004  1.553861E-0003  4.330800E-0004  3.403625E-0004  5.262151E-0004  6.776723E-0004
  2.742201E-0004  0.000000E+0000  1.584477E-0004  9.358352E-0004  7.166641E-0004  2.351473E-0003  4.556618E-0003  5.402772E-0004  1.956426E-0003  5.128310E-0004  3.120379E-0004
  2.007450E-0004  1.584477E-0004  0.000000E+0000  7.722655E-0004  7.123270E-0004  2.466693E-0003  3.730677E-0003  5.113547E-0004  1.424793E-0003  3.932945E-0004  1.838472E-0004
  7.565058E-0004  9.358352E-0004  7.722655E-0004  0.000000E+0000  8.172469E-0004  1.431504E-0003  3.734821E-0003  1.995436E-0003  1.140759E-0003  7.900475E-0004  2.607609E-0003
  2.274328E-0004  7.166641E-0004  7.123270E-0004  8.172469E-0004  0.000000E+0000  3.156075E-0003  3.883339E-0003  8.895813E-0004  1.991046E-0003  6.420573E-0004  1.666592E-0004
  8.924187E-0004  2.351473E-0003  2.466693E-0003  1.431504E-0003  3.156075E-0003  0.000000E+0000  7.791549E-0003  8.031740E-0004  3.855154E-0003  1.247202E-0003  2.337458E-0003
  1.553861E-0003  4.556618E-0003  3.730677E-0003  3.734821E-0003  3.883339E-0003  7.791549E-0003  0.000000E+0000  4.366960E-0003  2.572185E-0003  4.559354E-0003  8.610093E-0004
  4.330800E-0004  5.402772E-0004  5.113547E-0004  1.995436E-0003  8.895813E-0004  8.031740E-0004  4.366960E-0003  0.000000E+0000  1.715257E-0003  4.990384E-0004  1.827922E-0003
  3.403625E-0004  1.956426E-0003  1.424793E-0003  1.140759E-0003  1.991046E-0003  3.855154E-0003  2.572185E-0003  1.715257E-0003  0.000000E+0000  1.283865E-0003  3.233435E-0004
  5.262151E-0004  5.128310E-0004  3.932945E-0004  7.900475E-0004  6.420573E-0004  1.247202E-0003  4.559354E-0003  4.990384E-0004  1.283865E-0003  0.000000E+0000  2.530461E-0003
  6.776723E-0004  3.120379E-0004  1.838472E-0004  2.607609E-0003  1.666592E-0004  2.337458E-0003  8.610093E-0004  1.827922E-0003  3.233435E-0004  2.530461E-0003  0.000000E+0000

  0.000000E+0000  1.248030E-0003  1.263717E-0003  6.564393E-0003  1.033991E-0003  4.976422E-0003  1.800123E-0002  1.795427E-0003  1.231440E-0003  3.746494E-0003  8.497091E-0003
  1.248030E-0003  0.000000E+0000  3.367368E-0003  1.366812E-0002  7.716394E-0003  1.326359E-0002  4.440903E-0002  2.494141E-0003  6.188804E-0003  8.690836E-0003  1.186157E-0002
  1.263717E-0003  3.367368E-0003  0.000000E+0000  1.176791E-0002  9.005045E-0003  1.125148E-0002  3.110765E-0002  4.221445E-0003  8.104798E-0003  7.926727E-0003  9.994592E-0003
  6.564393E-0003  1.366812E-0002  1.176791E-0002  0.000000E+0000  1.292741E-0002  1.393144E-0002  1.750389E-0002  2.584797E-0002  9.839256E-0003  1.122303E-0002  2.442132E-0002
  1.033991E-0003  7.716394E-0003  9.005045E-0003  1.292741E-0002  0.000000E+0000  1.359485E-0002  3.187975E-0002  5.130836E-0003  6.688765E-0003  1.014888E-0002  1.104144E-0002
  4.976422E-0003  1.326359E-0002  1.125148E-0002  1.393144E-0002  1.359485E-0002  0.000000E+0000  4.410719E-0002  1.422437E-0002  9.853824E-0003  1.383734E-0002  2.685760E-0002
  1.800123E-0002  4.440903E-0002  3.110765E-0002  1.750389E-0002  3.187975E-0002  4.410719E-0002  0.000000E+0000  3.617253E-0002  3.210213E-0002  3.193407E-0002  2.577061E-0003
  1.795427E-0003  2.494141E-0003  4.221445E-0003  2.584797E-0002  5.130836E-0003  1.422437E-0002  3.617253E-0002  0.000000E+0000  5.222851E-0003  1.208671E-0002  2.583885E-0002
  1.231440E-0003  6.188804E-0003  8.104798E-0003  9.839256E-0003  6.688765E-0003  9.853824E-0003  3.210213E-0002  5.222851E-0003  0.000000E+0000  7.609712E-0003  9.804494E-0003
  3.746494E-0003  8.690836E-0003  7.926727E-0003  1.122303E-0002  1.014888E-0002  1.383734E-0002  3.193407E-0002  1.208671E-0002  7.609712E-0003  0.000000E+0000  3.913438E-0002
  8.497091E-0003  1.186157E-0002  9.994592E-0003  2.442132E-0002  1.104144E-0002  2.685760E-0002  2.577061E-0003  2.583885E-0002  9.804494E-0003  3.913438E-0002  0.000000E+0000

  0.000000E+0000  3.179859E-0004  2.527338E-0004  5.900649E-0004  4.583636E-0004  2.526631E-0004  6.844182E-0004  1.701835E-0004  9.201189E-0004  2.871189E-0004  4.969474E-0004
  3.179859E-0004  0.000000E+0000  5.146120E-0004  1.954130E-0003  1.726012E-0003  4.714600E-0004  5.286338E-0003  3.220040E-0004  2.190082E-0003  4.719681E-0004  1.307337E-0003
  2.527338E-0004  5.146120E-0004  0.000000E+0000  1.842171E-0003  1.322979E-0003  3.936947E-0004  4.135991E-0003  2.382777E-0004  1.733152E-0003  4.647008E-0004  1.231753E-0003
  5.900649E-0004  1.954130E-0003  1.842171E-0003  0.000000E+0000  2.215242E-0003  9.922093E-0004  8.326675E-0004  7.382827E-0004  2.362956E-0003  5.328555E-0004  6.516416E-0004
  4.583636E-0004  1.726012E-0003  1.322979E-0003  2.215242E-0003  0.000000E+0000  6.711304E-0004  5.895617E-0003  2.162467E-0004  3.128148E-0003  6.318689E-0004  1.411415E-0003
  2.526631E-0004  4.714600E-0004  3.936947E-0004  9.922093E-0004  6.711304E-0004  0.000000E+0000  1.087088E-0003  2.580655E-0004  8.004350E-0004  3.903441E-0004  8.792110E-0004
  6.844182E-0004  5.286338E-0003  4.135991E-0003  8.326675E-0004  5.895617E-0003  1.087088E-0003  0.000000E+0000  5.649324E-0004  3.615007E-0003  9.284705E-0004  7.095572E-0004
  1.701835E-0004  3.220040E-0004  2.382777E-0004  7.382827E-0004  2.162467E-0004  2.580655E-0004  5.649324E-0004  0.000000E+0000  3.988408E-0004  4.655196E-0004  5.393808E-0004
  9.201189E-0004  2.190082E-0003  1.733152E-0003  2.362956E-0003  3.128148E-0003  8.004350E-0004  3.615007E-0003  3.988408E-0004  0.000000E+0000  1.395981E-0003  2.031832E-0003
  2.871189E-0004  4.719681E-0004  4.647008E-0004  5.328555E-0004  6.318689E-0004  3.903441E-0004  9.284705E-0004  4.655196E-0004  1.395981E-0003  0.000000E+0000  4.859319E-0004
  4.969474E-0004  1.307337E-0003  1.231753E-0003  6.516416E-0004  1.411415E-0003  8.792110E-0004  7.095572E-0004  5.393808E-0004  2.031832E-0003  4.859319E-0004  0.000000E+0000

  0.000000E+0000  9.807368E-0004  1.008970E-0003  2.090057E-0004  1.174784E-0003  4.455871E-0004  1.176698E-0003  3.617025E-0004  8.882388E-0004  3.914052E-0004  7.943189E-0004
  9.807368E-0004  0.000000E+0000  3.528877E-0004  2.513398E-0004  4.715197E-0004  2.349372E-0004  3.050450E-0003  7.021871E-0004  5.988267E-0004  5.658571E-0004  2.359232E-0003
  1.008970E-0003  3.528877E-0004  0.000000E+0000  1.698145E-0004  1.880964E-0004  8.250529E-0005  3.138767E-0003  7.837641E-0004  3.755133E-0004  2.953667E-0004  2.503780E-0003
  2.090057E-0004  2.513398E-0004  1.698145E-0004  0.000000E+0000  2.764196E-0004  1.039594E-0003  3.140745E-0004  3.937872E-0004  5.639259E-0004  7.703838E-0004  8.062563E-0004
  1.174784E-0003  4.715197E-0004  1.880964E-0004  2.764196E-0004  0.000000E+0000  2.753644E-0004  3.677852E-0003  7.844294E-0004  4.642213E-0004  3.864554E-0004  2.647580E-0003
  4.455871E-0004  2.349372E-0004  8.250529E-0005  1.039594E-0003  2.753644E-0004  0.000000E+0000  2.293669E-0004  1.046562E-0003  4.918554E-0004  6.913989E-0004  9.513272E-0004
  1.176698E-0003  3.050450E-0003  3.138767E-0003  3.140745E-0004  3.677852E-0003  2.293669E-0004  0.000000E+0000  1.749440E-0003  2.077681E-0003  1.125506E-0003  2.104766E-0003
  3.617025E-0004  7.021871E-0004  7.837641E-0004  3.937872E-0004  7.844294E-0004  1.046562E-0003  1.749440E-0003  0.000000E+0000  7.255818E-0004  1.075051E-0003  1.765278E-0003
  8.882388E-0004  5.988267E-0004  3.755133E-0004  5.639259E-0004  4.642213E-0004  4.918554E-0004  2.077681E-0003  7.255818E-0004  0.000000E+0000  9.529862E-0004  2.699330E-0003
  3.914052E-0004  5.658571E-0004  2.953667E-0004  7.703838E-0004  3.864554E-0004  6.913989E-0004  1.125506E-0003  1.075051E-0003  9.529862E-0004  0.000000E+0000  8.351178E-0004
  7.943189E-0004  2.359232E-0003  2.503780E-0003  8.062563E-0004  2.647580E-0003  9.513272E-0004  2.104766E-0003  1.765278E-0003  2.699330E-0003  8.351178E-0004  0.000000E+0000
