6661999 = Ignore first line (new format code)
File name: E:\Folders\PhD\ISAD\ISAD_Curry_data\ISAD_EEGs\eLORETA\EEGs_128Hz_200sec-window\Clinical_v_Healthy\T1_healthy_all\H48-ROIlinLagConn-crss.txt
1 = Number of time frames in Time X Frequency decomposition
3 = Number of EEG files
11 = Number Electrodes
25600 = Number of time frames in EEG files
32768 = Number of time frames in EEG files power of 2
7 = Number of matrices
5 = Band type (1=Classical1; 2=Classical2; 3=DiscreteFreqs; 4=AllDiscreteFreqs; 5=UserDefinedBands)
 1.280000E+0002 = Sampling rate Hz
-1.000000E+0002 = Freq1 Hz
-1.000000E+0002 = Freq2 Hz
 3.906250E-0003 = Frequency resolution Hz

  0.000000E+0000  4.019428E-0002  2.575239E-0002  8.840657E-0002  1.315692E-0001  2.041034E-0001  9.661454E-0002  1.229266E-0001  8.508223E-0002  1.044169E-0001  7.995912E-0002
  4.019428E-0002  0.000000E+0000  1.428703E-0002  4.353748E-0002  6.831597E-0002  5.595532E-0002  5.952121E-0002  7.151804E-0002  2.211358E-0002  5.480010E-0002  3.522857E-0002
  2.575239E-0002  1.428703E-0002  0.000000E+0000  6.252362E-0003  5.994048E-0002  1.075702E-0001  8.685744E-0002  7.802908E-0002  1.036777E-0002  3.521525E-0002  8.378019E-0003
  8.840657E-0002  4.353748E-0002  6.252362E-0003  0.000000E+0000  1.594270E-0001  3.000019E-0001  2.145559E-0001  2.174312E-0001  5.164021E-0002  1.939401E-0001  2.453674E-0002
  1.315692E-0001  6.831597E-0002  5.994048E-0002  1.594270E-0001  0.000000E+0000  2.319946E-0001  1.910375E-0001  1.847086E-0001  1.294792E-0001  1.486798E-0001  1.549175E-0001
  2.041034E-0001  5.595532E-0002  1.075702E-0001  3.000019E-0001  2.319946E-0001  0.000000E+0000  1.590277E-0001  2.655520E-0001  1.254647E-0001  3.187930E-0001  2.863205E-0001
  9.661454E-0002  5.952121E-0002  8.685744E-0002  2.145559E-0001  1.910375E-0001  1.590277E-0001  0.000000E+0000  1.281508E-0001  1.128719E-0001  2.028927E-0001  1.979070E-0001
  1.229266E-0001  7.151804E-0002  7.802908E-0002  2.174312E-0001  1.847086E-0001  2.655520E-0001  1.281508E-0001  0.000000E+0000  1.560071E-0001  2.124958E-0001  1.890542E-0001
  8.508223E-0002  2.211358E-0002  1.036777E-0002  5.164021E-0002  1.294792E-0001  1.254647E-0001  1.128719E-0001  1.560071E-0001  0.000000E+0000  9.666934E-0002  3.219200E-0002
  1.044169E-0001  5.480010E-0002  3.521525E-0002  1.939401E-0001  1.486798E-0001  3.187930E-0001  2.028927E-0001  2.124958E-0001  9.666934E-0002  0.000000E+0000  1.931668E-0001
  7.995912E-0002  3.522857E-0002  8.378019E-0003  2.453674E-0002  1.549175E-0001  2.863205E-0001  1.979070E-0001  1.890542E-0001  3.219200E-0002  1.931668E-0001  0.000000E+0000

  0.000000E+0000  3.465344E-0003  1.234278E-0002  1.976348E-0002  6.322194E-0003  1.125534E-0002  1.207848E-0002  3.257113E-0003  1.290723E-0002  2.512610E-0002  1.812201E-0002
  3.465344E-0003  0.000000E+0000  8.529446E-0004  5.826662E-0003  8.905727E-0004  3.052244E-0003  2.451055E-0003  2.627561E-0003  2.319355E-0003  4.931475E-0003  6.063793E-0003
  1.234278E-0002  8.529446E-0004  0.000000E+0000  4.287327E-0004  6.298855E-0003  8.070255E-0004  6.171875E-0003  2.268055E-0003  6.120580E-0003  1.507387E-0003  2.913920E-0003
  1.976348E-0002  5.826662E-0003  4.287327E-0004  0.000000E+0000  1.688960E-0002  4.193122E-0003  1.266775E-0002  1.241467E-0002  2.407582E-0002  6.652739E-0003  8.527934E-0003
  6.322194E-0003  8.905727E-0004  6.298855E-0003  1.688960E-0002  0.000000E+0000  9.014137E-0003  6.702309E-0003  4.596020E-0003  1.312650E-0002  1.420918E-0002  1.240333E-0002
  1.125534E-0002  3.052244E-0003  8.070255E-0004  4.193122E-0003  9.014137E-0003  0.000000E+0000  1.565263E-0003  8.671083E-0003  1.164452E-0002  4.328281E-0003  2.162550E-0003
  1.207848E-0002  2.451055E-0003  6.171875E-0003  1.266775E-0002  6.702309E-0003  1.565263E-0003  0.000000E+0000  7.194021E-0003  6.045940E-0003  1.855102E-0002  1.107292E-0002
  3.257113E-0003  2.627561E-0003  2.268055E-0003  1.241467E-0002  4.596020E-0003  8.671083E-0003  7.194021E-0003  0.000000E+0000  5.735090E-0003  1.573327E-0002  1.163388E-0002
  1.290723E-0002  2.319355E-0003  6.120580E-0003  2.407582E-0002  1.312650E-0002  1.164452E-0002  6.045940E-0003  5.735090E-0003  0.000000E+0000  2.152853E-0002  2.433993E-0002
  2.512610E-0002  4.931475E-0003  1.507387E-0003  6.652739E-0003  1.420918E-0002  4.328281E-0003  1.855102E-0002  1.573327E-0002  2.152853E-0002  0.000000E+0000  8.500262E-0003
  1.812201E-0002  6.063793E-0003  2.913920E-0003  8.527934E-0003  1.240333E-0002  2.162550E-0003  1.107292E-0002  1.163388E-0002  2.433993E-0002  8.500262E-0003  0.000000E+0000

  0.000000E+0000  1.568627E-0003  1.839723E-0003  4.361139E-0003  3.826944E-0003  1.882074E-0003  3.367957E-0003  2.449192E-0003  5.219031E-0003  3.143333E-0003  4.805530E-0003
  1.568627E-0003  0.000000E+0000  3.836200E-0004  1.772858E-0003  2.953726E-0003  1.682160E-0003  1.557875E-0003  1.911924E-0003  3.957436E-0003  1.826404E-0003  1.221558E-0003
  1.839723E-0003  3.836200E-0004  0.000000E+0000  3.208932E-0004  4.531125E-0004  1.549272E-0003  2.394184E-0004  5.786850E-0004  1.340714E-0003  8.562813E-0004  8.135426E-0004
  4.361139E-0003  1.772858E-0003  3.208932E-0004  0.000000E+0000  1.145838E-0003  1.178426E-0003  6.589176E-0004  1.509129E-0003  3.819623E-0003  7.087112E-0003  3.508560E-0003
  3.826944E-0003  2.953726E-0003  4.531125E-0004  1.145838E-0003  0.000000E+0000  8.944624E-0003  2.232754E-0003  4.767643E-0003  3.684281E-0003  1.550587E-0003  2.058091E-0003
  1.882074E-0003  1.682160E-0003  1.549272E-0003  1.178426E-0003  8.944624E-0003  0.000000E+0000  3.725113E-0003  6.908312E-0003  5.080587E-0003  6.460490E-0003  9.486646E-0003
  3.367957E-0003  1.557875E-0003  2.394184E-0004  6.589176E-0004  2.232754E-0003  3.725113E-0003  0.000000E+0000  1.671217E-0003  2.165161E-0003  1.064907E-0003  3.502085E-0003
  2.449192E-0003  1.911924E-0003  5.786850E-0004  1.509129E-0003  4.767643E-0003  6.908312E-0003  1.671217E-0003  0.000000E+0000  5.000237E-0003  1.957353E-0003  4.778118E-0003
  5.219031E-0003  3.957436E-0003  1.340714E-0003  3.819623E-0003  3.684281E-0003  5.080587E-0003  2.165161E-0003  5.000237E-0003  0.000000E+0000  5.031524E-0003  3.505188E-0003
  3.143333E-0003  1.826404E-0003  8.562813E-0004  7.087112E-0003  1.550587E-0003  6.460490E-0003  1.064907E-0003  1.957353E-0003  5.031524E-0003  0.000000E+0000  9.609961E-0003
  4.805530E-0003  1.221558E-0003  8.135426E-0004  3.508560E-0003  2.058091E-0003  9.486646E-0003  3.502085E-0003  4.778118E-0003  3.505188E-0003  9.609961E-0003  0.000000E+0000

  0.000000E+0000  8.800576E-0004  2.110486E-0003  5.341424E-0003  5.703274E-0003  7.303553E-0003  3.864099E-0003  2.280810E-0003  1.047140E-0002  8.151510E-0003  3.974113E-0003
  8.800576E-0004  0.000000E+0000  4.769617E-0004  7.592085E-0004  1.424366E-0003  4.040935E-0004  1.848077E-0004  1.108787E-0003  9.767049E-0004  7.660000E-0004  6.015237E-0004
  2.110486E-0003  4.769617E-0004  0.000000E+0000  2.599553E-0003  1.416937E-0003  7.429598E-0003  2.106879E-0003  3.568351E-0004  5.058220E-0003  2.506344E-0003  2.463096E-0003
  5.341424E-0003  7.592085E-0004  2.599553E-0003  0.000000E+0000  1.167105E-0002  1.486728E-0002  6.036551E-0003  2.205170E-0003  2.175714E-0002  6.587814E-0003  5.740863E-0003
  5.703274E-0003  1.424366E-0003  1.416937E-0003  1.167105E-0002  0.000000E+0000  8.877498E-0003  7.381142E-0003  6.284321E-0003  3.745950E-0003  1.048697E-0002  1.101389E-0002
  7.303553E-0003  4.040935E-0004  7.429598E-0003  1.486728E-0002  8.877498E-0003  0.000000E+0000  6.993740E-0003  8.047874E-0003  1.618988E-0002  1.561292E-0002  1.110775E-0002
  3.864099E-0003  1.848077E-0004  2.106879E-0003  6.036551E-0003  7.381142E-0003  6.993740E-0003  0.000000E+0000  2.677608E-0003  1.421567E-0002  8.477458E-0003  7.930912E-0003
  2.280810E-0003  1.108787E-0003  3.568351E-0004  2.205170E-0003  6.284321E-0003  8.047874E-0003  2.677608E-0003  0.000000E+0000  6.524766E-0003  3.192117E-0003  3.252844E-0003
  1.047140E-0002  9.767049E-0004  5.058220E-0003  2.175714E-0002  3.745950E-0003  1.618988E-0002  1.421567E-0002  6.524766E-0003  0.000000E+0000  2.155268E-0002  1.741729E-0002
  8.151510E-0003  7.660000E-0004  2.506344E-0003  6.587814E-0003  1.048697E-0002  1.561292E-0002  8.477458E-0003  3.192117E-0003  2.155268E-0002  0.000000E+0000  1.121534E-0002
  3.974113E-0003  6.015237E-0004  2.463096E-0003  5.740863E-0003  1.101389E-0002  1.110775E-0002  7.930912E-0003  3.252844E-0003  1.741729E-0002  1.121534E-0002  0.000000E+0000

  0.000000E+0000  1.235125E-0003  3.407787E-0003  1.417399E-0002  6.464993E-0003  1.006644E-0002  1.224154E-0002  1.982252E-0002  3.024914E-0002  1.427864E-0002  3.459271E-0002
  1.235125E-0003  0.000000E+0000  3.052852E-0003  5.527922E-0003  2.355511E-0003  1.580512E-0002  3.903409E-0003  5.423413E-0003  6.562825E-0003  1.573690E-0002  8.280313E-0003
  3.407787E-0003  3.052852E-0003  0.000000E+0000  2.703106E-0003  1.588578E-0003  2.599608E-0002  1.124986E-0002  2.328018E-0002  1.715673E-0002  1.877940E-0002  2.512339E-0002
  1.417399E-0002  5.527922E-0003  2.703106E-0003  0.000000E+0000  4.197725E-0003  1.560754E-0001  5.567220E-0002  5.280055E-0002  3.324021E-0002  2.250373E-0001  6.136630E-0002
  6.464993E-0003  2.355511E-0003  1.588578E-0003  4.197725E-0003  0.000000E+0000  8.751808E-0003  6.568007E-0003  8.669686E-0003  7.865760E-0003  8.421937E-0003  2.333215E-0002
  1.006644E-0002  1.580512E-0002  2.599608E-0002  1.560754E-0001  8.751808E-0003  0.000000E+0000  3.499853E-0002  4.291426E-0002  6.132785E-0002  9.961365E-0002  1.482451E-0001
  1.224154E-0002  3.903409E-0003  1.124986E-0002  5.567220E-0002  6.568007E-0003  3.499853E-0002  0.000000E+0000  1.757411E-0002  1.855792E-0002  4.827536E-0002  5.923767E-0002
  1.982252E-0002  5.423413E-0003  2.328018E-0002  5.280055E-0002  8.669686E-0003  4.291426E-0002  1.757411E-0002  0.000000E+0000  2.557595E-0002  6.243765E-0002  6.466059E-0002
  3.024914E-0002  6.562825E-0003  1.715673E-0002  3.324021E-0002  7.865760E-0003  6.132785E-0002  1.855792E-0002  2.557595E-0002  0.000000E+0000  5.492838E-0002  2.145964E-0002
  1.427864E-0002  1.573690E-0002  1.877940E-0002  2.250373E-0001  8.421937E-0003  9.961365E-0002  4.827536E-0002  6.243765E-0002  5.492838E-0002  0.000000E+0000  1.677980E-0001
  3.459271E-0002  8.280313E-0003  2.512339E-0002  6.136630E-0002  2.333215E-0002  1.482451E-0001  5.923767E-0002  6.466059E-0002  2.145964E-0002  1.677980E-0001  0.000000E+0000

  0.000000E+0000  2.008519E-0003  1.156167E-0003  7.911701E-0004  3.266189E-0003  2.959065E-0003  1.526867E-0003  1.080622E-0003  7.089507E-0003  2.419780E-0004  3.146860E-0003
  2.008519E-0003  0.000000E+0000  1.600086E-0003  4.141327E-0003  2.413851E-0003  3.675984E-0003  2.743443E-0003  6.904418E-0004  9.966101E-0004  4.681438E-0003  4.179168E-0003
  1.156167E-0003  1.600086E-0003  0.000000E+0000  8.500627E-0003  2.482086E-0003  1.145700E-0002  1.270464E-0002  1.061765E-0003  7.311501E-0003  9.900255E-0003  7.704339E-0003
  7.911701E-0004  4.141327E-0003  8.500627E-0003  0.000000E+0000  1.210967E-0002  9.009687E-0003  2.461852E-0002  2.301003E-0003  4.475134E-0002  1.066292E-0003  1.886328E-0002
  3.266189E-0003  2.413851E-0003  2.482086E-0003  1.210967E-0002  0.000000E+0000  1.119183E-0002  1.009243E-0002  2.277142E-0003  6.459084E-0003  1.398185E-0002  9.837059E-0003
  2.959065E-0003  3.675984E-0003  1.145700E-0002  9.009687E-0003  1.119183E-0002  0.000000E+0000  8.601268E-0003  2.563072E-0003  4.312788E-0002  1.494426E-0002  1.538402E-0002
  1.526867E-0003  2.743443E-0003  1.270464E-0002  2.461852E-0002  1.009243E-0002  8.601268E-0003  0.000000E+0000  3.656406E-0003  3.644020E-0002  2.348415E-0002  2.511800E-0002
  1.080622E-0003  6.904418E-0004  1.061765E-0003  2.301003E-0003  2.277142E-0003  2.563072E-0003  3.656406E-0003  0.000000E+0000  1.252122E-0003  1.434865E-0003  2.885724E-0003
  7.089507E-0003  9.966101E-0004  7.311501E-0003  4.475134E-0002  6.459084E-0003  4.312788E-0002  3.644020E-0002  1.252122E-0003  0.000000E+0000  4.585205E-0002  4.567040E-0002
  2.419780E-0004  4.681438E-0003  9.900255E-0003  1.066292E-0003  1.398185E-0002  1.494426E-0002  2.348415E-0002  1.434865E-0003  4.585205E-0002  0.000000E+0000  1.825546E-0002
  3.146860E-0003  4.179168E-0003  7.704339E-0003  1.886328E-0002  9.837059E-0003  1.538402E-0002  2.511800E-0002  2.885724E-0003  4.567040E-0002  1.825546E-0002  0.000000E+0000

  0.000000E+0000  1.571697E-0003  1.391088E-0003  1.722651E-0003  7.812214E-0004  7.285791E-0004  6.638096E-0004  5.650597E-0004  9.422635E-0004  2.404901E-0003  2.466326E-0003
  1.571697E-0003  0.000000E+0000  9.182885E-0004  2.214284E-0003  8.427069E-0004  5.440865E-0004  8.689951E-0004  4.741361E-0004  6.068632E-0004  2.310800E-0003  2.687026E-0003
  1.391088E-0003  9.182885E-0004  0.000000E+0000  1.894573E-0003  8.943560E-0004  8.133305E-0004  9.494634E-0004  4.844278E-0004  6.150520E-0004  1.571418E-0003  1.886306E-0003
  1.722651E-0003  2.214284E-0003  1.894573E-0003  0.000000E+0000  1.440842E-0003  8.658878E-0004  3.683681E-0003  9.410131E-0004  4.310103E-0003  7.334571E-0004  7.759643E-0004
  7.812214E-0004  8.427069E-0004  8.943560E-0004  1.440842E-0003  0.000000E+0000  1.189910E-0003  9.875443E-0004  1.634879E-0003  5.912228E-0004  2.084294E-0003  2.321602E-0003
  7.285791E-0004  5.440865E-0004  8.133305E-0004  8.658878E-0004  1.189910E-0003  0.000000E+0000  2.135145E-0003  1.541015E-0003  2.585999E-0003  1.601364E-0003  3.838810E-0004
  6.638096E-0004  8.689951E-0004  9.494634E-0004  3.683681E-0003  9.875443E-0004  2.135145E-0003  0.000000E+0000  2.799074E-0003  2.895105E-0003  2.509641E-0003  4.748804E-0003
  5.650597E-0004  4.741361E-0004  4.844278E-0004  9.410131E-0004  1.634879E-0003  1.541015E-0003  2.799074E-0003  0.000000E+0000  8.060104E-0004  8.532563E-0004  1.801299E-0003
  9.422635E-0004  6.068632E-0004  6.150520E-0004  4.310103E-0003  5.912228E-0004  2.585999E-0003  2.895105E-0003  8.060104E-0004  0.000000E+0000  3.385962E-0003  4.882725E-0003
  2.404901E-0003  2.310800E-0003  1.571418E-0003  7.334571E-0004  2.084294E-0003  1.601364E-0003  2.509641E-0003  8.532563E-0004  3.385962E-0003  0.000000E+0000  1.183102E-0003
  2.466326E-0003  2.687026E-0003  1.886306E-0003  7.759643E-0004  2.321602E-0003  3.838810E-0004  4.748804E-0003  1.801299E-0003  4.882725E-0003  1.183102E-0003  0.000000E+0000
