6661999 = Ignore first line (new format code)
File name: E:\Folders\PhD\ISAD\ISAD_Curry_data\ISAD_EEGs\eLORETA\EEGs_128Hz_200sec-window\Clinical_v_Healthy\T1_healthy_all\H49-ROIlinLagConn-crss.txt
1 = Number of time frames in Time X Frequency decomposition
3 = Number of EEG files
11 = Number Electrodes
25600 = Number of time frames in EEG files
32768 = Number of time frames in EEG files power of 2
7 = Number of matrices
5 = Band type (1=Classical1; 2=Classical2; 3=DiscreteFreqs; 4=AllDiscreteFreqs; 5=UserDefinedBands)
 1.280000E+0002 = Sampling rate Hz
-1.000000E+0002 = Freq1 Hz
-1.000000E+0002 = Freq2 Hz
 3.906250E-0003 = Frequency resolution Hz

  0.000000E+0000  2.258935E-0002  6.922611E-0002  1.270946E-0001  4.467580E-0002  1.539078E-0001  2.628225E-0002  9.659628E-0002  4.433943E-0002  9.382573E-0002  3.317880E-0002
  2.258935E-0002  0.000000E+0000  3.158532E-0002  6.089646E-0002  3.027180E-0002  6.244412E-0002  3.196705E-0002  1.729787E-0002  1.484102E-0002  2.883484E-0002  1.322905E-0002
  6.922611E-0002  3.158532E-0002  0.000000E+0000  2.733450E-0002  9.721567E-0002  1.217978E-0002  9.295464E-0003  1.727844E-0002  2.551414E-0002  1.174323E-0002  7.494712E-0003
  1.270946E-0001  6.089646E-0002  2.733450E-0002  0.000000E+0000  4.704879E-0002  1.342083E-0001  7.815968E-0002  8.009518E-0002  1.420223E-0002  8.462512E-0002  9.136410E-0002
  4.467580E-0002  3.027180E-0002  9.721567E-0002  4.704879E-0002  0.000000E+0000  3.274170E-0002  4.064956E-0002  5.237065E-0002  8.549707E-0002  2.741912E-0002  5.378490E-0002
  1.539078E-0001  6.244412E-0002  1.217978E-0002  1.342083E-0001  3.274170E-0002  0.000000E+0000  3.666683E-0002  1.070682E-0001  3.755126E-0002  6.149112E-0002  1.227422E-0001
  2.628225E-0002  3.196705E-0002  9.295464E-0003  7.815968E-0002  4.064956E-0002  3.666683E-0002  0.000000E+0000  9.648867E-0003  2.075109E-0002  1.437241E-0002  5.013571E-0002
  9.659628E-0002  1.729787E-0002  1.727844E-0002  8.009518E-0002  5.237065E-0002  1.070682E-0001  9.648867E-0003  0.000000E+0000  9.674176E-0002  8.402038E-0002  5.296820E-0002
  4.433943E-0002  1.484102E-0002  2.551414E-0002  1.420223E-0002  8.549707E-0002  3.755126E-0002  2.075109E-0002  9.674176E-0002  0.000000E+0000  7.487540E-0002  1.137064E-0001
  9.382573E-0002  2.883484E-0002  1.174323E-0002  8.462512E-0002  2.741912E-0002  6.149112E-0002  1.437241E-0002  8.402038E-0002  7.487540E-0002  0.000000E+0000  5.680282E-0002
  3.317880E-0002  1.322905E-0002  7.494712E-0003  9.136410E-0002  5.378490E-0002  1.227422E-0001  5.013571E-0002  5.296820E-0002  1.137064E-0001  5.680282E-0002  0.000000E+0000

  0.000000E+0000  2.441233E-0003  5.233205E-0003  3.695394E-0003  5.286150E-0003  3.138486E-0003  1.974586E-0003  2.024374E-0003  7.814223E-0003  6.704105E-0003  8.019201E-0003
  2.441233E-0003  0.000000E+0000  7.745085E-0004  3.539405E-0003  2.850110E-0003  3.819621E-0003  3.547251E-0003  4.114937E-0003  2.783409E-0003  9.047866E-0004  3.777168E-0003
  5.233205E-0003  7.745085E-0004  0.000000E+0000  7.128514E-0003  1.211992E-0003  6.708673E-0003  9.436439E-0003  1.192564E-0003  5.590647E-0003  1.547350E-0002  5.417979E-0003
  3.695394E-0003  3.539405E-0003  7.128514E-0003  0.000000E+0000  6.707420E-0003  1.355356E-0002  4.056550E-0003  3.030229E-0003  3.357666E-0003  4.207764E-0003  1.348666E-0003
  5.286150E-0003  2.850110E-0003  1.211992E-0003  6.707420E-0003  0.000000E+0000  8.963036E-0003  9.839787E-0003  2.417312E-0003  6.888215E-0003  9.333936E-0003  7.291480E-0003
  3.138486E-0003  3.819621E-0003  6.708673E-0003  1.355356E-0002  8.963036E-0003  0.000000E+0000  1.352338E-0002  2.718973E-0003  4.498311E-0003  7.926496E-0003  5.529275E-0003
  1.974586E-0003  3.547251E-0003  9.436439E-0003  4.056550E-0003  9.839787E-0003  1.352338E-0002  0.000000E+0000  4.284670E-0003  1.427923E-0002  1.847429E-0002  1.305265E-0002
  2.024374E-0003  4.114937E-0003  1.192564E-0003  3.030229E-0003  2.417312E-0003  2.718973E-0003  4.284670E-0003  0.000000E+0000  3.725127E-0003  2.125372E-0003  2.113597E-0003
  7.814223E-0003  2.783409E-0003  5.590647E-0003  3.357666E-0003  6.888215E-0003  4.498311E-0003  1.427923E-0002  3.725127E-0003  0.000000E+0000  8.330210E-0003  4.460682E-0003
  6.704105E-0003  9.047866E-0004  1.547350E-0002  4.207764E-0003  9.333936E-0003  7.926496E-0003  1.847429E-0002  2.125372E-0003  8.330210E-0003  0.000000E+0000  2.154675E-0003
  8.019201E-0003  3.777168E-0003  5.417979E-0003  1.348666E-0003  7.291480E-0003  5.529275E-0003  1.305265E-0002  2.113597E-0003  4.460682E-0003  2.154675E-0003  0.000000E+0000

  0.000000E+0000  2.170646E-0003  3.611798E-0003  4.609549E-0003  5.773365E-0004  4.118230E-0004  6.112878E-0004  8.950501E-0003  1.233366E-0003  7.399366E-0004  1.120932E-0003
  2.170646E-0003  0.000000E+0000  5.082319E-0004  4.628042E-0003  8.079274E-0004  2.147408E-0003  6.249440E-0004  1.796861E-0003  9.186006E-0004  6.351326E-0003  2.720616E-0003
  3.611798E-0003  5.082319E-0004  0.000000E+0000  1.873055E-0003  2.392556E-0003  2.088550E-0003  1.529955E-0003  3.746395E-0003  9.442062E-0003  4.606281E-0003  4.344988E-0003
  4.609549E-0003  4.628042E-0003  1.873055E-0003  0.000000E+0000  3.683386E-0003  5.968350E-0003  3.741136E-0003  5.920155E-0003  1.058792E-0002  1.113295E-0002  5.804661E-0003
  5.773365E-0004  8.079274E-0004  2.392556E-0003  3.683386E-0003  0.000000E+0000  2.878682E-0003  7.294881E-0004  4.819474E-0003  2.100223E-0003  2.574445E-0003  1.367465E-0003
  4.118230E-0004  2.147408E-0003  2.088550E-0003  5.968350E-0003  2.878682E-0003  0.000000E+0000  2.440650E-0003  4.733325E-0003  1.205427E-0003  2.585661E-0003  3.034197E-0003
  6.112878E-0004  6.249440E-0004  1.529955E-0003  3.741136E-0003  7.294881E-0004  2.440650E-0003  0.000000E+0000  1.194329E-0003  4.134458E-0004  1.727093E-0003  2.611002E-0004
  8.950501E-0003  1.796861E-0003  3.746395E-0003  5.920155E-0003  4.819474E-0003  4.733325E-0003  1.194329E-0003  0.000000E+0000  4.061554E-0003  1.207114E-0002  5.417215E-0003
  1.233366E-0003  9.186006E-0004  9.442062E-0003  1.058792E-0002  2.100223E-0003  1.205427E-0003  4.134458E-0004  4.061554E-0003  0.000000E+0000  4.400084E-0003  8.596837E-0003
  7.399366E-0004  6.351326E-0003  4.606281E-0003  1.113295E-0002  2.574445E-0003  2.585661E-0003  1.727093E-0003  1.207114E-0002  4.400084E-0003  0.000000E+0000  6.179905E-0003
  1.120932E-0003  2.720616E-0003  4.344988E-0003  5.804661E-0003  1.367465E-0003  3.034197E-0003  2.611002E-0004  5.417215E-0003  8.596837E-0003  6.179905E-0003  0.000000E+0000

  0.000000E+0000  7.228632E-0004  3.564350E-0004  1.111906E-0003  4.309796E-0004  7.252141E-0004  4.114261E-0004  8.766978E-0004  4.485141E-0004  1.653607E-0003  4.044826E-0004
  7.228632E-0004  0.000000E+0000  2.513127E-0004  7.014967E-0004  1.445118E-0003  1.429795E-0003  3.587155E-0004  5.447544E-0004  2.586708E-0004  7.324942E-0004  8.796837E-0004
  3.564350E-0004  2.513127E-0004  0.000000E+0000  4.237306E-0004  7.559764E-0004  5.678288E-0004  7.075297E-0004  7.049839E-0004  1.224397E-0004  6.906096E-0004  8.031403E-0004
  1.111906E-0003  7.014967E-0004  4.237306E-0004  0.000000E+0000  2.307550E-0003  6.569826E-0003  1.847059E-0003  3.943500E-0003  2.367573E-0003  4.396020E-0003  2.967935E-0003
  4.309796E-0004  1.445118E-0003  7.559764E-0004  2.307550E-0003  0.000000E+0000  1.943518E-0003  6.354608E-0004  1.254560E-0003  4.097804E-0004  3.993832E-0003  4.954235E-0004
  7.252141E-0004  1.429795E-0003  5.678288E-0004  6.569826E-0003  1.943518E-0003  0.000000E+0000  1.350878E-0003  1.477153E-0003  4.861165E-0004  8.560594E-0003  5.162778E-0004
  4.114261E-0004  3.587155E-0004  7.075297E-0004  1.847059E-0003  6.354608E-0004  1.350878E-0003  0.000000E+0000  1.409011E-0003  7.511954E-0004  3.642413E-0003  8.591208E-0004
  8.766978E-0004  5.447544E-0004  7.049839E-0004  3.943500E-0003  1.254560E-0003  1.477153E-0003  1.409011E-0003  0.000000E+0000  1.264023E-0003  8.011945E-0003  7.167495E-0004
  4.485141E-0004  2.586708E-0004  1.224397E-0004  2.367573E-0003  4.097804E-0004  4.861165E-0004  7.511954E-0004  1.264023E-0003  0.000000E+0000  2.281493E-0003  1.096683E-0003
  1.653607E-0003  7.324942E-0004  6.906096E-0004  4.396020E-0003  3.993832E-0003  8.560594E-0003  3.642413E-0003  8.011945E-0003  2.281493E-0003  0.000000E+0000  2.123900E-0003
  4.044826E-0004  8.796837E-0004  8.031403E-0004  2.967935E-0003  4.954235E-0004  5.162778E-0004  8.591208E-0004  7.167495E-0004  1.096683E-0003  2.123900E-0003  0.000000E+0000

  0.000000E+0000  5.026039E-0002  1.183004E-0002  7.219346E-0002  2.249647E-0002  4.376400E-0002  1.122456E-0002  1.094618E-0002  4.410873E-0002  7.109345E-0003  3.548875E-0002
  5.026039E-0002  0.000000E+0000  9.882324E-0002  8.378981E-0002  7.311564E-0002  2.495380E-0002  3.281328E-0002  8.897148E-0002  9.951096E-0002  1.362196E-0002  9.636348E-0002
  1.183004E-0002  9.882324E-0002  0.000000E+0000  2.154695E-0001  4.748552E-0002  1.052029E-0001  2.351814E-0002  1.798527E-0002  9.017802E-0002  1.770369E-0002  1.209836E-0001
  7.219346E-0002  8.378981E-0002  2.154695E-0001  0.000000E+0000  2.708076E-0001  2.503862E-0001  6.621499E-0002  1.943358E-0001  8.125556E-0002  5.260541E-0002  1.070000E-0001
  2.249647E-0002  7.311564E-0002  4.748552E-0002  2.708076E-0001  0.000000E+0000  9.540701E-0002  3.067688E-0002  5.915656E-0002  1.441038E-0001  4.008951E-0002  1.793273E-0001
  4.376400E-0002  2.495380E-0002  1.052029E-0001  2.503862E-0001  9.540701E-0002  0.000000E+0000  4.220439E-0002  6.051360E-0002  1.612750E-0001  7.101465E-0002  1.904680E-0001
  1.122456E-0002  3.281328E-0002  2.351814E-0002  6.621499E-0002  3.067688E-0002  4.220439E-0002  0.000000E+0000  1.873031E-0002  3.208572E-0002  1.060694E-0002  3.406519E-0002
  1.094618E-0002  8.897148E-0002  1.798527E-0002  1.943358E-0001  5.915656E-0002  6.051360E-0002  1.873031E-0002  0.000000E+0000  6.853941E-0002  2.301137E-0002  8.281664E-0002
  4.410873E-0002  9.951096E-0002  9.017802E-0002  8.125556E-0002  1.441038E-0001  1.612750E-0001  3.208572E-0002  6.853941E-0002  0.000000E+0000  7.777258E-0003  4.226541E-0002
  7.109345E-0003  1.362196E-0002  1.770369E-0002  5.260541E-0002  4.008951E-0002  7.101465E-0002  1.060694E-0002  2.301137E-0002  7.777258E-0003  0.000000E+0000  1.995625E-0002
  3.548875E-0002  9.636348E-0002  1.209836E-0001  1.070000E-0001  1.793273E-0001  1.904680E-0001  3.406519E-0002  8.281664E-0002  4.226541E-0002  1.995625E-0002  0.000000E+0000

  0.000000E+0000  6.511686E-0004  8.359507E-0004  3.592828E-0003  1.740994E-0003  6.968966E-0004  2.307517E-0003  1.477155E-0003  1.403535E-0003  4.230040E-0004  3.405156E-0003
  6.511686E-0004  0.000000E+0000  6.933745E-0004  1.552894E-0003  2.732023E-0003  7.544779E-0004  7.979423E-0004  2.948098E-0003  3.442855E-0003  2.308203E-0004  2.485015E-0003
  8.359507E-0004  6.933745E-0004  0.000000E+0000  3.599182E-0003  9.145092E-0004  2.015849E-0004  6.505906E-0004  1.215623E-0003  3.268124E-0003  1.570128E-0004  3.232168E-0003
  3.592828E-0003  1.552894E-0003  3.599182E-0003  0.000000E+0000  1.023246E-0002  2.711975E-0003  1.960460E-0003  9.460671E-0003  7.714205E-0003  1.032655E-0003  4.986283E-0003
  1.740994E-0003  2.732023E-0003  9.145092E-0004  1.023246E-0002  0.000000E+0000  2.712359E-0003  2.550800E-0003  1.841819E-0003  7.617591E-0003  1.095910E-0003  7.979809E-0003
  6.968966E-0004  7.544779E-0004  2.015849E-0004  2.711975E-0003  2.712359E-0003  0.000000E+0000  1.743984E-0003  2.505960E-0003  3.252257E-0003  1.342200E-0003  3.545108E-0003
  2.307517E-0003  7.979423E-0004  6.505906E-0004  1.960460E-0003  2.550800E-0003  1.743984E-0003  0.000000E+0000  2.811783E-0003  2.432647E-0004  2.040582E-0004  9.249628E-0004
  1.477155E-0003  2.948098E-0003  1.215623E-0003  9.460671E-0003  1.841819E-0003  2.505960E-0003  2.811783E-0003  0.000000E+0000  4.693198E-0003  1.714344E-0003  7.332141E-0003
  1.403535E-0003  3.442855E-0003  3.268124E-0003  7.714205E-0003  7.617591E-0003  3.252257E-0003  2.432647E-0004  4.693198E-0003  0.000000E+0000  3.080653E-0004  4.102856E-0003
  4.230040E-0004  2.308203E-0004  1.570128E-0004  1.032655E-0003  1.095910E-0003  1.342200E-0003  2.040582E-0004  1.714344E-0003  3.080653E-0004  0.000000E+0000  8.659512E-0004
  3.405156E-0003  2.485015E-0003  3.232168E-0003  4.986283E-0003  7.979809E-0003  3.545108E-0003  9.249628E-0004  7.332141E-0003  4.102856E-0003  8.659512E-0004  0.000000E+0000

  0.000000E+0000  1.127798E-0003  1.153147E-0003  3.902703E-0004  2.588075E-0004  1.881698E-0004  7.450340E-0004  9.997560E-0004  1.030992E-0003  9.269583E-0004  8.227220E-0004
  1.127798E-0003  0.000000E+0000  8.279528E-0004  2.512063E-0003  4.184642E-0004  2.377865E-0003  3.512421E-0004  2.130075E-0003  4.322260E-0003  4.160994E-0003  1.979324E-0003
  1.153147E-0003  8.279528E-0004  0.000000E+0000  1.345937E-0003  1.266516E-0003  1.107701E-0003  2.418214E-0004  9.332046E-0004  2.094720E-0003  1.714798E-0003  1.927090E-0003
  3.902703E-0004  2.512063E-0003  1.345937E-0003  0.000000E+0000  1.236366E-0003  1.364133E-0003  5.426606E-0004  1.437899E-0003  8.392326E-0004  1.362958E-0003  1.689775E-0003
  2.588075E-0004  4.184642E-0004  1.266516E-0003  1.236366E-0003  0.000000E+0000  1.343964E-0003  5.259053E-0004  9.105818E-0004  1.670168E-0003  1.190669E-0003  3.426686E-0004
  1.881698E-0004  2.377865E-0003  1.107701E-0003  1.364133E-0003  1.343964E-0003  0.000000E+0000  7.830325E-0004  1.803233E-0003  3.114539E-0003  1.269124E-0003  2.306556E-0003
  7.450340E-0004  3.512421E-0004  2.418214E-0004  5.426606E-0004  5.259053E-0004  7.830325E-0004  0.000000E+0000  1.069598E-0003  1.011547E-0003  1.183398E-0003  1.903249E-0004
  9.997560E-0004  2.130075E-0003  9.332046E-0004  1.437899E-0003  9.105818E-0004  1.803233E-0003  1.069598E-0003  0.000000E+0000  2.435533E-0003  2.575727E-0003  9.052223E-0004
  1.030992E-0003  4.322260E-0003  2.094720E-0003  8.392326E-0004  1.670168E-0003  3.114539E-0003  1.011547E-0003  2.435533E-0003  0.000000E+0000  2.331087E-0003  2.271138E-0003
  9.269583E-0004  4.160994E-0003  1.714798E-0003  1.362958E-0003  1.190669E-0003  1.269124E-0003  1.183398E-0003  2.575727E-0003  2.331087E-0003  0.000000E+0000  2.159887E-0003
  8.227220E-0004  1.979324E-0003  1.927090E-0003  1.689775E-0003  3.426686E-0004  2.306556E-0003  1.903249E-0004  9.052223E-0004  2.271138E-0003  2.159887E-0003  0.000000E+0000
