6661999 = Ignore first line (new format code)
File name: E:\Folders\PhD\ISAD\ISAD_Curry_data\ISAD_EEGs\eLORETA\EEGs_128Hz_200sec-window\Clinical_v_Healthy\T1_healthy_all\H50-ROIlinLagConn-crss.txt
1 = Number of time frames in Time X Frequency decomposition
3 = Number of EEG files
11 = Number Electrodes
25600 = Number of time frames in EEG files
32768 = Number of time frames in EEG files power of 2
7 = Number of matrices
5 = Band type (1=Classical1; 2=Classical2; 3=DiscreteFreqs; 4=AllDiscreteFreqs; 5=UserDefinedBands)
 1.280000E+0002 = Sampling rate Hz
-1.000000E+0002 = Freq1 Hz
-1.000000E+0002 = Freq2 Hz
 3.906250E-0003 = Frequency resolution Hz

  0.000000E+0000  1.345388E-0003  6.168803E-0004  3.304290E-0003  6.433983E-0004  2.914261E-0003  1.521240E-0003  6.615235E-0003  7.660453E-0004  7.205397E-0003  4.567425E-0003
  1.345388E-0003  0.000000E+0000  3.664444E-0004  3.614921E-0003  9.019779E-0004  3.033997E-0003  1.907602E-0003  2.326824E-0003  8.973559E-0004  5.299922E-0003  3.699130E-0003
  6.168803E-0004  3.664444E-0004  0.000000E+0000  3.119404E-0004  1.725944E-0004  3.390666E-0004  2.118509E-0004  2.601808E-0003  1.441777E-0004  2.881313E-0004  3.934827E-0004
  3.304290E-0003  3.614921E-0003  3.119404E-0004  0.000000E+0000  9.887306E-0004  3.480175E-0003  3.408384E-0004  2.274764E-0002  5.264411E-0004  8.061906E-0003  5.208179E-0003
  6.433983E-0004  9.019779E-0004  1.725944E-0004  9.887306E-0004  0.000000E+0000  1.306843E-0003  3.698197E-0004  5.453971E-0003  1.642469E-0004  1.897556E-0003  1.750981E-0003
  2.914261E-0003  3.033997E-0003  3.390666E-0004  3.480175E-0003  1.306843E-0003  0.000000E+0000  6.387369E-0004  2.154616E-0002  5.399947E-0004  6.240152E-0003  4.901508E-0003
  1.521240E-0003  1.907602E-0003  2.118509E-0004  3.408384E-0004  3.698197E-0004  6.387369E-0004  0.000000E+0000  1.381403E-0002  2.451446E-0004  1.396523E-0003  1.615793E-0003
  6.615235E-0003  2.326824E-0003  2.601808E-0003  2.274764E-0002  5.453971E-0003  2.154616E-0002  1.381403E-0002  0.000000E+0000  6.768593E-0003  3.844055E-0002  2.985223E-0002
  7.660453E-0004  8.973559E-0004  1.441777E-0004  5.264411E-0004  1.642469E-0004  5.399947E-0004  2.451446E-0004  6.768593E-0003  0.000000E+0000  1.712194E-0003  1.093472E-0003
  7.205397E-0003  5.299922E-0003  2.881313E-0004  8.061906E-0003  1.897556E-0003  6.240152E-0003  1.396523E-0003  3.844055E-0002  1.712194E-0003  0.000000E+0000  4.513501E-0003
  4.567425E-0003  3.699130E-0003  3.934827E-0004  5.208179E-0003  1.750981E-0003  4.901508E-0003  1.615793E-0003  2.985223E-0002  1.093472E-0003  4.513501E-0003  0.000000E+0000

  0.000000E+0000  1.421888E-0005  1.447958E-0005  6.725325E-0005  4.395966E-0005  4.108901E-0005  4.680250E-0005  1.136178E-0004  3.819330E-0005  5.477709E-0005  4.443086E-0005
  1.421888E-0005  0.000000E+0000  2.478515E-0005  2.936800E-0005  4.779002E-0005  3.827990E-0005  3.979424E-0005  8.769344E-0005  4.219208E-0005  1.762211E-0005  4.567413E-0005
  1.447958E-0005  2.478515E-0005  0.000000E+0000  4.650386E-0006  4.403288E-0005  8.836001E-0005  1.284498E-0005  2.887164E-0004  5.045257E-0006  7.438651E-0006  9.302337E-0005
  6.725325E-0005  2.936800E-0005  4.650386E-0006  0.000000E+0000  5.834086E-0005  1.380065E-0004  6.987617E-0005  5.091891E-0004  2.225099E-0005  1.634113E-0004  9.230976E-0004
  4.395966E-0005  4.779002E-0005  4.403288E-0005  5.834086E-0005  0.000000E+0000  2.143709E-0004  6.807393E-0005  6.582020E-0004  6.366731E-0005  7.758046E-0005  4.436280E-0004
  4.108901E-0005  3.827990E-0005  8.836001E-0005  1.380065E-0004  2.143709E-0004  0.000000E+0000  1.684237E-0004  4.997952E-0004  1.826654E-0004  1.156888E-0004  7.627767E-0004
  4.680250E-0005  3.979424E-0005  1.284498E-0005  6.987617E-0005  6.807393E-0005  1.684237E-0004  0.000000E+0000  5.209594E-0004  3.011719E-0005  4.507348E-0005  4.170983E-0004
  1.136178E-0004  8.769344E-0005  2.887164E-0004  5.091891E-0004  6.582020E-0004  4.997952E-0004  5.209594E-0004  0.000000E+0000  5.535056E-0004  4.984898E-0004  7.005643E-0004
  3.819330E-0005  4.219208E-0005  5.045257E-0006  2.225099E-0005  6.366731E-0005  1.826654E-0004  3.011719E-0005  5.535056E-0004  0.000000E+0000  3.221621E-0005  2.231837E-0004
  5.477709E-0005  1.762211E-0005  7.438651E-0006  1.634113E-0004  7.758046E-0005  1.156888E-0004  4.507348E-0005  4.984898E-0004  3.221621E-0005  0.000000E+0000  8.112861E-0004
  4.443086E-0005  4.567413E-0005  9.302337E-0005  9.230976E-0004  4.436280E-0004  7.627767E-0004  4.170983E-0004  7.005643E-0004  2.231837E-0004  8.112861E-0004  0.000000E+0000

  0.000000E+0000  5.619285E-0006  8.572030E-0006  2.661367E-0005  2.279537E-0005  1.669166E-0005  2.498830E-0005  1.120564E-0004  2.143450E-0005  2.438066E-0005  1.523522E-0005
  5.619285E-0006  0.000000E+0000  1.424140E-0005  6.532966E-0006  2.483222E-0005  1.869323E-0005  8.890318E-0006  8.145496E-0005  1.506198E-0005  1.303044E-0005  1.128290E-0005
  8.572030E-0006  1.424140E-0005  0.000000E+0000  3.125179E-0006  2.371373E-0005  5.032702E-0005  9.700948E-0006  2.205614E-0004  2.226766E-0005  1.520244E-0005  2.863079E-0005
  2.661367E-0005  6.532966E-0006  3.125179E-0006  0.000000E+0000  4.175718E-0005  8.793663E-0005  3.661059E-0005  4.431444E-0004  3.002065E-0005  3.417061E-0004  5.779017E-0004
  2.279537E-0005  2.483222E-0005  2.371373E-0005  4.175718E-0005  0.000000E+0000  8.733206E-0005  3.679961E-0005  4.953470E-0004  3.258641E-0005  1.486269E-0004  2.213653E-0004
  1.669166E-0005  1.869323E-0005  5.032702E-0005  8.793663E-0005  8.733206E-0005  0.000000E+0000  7.834521E-0005  4.480451E-0004  8.483472E-0005  1.018073E-0004  4.523410E-0004
  2.498830E-0005  8.890318E-0006  9.700948E-0006  3.661059E-0005  3.679961E-0005  7.834521E-0005  0.000000E+0000  4.191987E-0004  3.417758E-0005  9.032617E-0005  2.263973E-0004
  1.120564E-0004  8.145496E-0005  2.205614E-0004  4.431444E-0004  4.953470E-0004  4.480451E-0004  4.191987E-0004  0.000000E+0000  4.157446E-0004  4.882237E-0004  4.873205E-0004
  2.143450E-0005  1.506198E-0005  2.226766E-0005  3.002065E-0005  3.258641E-0005  8.483472E-0005  3.417758E-0005  4.157446E-0004  0.000000E+0000  5.298887E-0005  8.202396E-0005
  2.438066E-0005  1.303044E-0005  1.520244E-0005  3.417061E-0004  1.486269E-0004  1.018073E-0004  9.032617E-0005  4.882237E-0004  5.298887E-0005  0.000000E+0000  5.355636E-0004
  1.523522E-0005  1.128290E-0005  2.863079E-0005  5.779017E-0004  2.213653E-0004  4.523410E-0004  2.263973E-0004  4.873205E-0004  8.202396E-0005  5.355636E-0004  0.000000E+0000

  0.000000E+0000  1.553994E-0005  7.984897E-0007  1.737450E-0005  1.042075E-0005  6.811193E-0005  1.788647E-0005  1.044795E-0004  5.904970E-0006  8.813916E-0005  1.275856E-0004
  1.553994E-0005  0.000000E+0000  1.731951E-0005  5.575380E-0005  3.250641E-0005  4.054524E-0005  4.715466E-0005  3.184454E-0005  2.878367E-0005  4.953708E-0005  4.383384E-0005
  7.984897E-0007  1.731951E-0005  0.000000E+0000  1.043203E-0005  1.139327E-0005  8.806463E-0005  2.137160E-0006  1.135924E-0004  3.134190E-0006  1.933703E-0005  8.558288E-0006
  1.737450E-0005  5.575380E-0005  1.043203E-0005  0.000000E+0000  1.327857E-0004  1.564454E-0004  6.533829E-0006  2.106584E-0004  3.275138E-0005  3.318756E-0004  7.940185E-0005
  1.042075E-0005  3.250641E-0005  1.139327E-0005  1.327857E-0004  0.000000E+0000  2.529728E-0004  5.065496E-0005  2.315023E-0004  1.867779E-0005  2.058261E-0004  3.178900E-0005
  6.811193E-0005  4.054524E-0005  8.806463E-0005  1.564454E-0004  2.529728E-0004  0.000000E+0000  1.757769E-0004  2.245955E-0004  2.145697E-0004  1.691158E-0004  3.205921E-0004
  1.788647E-0005  4.715466E-0005  2.137160E-0006  6.533829E-0006  5.065496E-0005  1.757769E-0004  0.000000E+0000  2.074167E-0004  1.079111E-0005  5.573856E-0005  3.146338E-0005
  1.044795E-0004  3.184454E-0005  1.135924E-0004  2.106584E-0004  2.315023E-0004  2.245955E-0004  2.074167E-0004  0.000000E+0000  2.310848E-0004  2.376104E-0004  3.167450E-0004
  5.904970E-0006  2.878367E-0005  3.134190E-0006  3.275138E-0005  1.867779E-0005  2.145697E-0004  1.079111E-0005  2.310848E-0004  0.000000E+0000  5.291792E-0005  3.027742E-0005
  8.813916E-0005  4.953708E-0005  1.933703E-0005  3.318756E-0004  2.058261E-0004  1.691158E-0004  5.573856E-0005  2.376104E-0004  5.291792E-0005  0.000000E+0000  1.326154E-0004
  1.275856E-0004  4.383384E-0005  8.558288E-0006  7.940185E-0005  3.178900E-0005  3.205921E-0004  3.146338E-0005  3.167450E-0004  3.027742E-0005  1.326154E-0004  0.000000E+0000

  0.000000E+0000  1.303616E-0004  4.928410E-0004  1.422401E-0003  7.375684E-0004  1.625980E-0003  2.495197E-0004  6.490398E-0004  7.334011E-0004  3.947665E-0003  1.462894E-0003
  1.303616E-0004  0.000000E+0000  5.878896E-0005  1.308396E-0004  9.392894E-0005  1.012882E-0004  1.064593E-0004  5.999819E-0005  7.980945E-0005  4.330551E-0004  3.355860E-0004
  4.928410E-0004  5.878896E-0005  0.000000E+0000  2.213324E-0004  4.518315E-0005  2.933284E-0004  2.997802E-0004  2.695459E-0004  7.851182E-0005  3.149388E-0004  5.889461E-0004
  1.422401E-0003  1.308396E-0004  2.213324E-0004  0.000000E+0000  2.136950E-0004  4.040933E-0003  2.552284E-0003  1.544932E-0003  7.487946E-0004  5.549124E-0003  1.402172E-0002
  7.375684E-0004  9.392894E-0005  4.518315E-0005  2.136950E-0004  0.000000E+0000  5.308779E-0004  2.213388E-0004  3.180684E-0004  1.142786E-0004  5.588368E-0004  3.639091E-0004
  1.625980E-0003  1.012882E-0004  2.933284E-0004  4.040933E-0003  5.308779E-0004  0.000000E+0000  2.500289E-0003  1.808082E-0003  8.334182E-0004  5.080723E-0003  8.284743E-0003
  2.495197E-0004  1.064593E-0004  2.997802E-0004  2.552284E-0003  2.213388E-0004  2.500289E-0003  0.000000E+0000  1.318407E-0003  6.423042E-0004  3.931533E-0003  2.808340E-0004
  6.490398E-0004  5.999819E-0005  2.695459E-0004  1.544932E-0003  3.180684E-0004  1.808082E-0003  1.318407E-0003  0.000000E+0000  5.130704E-0004  4.030983E-0003  4.899852E-0003
  7.334011E-0004  7.980945E-0005  7.851182E-0005  7.487946E-0004  1.142786E-0004  8.334182E-0004  6.423042E-0004  5.130704E-0004  0.000000E+0000  8.603051E-0004  1.777891E-0003
  3.947665E-0003  4.330551E-0004  3.149388E-0004  5.549124E-0003  5.588368E-0004  5.080723E-0003  3.931533E-0003  4.030983E-0003  8.603051E-0004  0.000000E+0000  2.523129E-0002
  1.462894E-0003  3.355860E-0004  5.889461E-0004  1.402172E-0002  3.639091E-0004  8.284743E-0003  2.808340E-0004  4.899852E-0003  1.777891E-0003  2.523129E-0002  0.000000E+0000

  0.000000E+0000  6.295467E-0005  3.749785E-0006  1.695054E-0003  2.192361E-0005  1.204920E-0003  3.847092E-0004  8.398948E-0005  8.596873E-0005  3.116472E-0003  1.729742E-0003
  6.295467E-0005  0.000000E+0000  1.183485E-0005  1.189476E-0004  1.640026E-0005  9.259425E-0005  2.893756E-0005  1.246601E-0004  1.035101E-0004  2.123877E-0004  1.314090E-0004
  3.749785E-0006  1.183485E-0005  0.000000E+0000  8.994251E-0005  8.884054E-0006  1.240753E-0004  1.681431E-0005  1.010845E-0004  8.131782E-0006  4.966040E-0005  1.536784E-0005
  1.695054E-0003  1.189476E-0004  8.994251E-0005  0.000000E+0000  2.742542E-0004  4.395948E-0004  9.012884E-0005  4.300994E-0005  5.134368E-0004  5.598962E-0004  5.268425E-0004
  2.192361E-0005  1.640026E-0005  8.884054E-0006  2.742542E-0004  0.000000E+0000  4.729588E-0004  4.967103E-0005  2.999350E-0004  8.661381E-0005  2.223526E-0004  1.905267E-0004
  1.204920E-0003  9.259425E-0005  1.240753E-0004  4.395948E-0004  4.729588E-0004  0.000000E+0000  1.745859E-0004  1.278482E-0004  2.317957E-0004  9.760224E-0004  4.460277E-0004
  3.847092E-0004  2.893756E-0005  1.681431E-0005  9.012884E-0005  4.967103E-0005  1.745859E-0004  0.000000E+0000  1.858372E-0004  9.591753E-0005  5.684883E-0004  6.804017E-0005
  8.398948E-0005  1.246601E-0004  1.010845E-0004  4.300994E-0005  2.999350E-0004  1.278482E-0004  1.858372E-0004  0.000000E+0000  1.157360E-0004  4.930256E-0004  6.228327E-0004
  8.596873E-0005  1.035101E-0004  8.131782E-0006  5.134368E-0004  8.661381E-0005  2.317957E-0004  9.591753E-0005  1.157360E-0004  0.000000E+0000  4.510853E-0004  8.243440E-0005
  3.116472E-0003  2.123877E-0004  4.966040E-0005  5.598962E-0004  2.223526E-0004  9.760224E-0004  5.684883E-0004  4.930256E-0004  4.510853E-0004  0.000000E+0000  3.344712E-0003
  1.729742E-0003  1.314090E-0004  1.536784E-0005  5.268425E-0004  1.905267E-0004  4.460277E-0004  6.804017E-0005  6.228327E-0004  8.243440E-0005  3.344712E-0003  0.000000E+0000

  0.000000E+0000  4.150611E-0005  6.390047E-0006  9.817743E-0005  2.581484E-0005  1.878407E-0004  4.505222E-0005  2.643286E-0004  2.014153E-0005  2.779123E-0004  2.822192E-0004
  4.150611E-0005  0.000000E+0000  6.353300E-0006  9.267174E-0005  6.394004E-0005  8.425816E-0005  3.767091E-0005  2.319761E-0004  6.905112E-0005  1.904604E-0005  4.977915E-0005
  6.390047E-0006  6.353300E-0006  0.000000E+0000  9.537443E-0005  1.340571E-0005  1.851633E-0004  1.576845E-0005  1.110976E-0004  4.276625E-0006  3.100637E-0005  7.708475E-0005
  9.817743E-0005  9.267174E-0005  9.537443E-0005  0.000000E+0000  1.798727E-0004  3.911984E-0004  1.411225E-0004  1.003053E-0004  2.030944E-0004  1.264008E-0004  4.484785E-0004
  2.581484E-0005  6.394004E-0005  1.340571E-0005  1.798727E-0004  0.000000E+0000  4.551608E-0004  2.595795E-0005  1.527859E-0004  3.731146E-0005  9.153558E-0005  1.106340E-0004
  1.878407E-0004  8.425816E-0005  1.851633E-0004  3.911984E-0004  4.551608E-0004  0.000000E+0000  4.142479E-0004  2.638054E-0004  4.730332E-0004  3.296491E-0004  9.389833E-0004
  4.505222E-0005  3.767091E-0005  1.576845E-0005  1.411225E-0004  2.595795E-0005  4.142479E-0004  0.000000E+0000  1.249120E-0004  4.628515E-0005  6.729558E-0005  1.845198E-0004
  2.643286E-0004  2.319761E-0004  1.110976E-0004  1.003053E-0004  1.527859E-0004  2.638054E-0004  1.249120E-0004  0.000000E+0000  1.744392E-0004  1.205010E-0004  4.281992E-0004
  2.014153E-0005  6.905112E-0005  4.276625E-0006  2.030944E-0004  3.731146E-0005  4.730332E-0004  4.628515E-0005  1.744392E-0004  0.000000E+0000  7.135365E-0005  1.863720E-0004
  2.779123E-0004  1.904604E-0005  3.100637E-0005  1.264008E-0004  9.153558E-0005  3.296491E-0004  6.729558E-0005  1.205010E-0004  7.135365E-0005  0.000000E+0000  5.589075E-0004
  2.822192E-0004  4.977915E-0005  7.708475E-0005  4.484785E-0004  1.106340E-0004  9.389833E-0004  1.845198E-0004  4.281992E-0004  1.863720E-0004  5.589075E-0004  0.000000E+0000
