6661999 = Ignore first line (new format code)
File name: E:\Folders\PhD\ISAD\ISAD_Curry_data\ISAD_EEGs\eLORETA\EEGs_128Hz_200sec-window\Clinical_v_Healthy\T1_healthy_all\H51-ROIlinLagConn-crss.txt
1 = Number of time frames in Time X Frequency decomposition
3 = Number of EEG files
11 = Number Electrodes
25600 = Number of time frames in EEG files
32768 = Number of time frames in EEG files power of 2
7 = Number of matrices
5 = Band type (1=Classical1; 2=Classical2; 3=DiscreteFreqs; 4=AllDiscreteFreqs; 5=UserDefinedBands)
 1.280000E+0002 = Sampling rate Hz
-1.000000E+0002 = Freq1 Hz
-1.000000E+0002 = Freq2 Hz
 3.906250E-0003 = Frequency resolution Hz

  0.000000E+0000  2.769997E-0002  1.436962E-0003  4.442177E-0002  3.644581E-0002  4.260602E-0002  5.656512E-0002  7.651478E-0002  9.010641E-0002  7.754724E-0002  4.759436E-0002
  2.769997E-0002  0.000000E+0000  1.509011E-0003  8.209421E-0002  2.884971E-0002  4.491220E-0002  2.744265E-0002  5.909552E-0002  4.178571E-0002  2.134061E-0002  1.840689E-0002
  1.436962E-0003  1.509011E-0003  0.000000E+0000  6.024620E-0003  4.171765E-0003  5.845836E-0003  3.430546E-0003  4.995472E-0003  4.988043E-0003  2.575450E-0003  4.275761E-0003
  4.442177E-0002  8.209421E-0002  6.024620E-0003  0.000000E+0000  6.906977E-0002  8.135886E-0002  6.624788E-0002  1.136163E-0001  7.520581E-0002  5.617098E-0002  5.903256E-0002
  3.644581E-0002  2.884971E-0002  4.171765E-0003  6.906977E-0002  0.000000E+0000  6.138568E-0002  3.528503E-0002  6.488438E-0002  6.970297E-0002  4.945132E-0002  2.255340E-0002
  4.260602E-0002  4.491220E-0002  5.845836E-0003  8.135886E-0002  6.138568E-0002  0.000000E+0000  2.730690E-0002  6.646501E-0002  3.669788E-0002  6.169533E-0002  2.862368E-0002
  5.656512E-0002  2.744265E-0002  3.430546E-0003  6.624788E-0002  3.528503E-0002  2.730690E-0002  0.000000E+0000  6.137668E-0002  1.440969E-0002  6.409379E-0002  2.544743E-0002
  7.651478E-0002  5.909552E-0002  4.995472E-0003  1.136163E-0001  6.488438E-0002  6.646501E-0002  6.137668E-0002  0.000000E+0000  9.712743E-0002  9.196199E-0002  7.080334E-0002
  9.010641E-0002  4.178571E-0002  4.988043E-0003  7.520581E-0002  6.970297E-0002  3.669788E-0002  1.440969E-0002  9.712743E-0002  0.000000E+0000  6.610389E-0002  3.638270E-0002
  7.754724E-0002  2.134061E-0002  2.575450E-0003  5.617098E-0002  4.945132E-0002  6.169533E-0002  6.409379E-0002  9.196199E-0002  6.610389E-0002  0.000000E+0000  4.401657E-0002
  4.759436E-0002  1.840689E-0002  4.275761E-0003  5.903256E-0002  2.255340E-0002  2.862368E-0002  2.544743E-0002  7.080334E-0002  3.638270E-0002  4.401657E-0002  0.000000E+0000

  0.000000E+0000  4.286477E-0003  1.458106E-0003  7.353344E-0003  6.767029E-0003  1.451335E-0002  4.307703E-0003  1.167804E-0002  9.133215E-0003  1.149954E-0002  4.348225E-0003
  4.286477E-0003  0.000000E+0000  3.940230E-0004  5.581484E-0003  6.484747E-0003  1.579219E-0002  8.779610E-0003  1.095635E-0002  9.764886E-0003  5.184308E-0003  2.943431E-0003
  1.458106E-0003  3.940230E-0004  0.000000E+0000  6.970210E-0004  1.525118E-0003  1.335999E-0003  9.594419E-0004  2.150621E-0003  2.211143E-0003  1.226747E-0003  8.990871E-0004
  7.353344E-0003  5.581484E-0003  6.970210E-0004  0.000000E+0000  1.421681E-0003  2.572551E-0002  1.081974E-0002  1.770912E-0002  1.446426E-0002  2.227569E-0002  1.168596E-0002
  6.767029E-0003  6.484747E-0003  1.525118E-0003  1.421681E-0003  0.000000E+0000  1.662104E-0002  4.170679E-0003  1.245879E-0002  5.851364E-0003  5.558096E-0003  5.177065E-0003
  1.451335E-0002  1.579219E-0002  1.335999E-0003  2.572551E-0002  1.662104E-0002  0.000000E+0000  3.108246E-0002  4.000620E-0002  1.594245E-0002  2.005612E-0002  1.677875E-0002
  4.307703E-0003  8.779610E-0003  9.594419E-0004  1.081974E-0002  4.170679E-0003  3.108246E-0002  0.000000E+0000  1.410140E-0002  5.256189E-0003  1.342183E-0002  1.836703E-0002
  1.167804E-0002  1.095635E-0002  2.150621E-0003  1.770912E-0002  1.245879E-0002  4.000620E-0002  1.410140E-0002  0.000000E+0000  2.382524E-0002  1.894309E-0002  7.563550E-0003
  9.133215E-0003  9.764886E-0003  2.211143E-0003  1.446426E-0002  5.851364E-0003  1.594245E-0002  5.256189E-0003  2.382524E-0002  0.000000E+0000  1.061991E-0002  1.038068E-0002
  1.149954E-0002  5.184308E-0003  1.226747E-0003  2.227569E-0002  5.558096E-0003  2.005612E-0002  1.342183E-0002  1.894309E-0002  1.061991E-0002  0.000000E+0000  1.756541E-0002
  4.348225E-0003  2.943431E-0003  8.990871E-0004  1.168596E-0002  5.177065E-0003  1.677875E-0002  1.836703E-0002  7.563550E-0003  1.038068E-0002  1.756541E-0002  0.000000E+0000

  0.000000E+0000  4.273517E-0003  1.083694E-0003  9.146472E-0003  6.675098E-0003  4.274254E-0003  4.847570E-0003  3.100160E-0003  1.431523E-0003  6.880526E-0003  5.068013E-0003
  4.273517E-0003  0.000000E+0000  6.533571E-0004  2.558274E-0003  2.818075E-0003  2.481902E-0003  1.019673E-0003  4.833113E-0003  2.859963E-0003  3.018325E-0003  1.572331E-0003
  1.083694E-0003  6.533571E-0004  0.000000E+0000  1.442155E-0003  1.179701E-0003  1.870920E-0003  3.789503E-0004  1.975980E-0003  6.717779E-0004  1.758157E-0003  7.425134E-0004
  9.146472E-0003  2.558274E-0003  1.442155E-0003  0.000000E+0000  9.335768E-0003  9.360895E-0003  3.786310E-0003  6.743841E-0003  4.571577E-0003  3.034840E-0003  6.362666E-0003
  6.675098E-0003  2.818075E-0003  1.179701E-0003  9.335768E-0003  0.000000E+0000  6.420758E-0003  3.157568E-0003  9.351298E-0003  4.641728E-0003  8.057849E-0003  7.865438E-0003
  4.274254E-0003  2.481902E-0003  1.870920E-0003  9.360895E-0003  6.420758E-0003  0.000000E+0000  9.229783E-0003  2.106514E-0003  2.919617E-0003  5.894871E-0003  1.008974E-0002
  4.847570E-0003  1.019673E-0003  3.789503E-0004  3.786310E-0003  3.157568E-0003  9.229783E-0003  0.000000E+0000  6.457802E-0003  3.604360E-0003  1.243057E-0002  5.981609E-0003
  3.100160E-0003  4.833113E-0003  1.975980E-0003  6.743841E-0003  9.351298E-0003  2.106514E-0003  6.457802E-0003  0.000000E+0000  2.218006E-0003  3.579953E-0003  7.647661E-0003
  1.431523E-0003  2.859963E-0003  6.717779E-0004  4.571577E-0003  4.641728E-0003  2.919617E-0003  3.604360E-0003  2.218006E-0003  0.000000E+0000  3.978387E-0003  7.935977E-0003
  6.880526E-0003  3.018325E-0003  1.758157E-0003  3.034840E-0003  8.057849E-0003  5.894871E-0003  1.243057E-0002  3.579953E-0003  3.978387E-0003  0.000000E+0000  2.025267E-0002
  5.068013E-0003  1.572331E-0003  7.425134E-0004  6.362666E-0003  7.865438E-0003  1.008974E-0002  5.981609E-0003  7.647661E-0003  7.935977E-0003  2.025267E-0002  0.000000E+0000

  0.000000E+0000  6.091525E-0003  1.231994E-0003  3.964642E-0003  8.347492E-0003  4.671318E-0003  3.076347E-0003  1.737245E-0003  1.366853E-0003  4.320349E-0003  7.512018E-0003
  6.091525E-0003  0.000000E+0000  8.761066E-0005  1.495840E-0003  4.743988E-0003  8.671641E-0004  2.921398E-0003  6.717184E-0003  3.648464E-0003  1.108704E-0003  2.504912E-0003
  1.231994E-0003  8.761066E-0005  0.000000E+0000  3.929114E-0004  8.058317E-0004  2.205377E-0004  6.816148E-0004  1.179326E-0003  6.290121E-0004  2.866646E-0004  5.228845E-0004
  3.964642E-0003  1.495840E-0003  3.929114E-0004  0.000000E+0000  4.695061E-0003  5.383724E-0003  3.706448E-0003  4.800531E-0003  2.528495E-0003  3.292093E-0003  3.679434E-0003
  8.347492E-0003  4.743988E-0003  8.058317E-0004  4.695061E-0003  0.000000E+0000  2.473314E-0003  6.593717E-0003  9.046608E-0003  4.455173E-0003  4.316545E-0003  4.467673E-0003
  4.671318E-0003  8.671641E-0004  2.205377E-0004  5.383724E-0003  2.473314E-0003  0.000000E+0000  4.815613E-0003  4.407302E-0003  5.202826E-0003  4.785375E-0003  1.617852E-0003
  3.076347E-0003  2.921398E-0003  6.816148E-0004  3.706448E-0003  6.593717E-0003  4.815613E-0003  0.000000E+0000  3.599091E-0003  3.039011E-0003  2.634224E-0003  3.778688E-0003
  1.737245E-0003  6.717184E-0003  1.179326E-0003  4.800531E-0003  9.046608E-0003  4.407302E-0003  3.599091E-0003  0.000000E+0000  9.255376E-0004  3.897186E-0003  7.811507E-0003
  1.366853E-0003  3.648464E-0003  6.290121E-0004  2.528495E-0003  4.455173E-0003  5.202826E-0003  3.039011E-0003  9.255376E-0004  0.000000E+0000  2.010040E-0003  4.596535E-0003
  4.320349E-0003  1.108704E-0003  2.866646E-0004  3.292093E-0003  4.316545E-0003  4.785375E-0003  2.634224E-0003  3.897186E-0003  2.010040E-0003  0.000000E+0000  2.667827E-0003
  7.512018E-0003  2.504912E-0003  5.228845E-0004  3.679434E-0003  4.467673E-0003  1.617852E-0003  3.778688E-0003  7.811507E-0003  4.596535E-0003  2.667827E-0003  0.000000E+0000

  0.000000E+0000  2.977683E-0003  3.043731E-0003  9.468613E-0003  6.227989E-0003  2.742245E-0002  1.414504E-0002  3.950717E-0002  9.922451E-0003  9.350340E-0002  2.567378E-0003
  2.977683E-0003  0.000000E+0000  1.329794E-0003  2.138014E-0003  3.760169E-0003  8.409697E-0003  2.556863E-0003  7.142087E-0003  3.737763E-0003  2.262453E-0002  3.475070E-0003
  3.043731E-0003  1.329794E-0003  0.000000E+0000  1.914798E-0003  3.521592E-0003  1.636587E-0003  1.261941E-0003  3.626823E-0003  1.733810E-0003  1.214719E-0003  2.862555E-0003
  9.468613E-0003  2.138014E-0003  1.914798E-0003  0.000000E+0000  8.463278E-0003  1.354755E-0002  1.783943E-0002  9.348848E-0003  9.114544E-0003  2.411518E-0002  2.736922E-0002
  6.227989E-0003  3.760169E-0003  3.521592E-0003  8.463278E-0003  0.000000E+0000  2.916216E-0002  1.123032E-0002  3.366468E-0002  5.929719E-0003  4.579713E-0002  1.107013E-0002
  2.742245E-0002  8.409697E-0003  1.636587E-0003  1.354755E-0002  2.916216E-0002  0.000000E+0000  2.670424E-0002  7.243717E-0002  7.202017E-0002  1.299823E-0001  6.460323E-0003
  1.414504E-0002  2.556863E-0003  1.261941E-0003  1.783943E-0002  1.123032E-0002  2.670424E-0002  0.000000E+0000  3.661066E-0002  2.846809E-0002  8.251157E-0002  3.140973E-0002
  3.950717E-0002  7.142087E-0003  3.626823E-0003  9.348848E-0003  3.366468E-0002  7.243717E-0002  3.661066E-0002  0.000000E+0000  4.245973E-0002  8.800032E-0002  2.509095E-0002
  9.922451E-0003  3.737763E-0003  1.733810E-0003  9.114544E-0003  5.929719E-0003  7.202017E-0002  2.846809E-0002  4.245973E-0002  0.000000E+0000  8.338873E-0002  1.741586E-0002
  9.350340E-0002  2.262453E-0002  1.214719E-0003  2.411518E-0002  4.579713E-0002  1.299823E-0001  8.251157E-0002  8.800032E-0002  8.338873E-0002  0.000000E+0000  7.306898E-0002
  2.567378E-0003  3.475070E-0003  2.862555E-0003  2.736922E-0002  1.107013E-0002  6.460323E-0003  3.140973E-0002  2.509095E-0002  1.741586E-0002  7.306898E-0002  0.000000E+0000

  0.000000E+0000  1.816427E-0004  2.526051E-0004  1.067673E-0003  1.280366E-0003  1.672252E-0003  3.163087E-0004  2.386766E-0003  8.230205E-0004  1.618753E-0003  3.795406E-0004
  1.816427E-0004  0.000000E+0000  2.658682E-0005  5.306407E-0004  6.640904E-0005  3.513857E-0004  1.971821E-0004  2.145652E-0004  7.512908E-0005  6.109329E-0004  1.091719E-0004
  2.526051E-0004  2.658682E-0005  0.000000E+0000  7.896291E-0005  9.903627E-0005  1.659195E-0004  6.288267E-0005  2.515262E-0004  9.128206E-0005  7.719859E-0005  4.244591E-0005
  1.067673E-0003  5.306407E-0004  7.896291E-0005  0.000000E+0000  4.371804E-0004  5.024805E-0004  3.267131E-0004  1.432801E-0003  1.462509E-0003  1.023034E-0003  3.308997E-0004
  1.280366E-0003  6.640904E-0005  9.903627E-0005  4.371804E-0004  0.000000E+0000  1.277553E-0003  2.098493E-0004  6.022995E-0004  4.811922E-0004  7.724519E-0004  7.899256E-0004
  1.672252E-0003  3.513857E-0004  1.659195E-0004  5.024805E-0004  1.277553E-0003  0.000000E+0000  7.661725E-0004  2.878455E-0003  2.381770E-0003  3.019998E-0003  7.072081E-0004
  3.163087E-0004  1.971821E-0004  6.288267E-0005  3.267131E-0004  2.098493E-0004  7.661725E-0004  0.000000E+0000  4.392280E-0004  1.016813E-0003  8.783270E-0004  4.572622E-0004
  2.386766E-0003  2.145652E-0004  2.515262E-0004  1.432801E-0003  6.022995E-0004  2.878455E-0003  4.392280E-0004  0.000000E+0000  1.202361E-0003  2.051243E-0003  1.333763E-0003
  8.230205E-0004  7.512908E-0005  9.128206E-0005  1.462509E-0003  4.811922E-0004  2.381770E-0003  1.016813E-0003  1.202361E-0003  0.000000E+0000  2.113159E-0003  1.086978E-0003
  1.618753E-0003  6.109329E-0004  7.719859E-0005  1.023034E-0003  7.724519E-0004  3.019998E-0003  8.783270E-0004  2.051243E-0003  2.113159E-0003  0.000000E+0000  7.366398E-0004
  3.795406E-0004  1.091719E-0004  4.244591E-0005  3.308997E-0004  7.899256E-0004  7.072081E-0004  4.572622E-0004  1.333763E-0003  1.086978E-0003  7.366398E-0004  0.000000E+0000

  0.000000E+0000  9.098187E-0004  2.770488E-0004  5.817640E-0004  1.157039E-0003  9.299172E-0004  2.102273E-0003  2.766079E-0003  5.826794E-0004  9.018346E-0004  3.215614E-0003
  9.098187E-0004  0.000000E+0000  2.186803E-0004  1.038694E-0003  1.672014E-0003  1.376068E-0003  1.399017E-0003  2.164294E-0003  1.180360E-0003  2.253007E-0003  1.252523E-0003
  2.770488E-0004  2.186803E-0004  0.000000E+0000  3.335770E-0004  3.726776E-0004  8.693988E-0004  5.941587E-0004  5.404500E-0004  2.859180E-0004  6.146425E-0004  8.817117E-0004
  5.817640E-0004  1.038694E-0003  3.335770E-0004  0.000000E+0000  1.741522E-0003  2.438000E-0003  1.963001E-0003  7.160916E-0004  1.201878E-0003  1.182457E-0003  3.733774E-0003
  1.157039E-0003  1.672014E-0003  3.726776E-0004  1.741522E-0003  0.000000E+0000  2.338793E-0003  3.792242E-0003  1.569035E-0003  1.705001E-0003  2.460193E-0003  5.105013E-0003
  9.299172E-0004  1.376068E-0003  8.693988E-0004  2.438000E-0003  2.338793E-0003  0.000000E+0000  3.439413E-0003  3.190657E-0003  1.435386E-0003  4.843163E-0003  4.940476E-0003
  2.102273E-0003  1.399017E-0003  5.941587E-0004  1.963001E-0003  3.792242E-0003  3.439413E-0003  0.000000E+0000  4.643864E-0003  1.796735E-0003  4.014933E-0003  1.909320E-0003
  2.766079E-0003  2.164294E-0003  5.404500E-0004  7.160916E-0004  1.569035E-0003  3.190657E-0003  4.643864E-0003  0.000000E+0000  1.928570E-0003  3.952746E-0004  6.560902E-0003
  5.826794E-0004  1.180360E-0003  2.859180E-0004  1.201878E-0003  1.705001E-0003  1.435386E-0003  1.796735E-0003  1.928570E-0003  0.000000E+0000  2.053367E-0003  2.394289E-0003
  9.018346E-0004  2.253007E-0003  6.146425E-0004  1.182457E-0003  2.460193E-0003  4.843163E-0003  4.014933E-0003  3.952746E-0004  2.053367E-0003  0.000000E+0000  7.129465E-0003
  3.215614E-0003  1.252523E-0003  8.817117E-0004  3.733774E-0003  5.105013E-0003  4.940476E-0003  1.909320E-0003  6.560902E-0003  2.394289E-0003  7.129465E-0003  0.000000E+0000
