6661999 = Ignore first line (new format code)
File name: E:\Folders\PhD\ISAD\ISAD_Curry_data\ISAD_EEGs\eLORETA\EEGs_128Hz_200sec-window\Clinical_v_Healthy\T1_healthy_all\H53-ROIlinLagConn-crss.txt
1 = Number of time frames in Time X Frequency decomposition
3 = Number of EEG files
11 = Number Electrodes
25600 = Number of time frames in EEG files
32768 = Number of time frames in EEG files power of 2
7 = Number of matrices
5 = Band type (1=Classical1; 2=Classical2; 3=DiscreteFreqs; 4=AllDiscreteFreqs; 5=UserDefinedBands)
 1.280000E+0002 = Sampling rate Hz
-1.000000E+0002 = Freq1 Hz
-1.000000E+0002 = Freq2 Hz
 3.906250E-0003 = Frequency resolution Hz

  0.000000E+0000  2.568093E-0002  2.464211E-0002  1.988779E-0002  4.924324E-0002  1.948375E-0002  3.515669E-0002  8.756442E-0002  4.020653E-0002  5.308040E-0002  4.511952E-0002
  2.568093E-0002  0.000000E+0000  6.356017E-0002  3.871010E-0002  8.274858E-0002  7.898962E-0002  1.312464E-0002  4.229094E-0002  1.056606E-0002  8.268183E-0002  1.053427E-0002
  2.464211E-0002  6.356017E-0002  0.000000E+0000  7.834243E-0002  4.105612E-0003  7.256432E-0002  2.861656E-0002  8.741946E-0002  8.885773E-0003  5.271777E-0002  4.726285E-0002
  1.988779E-0002  3.871010E-0002  7.834243E-0002  0.000000E+0000  7.144444E-0002  6.836811E-0002  3.915523E-0002  1.165282E-0001  2.626052E-0002  6.434254E-0002  5.396416E-0002
  4.924324E-0002  8.274858E-0002  4.105612E-0003  7.144444E-0002  0.000000E+0000  5.520026E-0002  1.431654E-0002  1.412005E-0001  4.595840E-0002  6.683519E-0002  3.516179E-0002
  1.948375E-0002  7.898962E-0002  7.256432E-0002  6.836811E-0002  5.520026E-0002  0.000000E+0000  3.220193E-0002  1.511971E-0001  2.442765E-0002  3.585535E-0002  5.429325E-0002
  3.515669E-0002  1.312464E-0002  2.861656E-0002  3.915523E-0002  1.431654E-0002  3.220193E-0002  0.000000E+0000  2.978882E-0002  6.052341E-0002  3.857556E-0002  2.992315E-0002
  8.756442E-0002  4.229094E-0002  8.741946E-0002  1.165282E-0001  1.412005E-0001  1.511971E-0001  2.978882E-0002  0.000000E+0000  7.312165E-0002  1.408896E-0001  2.327130E-0002
  4.020653E-0002  1.056606E-0002  8.885773E-0003  2.626052E-0002  4.595840E-0002  2.442765E-0002  6.052341E-0002  7.312165E-0002  0.000000E+0000  2.655466E-0002  2.109772E-0002
  5.308040E-0002  8.268183E-0002  5.271777E-0002  6.434254E-0002  6.683519E-0002  3.585535E-0002  3.857556E-0002  1.408896E-0001  2.655466E-0002  0.000000E+0000  6.263308E-0002
  4.511952E-0002  1.053427E-0002  4.726285E-0002  5.396416E-0002  3.516179E-0002  5.429325E-0002  2.992315E-0002  2.327130E-0002  2.109772E-0002  6.263308E-0002  0.000000E+0000

  0.000000E+0000  3.794482E-0004  4.476544E-0004  1.579213E-0003  6.357311E-0004  1.202054E-0003  1.394347E-0003  7.343088E-0004  1.204476E-0003  1.977691E-0003  1.371267E-0003
  3.794482E-0004  0.000000E+0000  7.048742E-0004  1.123557E-0003  9.750371E-0004  1.550675E-0003  2.881883E-0003  1.771788E-0003  3.802344E-0004  2.630777E-0003  4.205942E-0003
  4.476544E-0004  7.048742E-0004  0.000000E+0000  1.046499E-0003  7.613472E-0004  3.961009E-0003  2.334817E-0003  7.491047E-0004  3.126075E-0003  2.481308E-0003  5.658032E-0003
  1.579213E-0003  1.123557E-0003  1.046499E-0003  0.000000E+0000  1.663922E-0003  4.380508E-0003  4.733525E-0003  2.238130E-0003  4.641280E-0003  6.552584E-0003  6.400750E-0003
  6.357311E-0004  9.750371E-0004  7.613472E-0004  1.663922E-0003  0.000000E+0000  1.573350E-0003  9.526137E-0004  1.655295E-0003  1.935468E-0003  8.928626E-0004  1.524891E-0003
  1.202054E-0003  1.550675E-0003  3.961009E-0003  4.380508E-0003  1.573350E-0003  0.000000E+0000  3.926972E-0003  2.148402E-0003  4.074964E-0003  3.382205E-0003  7.846983E-0003
  1.394347E-0003  2.881883E-0003  2.334817E-0003  4.733525E-0003  9.526137E-0004  3.926972E-0003  0.000000E+0000  3.088202E-0003  4.328372E-0003  7.351958E-0003  2.585756E-0003
  7.343088E-0004  1.771788E-0003  7.491047E-0004  2.238130E-0003  1.655295E-0003  2.148402E-0003  3.088202E-0003  0.000000E+0000  9.019489E-0004  3.785169E-0003  5.674797E-0003
  1.204476E-0003  3.802344E-0004  3.126075E-0003  4.641280E-0003  1.935468E-0003  4.074964E-0003  4.328372E-0003  9.019489E-0004  0.000000E+0000  1.290396E-0003  6.806518E-0003
  1.977691E-0003  2.630777E-0003  2.481308E-0003  6.552584E-0003  8.928626E-0004  3.382205E-0003  7.351958E-0003  3.785169E-0003  1.290396E-0003  0.000000E+0000  1.118275E-0002
  1.371267E-0003  4.205942E-0003  5.658032E-0003  6.400750E-0003  1.524891E-0003  7.846983E-0003  2.585756E-0003  5.674797E-0003  6.806518E-0003  1.118275E-0002  0.000000E+0000

  0.000000E+0000  1.270158E-0003  6.855029E-0004  1.902799E-0003  2.639856E-0003  2.467561E-0003  9.980737E-0004  2.129913E-0003  7.752877E-0004  2.836310E-0003  1.532962E-0003
  1.270158E-0003  0.000000E+0000  1.282198E-0003  2.439619E-0003  7.040652E-0003  5.112799E-0003  1.611014E-0003  4.452078E-0003  1.577319E-0004  1.618009E-0003  1.474215E-0003
  6.855029E-0004  1.282198E-0003  0.000000E+0000  7.160740E-0004  8.828742E-0004  2.809168E-0003  2.830590E-0004  3.977154E-0004  3.462614E-0004  1.504530E-0003  2.497844E-0003
  1.902799E-0003  2.439619E-0003  7.160740E-0004  0.000000E+0000  7.199789E-0004  7.871966E-0003  2.071539E-0003  2.607457E-0004  5.417921E-0004  5.508523E-0003  6.779885E-0003
  2.639856E-0003  7.040652E-0003  8.828742E-0004  7.199789E-0004  0.000000E+0000  1.933132E-0003  1.596331E-0003  5.728794E-0003  2.099563E-0003  2.957286E-0003  5.629592E-0004
  2.467561E-0003  5.112799E-0003  2.809168E-0003  7.871966E-0003  1.933132E-0003  0.000000E+0000  8.561461E-0003  2.225308E-0003  8.258945E-0004  8.167557E-0003  7.460698E-0003
  9.980737E-0004  1.611014E-0003  2.830590E-0004  2.071539E-0003  1.596331E-0003  8.561461E-0003  0.000000E+0000  8.485379E-0004  6.636930E-0004  4.413575E-0003  5.110869E-0003
  2.129913E-0003  4.452078E-0003  3.977154E-0004  2.607457E-0004  5.728794E-0003  2.225308E-0003  8.485379E-0004  0.000000E+0000  2.398100E-0003  1.141928E-0003  6.726778E-0004
  7.752877E-0004  1.577319E-0004  3.462614E-0004  5.417921E-0004  2.099563E-0003  8.258945E-0004  6.636930E-0004  2.398100E-0003  0.000000E+0000  8.335652E-0004  4.710920E-0004
  2.836310E-0003  1.618009E-0003  1.504530E-0003  5.508523E-0003  2.957286E-0003  8.167557E-0003  4.413575E-0003  1.141928E-0003  8.335652E-0004  0.000000E+0000  7.255944E-0003
  1.532962E-0003  1.474215E-0003  2.497844E-0003  6.779885E-0003  5.629592E-0004  7.460698E-0003  5.110869E-0003  6.726778E-0004  4.710920E-0004  7.255944E-0003  0.000000E+0000

  0.000000E+0000  1.253679E-0003  3.622335E-0004  8.970363E-0004  1.470783E-0003  4.959954E-0003  1.988189E-0003  2.634219E-0003  1.375191E-0003  5.031541E-0003  3.570392E-0003
  1.253679E-0003  0.000000E+0000  6.636942E-0004  1.199498E-0003  2.728289E-0003  3.494815E-0003  1.169849E-0003  2.355022E-0003  7.112643E-0004  1.517986E-0003  2.476420E-0003
  3.622335E-0004  6.636942E-0004  0.000000E+0000  2.022339E-0003  7.775701E-0004  5.081479E-0003  2.852919E-0003  9.212836E-0004  4.649030E-0004  5.952051E-0003  6.762932E-0003
  8.970363E-0004  1.199498E-0003  2.022339E-0003  0.000000E+0000  4.239094E-0003  5.859234E-0003  5.357405E-0003  2.037261E-0003  6.684522E-0004  7.289968E-0003  8.023299E-0003
  1.470783E-0003  2.728289E-0003  7.775701E-0004  4.239094E-0003  0.000000E+0000  5.326476E-0003  3.524063E-0003  2.985715E-0003  2.212853E-0003  4.963241E-0003  3.277915E-0003
  4.959954E-0003  3.494815E-0003  5.081479E-0003  5.859234E-0003  5.326476E-0003  0.000000E+0000  5.135095E-0003  5.040120E-0003  2.056994E-0003  1.006506E-0002  8.032509E-0003
  1.988189E-0003  1.169849E-0003  2.852919E-0003  5.357405E-0003  3.524063E-0003  5.135095E-0003  0.000000E+0000  2.635851E-0003  1.218596E-0003  6.449644E-0003  6.335586E-0003
  2.634219E-0003  2.355022E-0003  9.212836E-0004  2.037261E-0003  2.985715E-0003  5.040120E-0003  2.635851E-0003  0.000000E+0000  2.240212E-0003  4.523886E-0003  5.046089E-0003
  1.375191E-0003  7.112643E-0004  4.649030E-0004  6.684522E-0004  2.212853E-0003  2.056994E-0003  1.218596E-0003  2.240212E-0003  0.000000E+0000  2.996212E-0003  2.692158E-0003
  5.031541E-0003  1.517986E-0003  5.952051E-0003  7.289968E-0003  4.963241E-0003  1.006506E-0002  6.449644E-0003  4.523886E-0003  2.996212E-0003  0.000000E+0000  4.927059E-0003
  3.570392E-0003  2.476420E-0003  6.762932E-0003  8.023299E-0003  3.277915E-0003  8.032509E-0003  6.335586E-0003  5.046089E-0003  2.692158E-0003  4.927059E-0003  0.000000E+0000

  0.000000E+0000  3.527193E-0003  6.105023E-0003  7.118028E-0002  1.637968E-0002  6.078192E-0002  7.766348E-0002  4.511768E-0002  6.527541E-0002  5.939777E-0002  1.048769E-0001
  3.527193E-0003  0.000000E+0000  4.949003E-0004  5.060395E-0003  3.637260E-0003  1.081921E-0002  1.175584E-0002  1.014724E-0002  5.104810E-0003  1.279093E-0002  2.110770E-0002
  6.105023E-0003  4.949003E-0004  0.000000E+0000  1.095975E-0003  2.660612E-0003  3.101336E-0003  3.695544E-0003  3.217614E-0003  4.241062E-0003  2.464314E-0003  4.526899E-0003
  7.118028E-0002  5.060395E-0003  1.095975E-0003  0.000000E+0000  3.496876E-0002  1.385366E-0001  2.108084E-0001  5.103942E-0002  4.663832E-0002  1.643433E-0001  2.822756E-0001
  1.637968E-0002  3.637260E-0003  2.660612E-0003  3.496876E-0002  0.000000E+0000  7.548101E-0002  6.965443E-0002  2.998420E-0002  3.840629E-0002  8.222648E-0002  8.456811E-0002
  6.078192E-0002  1.081921E-0002  3.101336E-0003  1.385366E-0001  7.548101E-0002  0.000000E+0000  1.191828E-0001  9.676322E-0002  8.401728E-0002  1.062348E-0001  1.901455E-0001
  7.766348E-0002  1.175584E-0002  3.695544E-0003  2.108084E-0001  6.965443E-0002  1.191828E-0001  0.000000E+0000  1.182091E-0001  8.571247E-0002  1.367048E-0001  1.844638E-0001
  4.511768E-0002  1.014724E-0002  3.217614E-0003  5.103942E-0002  2.998420E-0002  9.676322E-0002  1.182091E-0001  0.000000E+0000  3.672794E-0002  1.123978E-0001  1.584598E-0001
  6.527541E-0002  5.104810E-0003  4.241062E-0003  4.663832E-0002  3.840629E-0002  8.401728E-0002  8.571247E-0002  3.672794E-0002  0.000000E+0000  8.003268E-0002  1.184070E-0001
  5.939777E-0002  1.279093E-0002  2.464314E-0003  1.643433E-0001  8.222648E-0002  1.062348E-0001  1.367048E-0001  1.123978E-0001  8.003268E-0002  0.000000E+0000  1.906427E-0001
  1.048769E-0001  2.110770E-0002  4.526899E-0003  2.822756E-0001  8.456811E-0002  1.901455E-0001  1.844638E-0001  1.584598E-0001  1.184070E-0001  1.906427E-0001  0.000000E+0000

  0.000000E+0000  6.281387E-0004  1.454850E-0003  1.297725E-0002  2.081132E-0003  1.334180E-0002  1.598164E-0002  5.309649E-0003  1.161657E-0002  1.547736E-0002  1.828845E-0002
  6.281387E-0004  0.000000E+0000  2.174287E-0004  2.022346E-0003  6.500668E-0004  3.397556E-0003  4.912840E-0003  1.891482E-0003  2.999218E-0003  4.570656E-0003  7.125510E-0003
  1.454850E-0003  2.174287E-0004  0.000000E+0000  3.619132E-0004  3.250635E-0004  1.628292E-0003  3.944971E-0004  9.045684E-0004  8.329034E-0004  1.552131E-0003  4.281870E-0004
  1.297725E-0002  2.022346E-0003  3.619132E-0004  0.000000E+0000  1.232823E-0002  2.018894E-0002  4.549923E-0002  8.297158E-0003  1.087857E-0002  2.658920E-0002  5.694366E-0002
  2.081132E-0003  6.500668E-0004  3.250635E-0004  1.232823E-0002  0.000000E+0000  2.709213E-0002  9.518627E-0003  7.982382E-0003  9.058950E-0003  2.474987E-0002  1.226824E-0002
  1.334180E-0002  3.397556E-0003  1.628292E-0003  2.018894E-0002  2.709213E-0002  0.000000E+0000  2.381388E-0002  2.228423E-0002  1.746022E-0002  3.515968E-0002  5.531235E-0002
  1.598164E-0002  4.912840E-0003  3.944971E-0004  4.549923E-0002  9.518627E-0003  2.381388E-0002  0.000000E+0000  1.401770E-0002  7.549844E-0003  2.155671E-0002  2.136983E-0002
  5.309649E-0003  1.891482E-0003  9.045684E-0004  8.297158E-0003  7.982382E-0003  2.228423E-0002  1.401770E-0002  0.000000E+0000  1.124425E-0002  2.261630E-0002  1.747262E-0002
  1.161657E-0002  2.999218E-0003  8.329034E-0004  1.087857E-0002  9.058950E-0003  1.746022E-0002  7.549844E-0003  1.124425E-0002  0.000000E+0000  1.312129E-0002  9.878880E-0003
  1.547736E-0002  4.570656E-0003  1.552131E-0003  2.658920E-0002  2.474987E-0002  3.515968E-0002  2.155671E-0002  2.261630E-0002  1.312129E-0002  0.000000E+0000  3.678495E-0002
  1.828845E-0002  7.125510E-0003  4.281870E-0004  5.694366E-0002  1.226824E-0002  5.531235E-0002  2.136983E-0002  1.747262E-0002  9.878880E-0003  3.678495E-0002  0.000000E+0000

  0.000000E+0000  9.182415E-0004  8.618832E-0004  3.343721E-0003  3.254252E-0003  1.233129E-0003  3.300849E-0003  3.286824E-0003  4.143320E-0003  6.179220E-0003  3.678876E-0003
  9.182415E-0004  0.000000E+0000  8.020966E-0004  1.103625E-0003  3.216800E-0003  1.029502E-0003  9.441180E-0004  1.461834E-0003  2.029286E-0003  2.480821E-0003  1.385971E-0003
  8.618832E-0004  8.020966E-0004  0.000000E+0000  1.246967E-0003  2.005639E-0003  1.772197E-0003  2.457423E-0003  6.565642E-0004  1.857959E-0003  2.287867E-0003  3.846086E-0003
  3.343721E-0003  1.103625E-0003  1.246967E-0003  0.000000E+0000  6.537697E-0003  1.248006E-0003  7.990348E-0004  4.323480E-0003  3.617597E-0003  1.472571E-0003  5.794195E-0004
  3.254252E-0003  3.216800E-0003  2.005639E-0003  6.537697E-0003  0.000000E+0000  2.815731E-0003  2.617404E-0003  6.451490E-0003  5.631619E-0003  1.306041E-0002  3.617368E-0003
  1.233129E-0003  1.029502E-0003  1.772197E-0003  1.248006E-0003  2.815731E-0003  0.000000E+0000  4.016575E-0003  1.350448E-0003  2.398085E-0003  1.379804E-0003  3.990824E-0003
  3.300849E-0003  9.441180E-0004  2.457423E-0003  7.990348E-0004  2.617404E-0003  4.016575E-0003  0.000000E+0000  2.075333E-0003  4.296639E-0003  2.914988E-0003  2.451578E-0003
  3.286824E-0003  1.461834E-0003  6.565642E-0004  4.323480E-0003  6.451490E-0003  1.350448E-0003  2.075333E-0003  0.000000E+0000  2.609961E-0003  6.347191E-0003  2.434064E-0003
  4.143320E-0003  2.029286E-0003  1.857959E-0003  3.617597E-0003  5.631619E-0003  2.398085E-0003  4.296639E-0003  2.609961E-0003  0.000000E+0000  7.593077E-0003  3.061070E-0003
  6.179220E-0003  2.480821E-0003  2.287867E-0003  1.472571E-0003  1.306041E-0002  1.379804E-0003  2.914988E-0003  6.347191E-0003  7.593077E-0003  0.000000E+0000  4.464048E-0003
  3.678876E-0003  1.385971E-0003  3.846086E-0003  5.794195E-0004  3.617368E-0003  3.990824E-0003  2.451578E-0003  2.434064E-0003  3.061070E-0003  4.464048E-0003  0.000000E+0000
