6661999 = Ignore first line (new format code)
File name: E:\Folders\PhD\ISAD\ISAD_Curry_data\ISAD_EEGs\eLORETA\EEGs_128Hz_200sec-window\Clinical_v_Healthy\T1_healthy_all\H55-ROIlinLagConn-crss.txt
1 = Number of time frames in Time X Frequency decomposition
3 = Number of EEG files
11 = Number Electrodes
25600 = Number of time frames in EEG files
32768 = Number of time frames in EEG files power of 2
7 = Number of matrices
5 = Band type (1=Classical1; 2=Classical2; 3=DiscreteFreqs; 4=AllDiscreteFreqs; 5=UserDefinedBands)
 1.280000E+0002 = Sampling rate Hz
-1.000000E+0002 = Freq1 Hz
-1.000000E+0002 = Freq2 Hz
 3.906250E-0003 = Frequency resolution Hz

  0.000000E+0000  2.047787E-0002  2.254481E-0002  3.309300E-0002  9.457802E-0002  3.028689E-0002  2.147716E-0002  1.444102E-0001  1.959246E-0001  4.483914E-0002  2.682032E-0002
  2.047787E-0002  0.000000E+0000  1.164852E-0002  1.136059E-0002  5.611967E-0003  3.494449E-0002  1.906240E-0002  1.724828E-0002  4.194889E-0002  4.449244E-0002  3.006738E-0002
  2.254481E-0002  1.164852E-0002  0.000000E+0000  6.268215E-0003  3.061581E-0002  1.467480E-0002  2.689379E-0003  7.744671E-0002  2.943778E-0002  9.880300E-0003  7.919053E-0002
  3.309300E-0002  1.136059E-0002  6.268215E-0003  0.000000E+0000  9.584001E-0002  7.556078E-0002  1.049310E-0002  1.253491E-0001  5.687305E-0002  6.713635E-0002  2.362908E-0002
  9.457802E-0002  5.611967E-0003  3.061581E-0002  9.584001E-0002  0.000000E+0000  1.043116E-0001  2.654778E-0002  1.073700E-0001  1.507750E-0001  9.271023E-0002  2.626007E-0002
  3.028689E-0002  3.494449E-0002  1.467480E-0002  7.556078E-0002  1.043116E-0001  0.000000E+0000  2.656547E-0002  1.107154E-0001  5.733870E-0002  8.572426E-0002  4.285736E-0002
  2.147716E-0002  1.906240E-0002  2.689379E-0003  1.049310E-0002  2.654778E-0002  2.656547E-0002  0.000000E+0000  5.585270E-0002  2.079024E-0002  1.648063E-0002  3.344524E-0002
  1.444102E-0001  1.724828E-0002  7.744671E-0002  1.253491E-0001  1.073700E-0001  1.107154E-0001  5.585270E-0002  0.000000E+0000  1.686256E-0001  1.033138E-0001  4.336797E-0002
  1.959246E-0001  4.194889E-0002  2.943778E-0002  5.687305E-0002  1.507750E-0001  5.733870E-0002  2.079024E-0002  1.686256E-0001  0.000000E+0000  5.168225E-0002  1.419470E-0001
  4.483914E-0002  4.449244E-0002  9.880300E-0003  6.713635E-0002  9.271023E-0002  8.572426E-0002  1.648063E-0002  1.033138E-0001  5.168225E-0002  0.000000E+0000  3.959715E-0002
  2.682032E-0002  3.006738E-0002  7.919053E-0002  2.362908E-0002  2.626007E-0002  4.285736E-0002  3.344524E-0002  4.336797E-0002  1.419470E-0001  3.959715E-0002  0.000000E+0000

  0.000000E+0000  2.085129E-0003  8.572090E-0004  6.977314E-0003  3.305447E-0003  1.940934E-0003  4.031861E-0003  3.136851E-0003  2.815959E-0003  6.442933E-0003  8.178595E-0003
  2.085129E-0003  0.000000E+0000  1.415249E-0003  2.461098E-0003  1.250987E-0003  2.922288E-0003  4.068139E-0003  2.649743E-0003  4.063384E-0003  3.517355E-0003  8.060177E-0003
  8.572090E-0004  1.415249E-0003  0.000000E+0000  2.705028E-0003  8.684812E-0004  4.687627E-0003  1.995286E-0003  1.384438E-0003  1.576195E-0003  2.947306E-0003  4.723974E-0003
  6.977314E-0003  2.461098E-0003  2.705028E-0003  0.000000E+0000  4.963661E-0003  6.986206E-0003  4.780811E-0003  5.391574E-0003  8.105471E-0003  7.124838E-0003  8.684816E-0003
  3.305447E-0003  1.250987E-0003  8.684812E-0004  4.963661E-0003  0.000000E+0000  2.851307E-0003  4.001884E-0003  1.734253E-0003  6.784314E-0004  3.790252E-0003  7.103571E-0003
  1.940934E-0003  2.922288E-0003  4.687627E-0003  6.986206E-0003  2.851307E-0003  0.000000E+0000  8.968598E-0003  6.134151E-0003  3.751972E-0003  1.755938E-0003  7.373914E-0003
  4.031861E-0003  4.068139E-0003  1.995286E-0003  4.780811E-0003  4.001884E-0003  8.968598E-0003  0.000000E+0000  7.224182E-0003  6.843564E-0003  3.611426E-0003  2.089757E-0003
  3.136851E-0003  2.649743E-0003  1.384438E-0003  5.391574E-0003  1.734253E-0003  6.134151E-0003  7.224182E-0003  0.000000E+0000  3.271898E-0003  6.415547E-0003  1.527518E-0002
  2.815959E-0003  4.063384E-0003  1.576195E-0003  8.105471E-0003  6.784314E-0004  3.751972E-0003  6.843564E-0003  3.271898E-0003  0.000000E+0000  1.350807E-0002  1.358617E-0002
  6.442933E-0003  3.517355E-0003  2.947306E-0003  7.124838E-0003  3.790252E-0003  1.755938E-0003  3.611426E-0003  6.415547E-0003  1.350807E-0002  0.000000E+0000  6.738258E-0003
  8.178595E-0003  8.060177E-0003  4.723974E-0003  8.684816E-0003  7.103571E-0003  7.373914E-0003  2.089757E-0003  1.527518E-0002  1.358617E-0002  6.738258E-0003  0.000000E+0000

  0.000000E+0000  6.788714E-0003  2.911745E-0003  3.379268E-0003  7.345919E-0003  6.840153E-0003  4.629610E-0003  2.095029E-0002  1.204725E-0002  6.863911E-0003  1.042946E-0002
  6.788714E-0003  0.000000E+0000  1.050351E-0003  3.764360E-0003  3.219304E-0003  5.275652E-0003  5.689269E-0003  2.874100E-0003  3.405173E-0003  4.960246E-0003  9.433012E-0003
  2.911745E-0003  1.050351E-0003  0.000000E+0000  1.415297E-0003  1.594439E-0003  1.985845E-0003  9.895251E-0004  3.997324E-0003  3.473790E-0003  1.707947E-0003  1.504269E-0003
  3.379268E-0003  3.764360E-0003  1.415297E-0003  0.000000E+0000  3.846445E-0003  3.018995E-0003  2.447830E-0003  5.364751E-0003  4.045960E-0003  2.094851E-0003  2.770769E-0003
  7.345919E-0003  3.219304E-0003  1.594439E-0003  3.846445E-0003  0.000000E+0000  4.418432E-0003  5.943166E-0003  1.102193E-0002  8.031573E-0003  3.994762E-0003  1.034290E-0002
  6.840153E-0003  5.275652E-0003  1.985845E-0003  3.018995E-0003  4.418432E-0003  0.000000E+0000  3.490737E-0003  9.102503E-0003  8.096976E-0003  3.037771E-0003  3.871132E-0003
  4.629610E-0003  5.689269E-0003  9.895251E-0004  2.447830E-0003  5.943166E-0003  3.490737E-0003  0.000000E+0000  8.982489E-0003  5.955928E-0003  1.710661E-0003  2.857053E-0003
  2.095029E-0002  2.874100E-0003  3.997324E-0003  5.364751E-0003  1.102193E-0002  9.102503E-0003  8.982489E-0003  0.000000E+0000  9.632169E-0003  9.020433E-0003  1.344485E-0002
  1.204725E-0002  3.405173E-0003  3.473790E-0003  4.045960E-0003  8.031573E-0003  8.096976E-0003  5.955928E-0003  9.632169E-0003  0.000000E+0000  6.934606E-0003  8.513778E-0003
  6.863911E-0003  4.960246E-0003  1.707947E-0003  2.094851E-0003  3.994762E-0003  3.037771E-0003  1.710661E-0003  9.020433E-0003  6.934606E-0003  0.000000E+0000  4.401284E-0003
  1.042946E-0002  9.433012E-0003  1.504269E-0003  2.770769E-0003  1.034290E-0002  3.871132E-0003  2.857053E-0003  1.344485E-0002  8.513778E-0003  4.401284E-0003  0.000000E+0000

  0.000000E+0000  7.926239E-0003  2.402433E-0003  4.349548E-0003  5.701599E-0003  9.242171E-0003  2.425847E-0003  1.368213E-0002  5.588654E-0003  2.528584E-0003  6.913986E-0003
  7.926239E-0003  0.000000E+0000  3.162998E-0003  6.602619E-0003  9.336333E-0003  9.338284E-0003  1.539496E-0003  5.697349E-0003  3.824018E-0003  3.627306E-0003  5.551396E-0003
  2.402433E-0003  3.162998E-0003  0.000000E+0000  7.629599E-0004  1.289813E-0003  2.105575E-0003  7.894720E-0004  4.309899E-0003  1.336223E-0003  2.121535E-0003  2.048593E-0003
  4.349548E-0003  6.602619E-0003  7.629599E-0004  0.000000E+0000  6.945498E-0003  1.042389E-0002  1.324494E-0002  1.377698E-0002  5.656962E-0003  9.834412E-0003  1.835411E-0002
  5.701599E-0003  9.336333E-0003  1.289813E-0003  6.945498E-0003  0.000000E+0000  1.028944E-0002  2.511122E-0003  1.252994E-0002  5.094361E-0003  8.174163E-0003  5.961349E-0003
  9.242171E-0003  9.338284E-0003  2.105575E-0003  1.042389E-0002  1.028944E-0002  0.000000E+0000  5.858691E-0003  6.843744E-0003  4.168323E-0003  8.148025E-0003  6.144702E-0003
  2.425847E-0003  1.539496E-0003  7.894720E-0004  1.324494E-0002  2.511122E-0003  5.858691E-0003  0.000000E+0000  1.454768E-0003  1.066993E-0003  9.822827E-0003  3.830524E-0003
  1.368213E-0002  5.697349E-0003  4.309899E-0003  1.377698E-0002  1.252994E-0002  6.843744E-0003  1.454768E-0003  0.000000E+0000  5.967028E-0003  1.322937E-0002  4.373960E-0003
  5.588654E-0003  3.824018E-0003  1.336223E-0003  5.656962E-0003  5.094361E-0003  4.168323E-0003  1.066993E-0003  5.967028E-0003  0.000000E+0000  7.754799E-0003  4.026371E-0003
  2.528584E-0003  3.627306E-0003  2.121535E-0003  9.834412E-0003  8.174163E-0003  8.148025E-0003  9.822827E-0003  1.322937E-0002  7.754799E-0003  0.000000E+0000  1.127513E-0002
  6.913986E-0003  5.551396E-0003  2.048593E-0003  1.835411E-0002  5.961349E-0003  6.144702E-0003  3.830524E-0003  4.373960E-0003  4.026371E-0003  1.127513E-0002  0.000000E+0000

  0.000000E+0000  8.152537E-0003  2.795908E-0003  1.551465E-0002  7.994294E-0003  1.598427E-0002  1.693847E-0002  2.455555E-0002  6.977055E-0003  1.874223E-0002  2.935840E-0002
  8.152537E-0003  0.000000E+0000  1.342749E-0003  1.149442E-0002  6.748376E-0003  9.121067E-0003  6.377865E-0003  7.318180E-0003  2.748115E-0003  1.131074E-0002  1.717950E-0002
  2.795908E-0003  1.342749E-0003  0.000000E+0000  2.670351E-0003  1.761161E-0003  3.072060E-0003  4.837414E-0003  4.906231E-0003  1.689914E-0003  4.001115E-0003  8.936150E-0003
  1.551465E-0002  1.149442E-0002  2.670351E-0003  0.000000E+0000  9.627278E-0003  2.887074E-0002  1.526059E-0002  1.683374E-0002  4.422101E-0003  1.989680E-0002  2.090214E-0002
  7.994294E-0003  6.748376E-0003  1.761161E-0003  9.627278E-0003  0.000000E+0000  7.946481E-0003  1.215987E-0002  1.591703E-0002  5.393696E-0003  1.159389E-0002  2.635070E-0002
  1.598427E-0002  9.121067E-0003  3.072060E-0003  2.887074E-0002  7.946481E-0003  0.000000E+0000  1.900365E-0002  1.613307E-0002  4.399589E-0003  3.547534E-0002  2.895101E-0002
  1.693847E-0002  6.377865E-0003  4.837414E-0003  1.526059E-0002  1.215987E-0002  1.900365E-0002  0.000000E+0000  9.830755E-0003  7.103736E-0003  1.887216E-0002  1.688273E-0002
  2.455555E-0002  7.318180E-0003  4.906231E-0003  1.683374E-0002  1.591703E-0002  1.613307E-0002  9.830755E-0003  0.000000E+0000  1.038754E-0002  1.153030E-0002  2.102030E-0002
  6.977055E-0003  2.748115E-0003  1.689914E-0003  4.422101E-0003  5.393696E-0003  4.399589E-0003  7.103736E-0003  1.038754E-0002  0.000000E+0000  9.766197E-0003  1.731230E-0002
  1.874223E-0002  1.131074E-0002  4.001115E-0003  1.989680E-0002  1.159389E-0002  3.547534E-0002  1.887216E-0002  1.153030E-0002  9.766197E-0003  0.000000E+0000  5.333740E-0002
  2.935840E-0002  1.717950E-0002  8.936150E-0003  2.090214E-0002  2.635070E-0002  2.895101E-0002  1.688273E-0002  2.102030E-0002  1.731230E-0002  5.333740E-0002  0.000000E+0000

  0.000000E+0000  3.685027E-0003  1.009302E-0003  8.495248E-0003  2.395029E-0003  1.673429E-0002  8.103496E-0003  1.584074E-0002  3.636290E-0003  1.645400E-0002  1.145986E-0002
  3.685027E-0003  0.000000E+0000  5.446879E-0004  9.326417E-0003  3.703962E-0003  1.542892E-0002  6.071784E-0003  1.072925E-0002  2.343786E-0003  1.222157E-0002  7.741528E-0003
  1.009302E-0003  5.446879E-0004  0.000000E+0000  5.341985E-0003  1.302643E-0003  6.706070E-0003  6.872855E-0003  3.572322E-0003  1.144703E-0003  6.193342E-0003  8.673058E-0003
  8.495248E-0003  9.326417E-0003  5.341985E-0003  0.000000E+0000  1.483545E-0002  3.917037E-0003  5.938877E-0003  1.390096E-0002  9.414454E-0003  1.074191E-0002  2.376519E-0002
  2.395029E-0003  3.703962E-0003  1.302643E-0003  1.483545E-0002  0.000000E+0000  3.018096E-0002  1.762798E-0002  1.496865E-0002  3.383658E-0003  2.496563E-0002  2.225498E-0002
  1.673429E-0002  1.542892E-0002  6.706070E-0003  3.917037E-0003  3.018096E-0002  0.000000E+0000  3.028799E-0003  1.680147E-0002  1.824813E-0002  1.061419E-0002  8.029207E-0003
  8.103496E-0003  6.071784E-0003  6.872855E-0003  5.938877E-0003  1.762798E-0002  3.028799E-0003  0.000000E+0000  4.440114E-0003  9.478692E-0003  2.411382E-0003  5.574276E-0003
  1.584074E-0002  1.072925E-0002  3.572322E-0003  1.390096E-0002  1.496865E-0002  1.680147E-0002  4.440114E-0003  0.000000E+0000  7.197168E-0003  1.306835E-0002  7.162561E-0003
  3.636290E-0003  2.343786E-0003  1.144703E-0003  9.414454E-0003  3.383658E-0003  1.824813E-0002  9.478692E-0003  7.197168E-0003  0.000000E+0000  1.439556E-0002  1.138058E-0002
  1.645400E-0002  1.222157E-0002  6.193342E-0003  1.074191E-0002  2.496563E-0002  1.061419E-0002  2.411382E-0003  1.306835E-0002  1.439556E-0002  0.000000E+0000  9.294407E-0003
  1.145986E-0002  7.741528E-0003  8.673058E-0003  2.376519E-0002  2.225498E-0002  8.029207E-0003  5.574276E-0003  7.162561E-0003  1.138058E-0002  9.294407E-0003  0.000000E+0000

  0.000000E+0000  1.335161E-0004  3.474071E-0004  1.361746E-0003  3.477519E-0004  8.205750E-0004  6.331785E-0004  5.652052E-0004  1.937393E-0004  1.380244E-0003  1.647543E-0003
  1.335161E-0004  0.000000E+0000  4.253813E-0004  6.545844E-0004  6.652458E-0005  1.174148E-0003  9.776135E-0004  3.420498E-0004  1.690745E-0004  3.770359E-0004  9.523034E-0004
  3.474071E-0004  4.253813E-0004  0.000000E+0000  1.470475E-0004  2.131254E-0004  5.596355E-0004  3.068254E-0004  5.534784E-0004  1.039041E-0004  3.211495E-0004  5.556821E-0004
  1.361746E-0003  6.545844E-0004  1.470475E-0004  0.000000E+0000  1.266307E-0003  1.515321E-0003  1.696501E-0003  1.090081E-0003  8.511383E-0004  2.398780E-0003  5.475483E-0003
  3.477519E-0004  6.652458E-0005  2.131254E-0004  1.266307E-0003  0.000000E+0000  2.485523E-0003  1.183879E-0003  4.591119E-0004  1.973445E-0004  2.414506E-0003  1.841191E-0003
  8.205750E-0004  1.174148E-0003  5.596355E-0004  1.515321E-0003  2.485523E-0003  0.000000E+0000  8.703023E-0004  1.514856E-0003  1.032719E-0003  1.830725E-0003  2.353313E-0003
  6.331785E-0004  9.776135E-0004  3.068254E-0004  1.696501E-0003  1.183879E-0003  8.703023E-0004  0.000000E+0000  7.983856E-0004  7.833790E-0004  3.838703E-0004  2.006381E-0003
  5.652052E-0004  3.420498E-0004  5.534784E-0004  1.090081E-0003  4.591119E-0004  1.514856E-0003  7.983856E-0004  0.000000E+0000  3.650692E-0004  1.745993E-0003  9.549647E-0004
  1.937393E-0004  1.690745E-0004  1.039041E-0004  8.511383E-0004  1.973445E-0004  1.032719E-0003  7.833790E-0004  3.650692E-0004  0.000000E+0000  1.127533E-0003  9.012452E-0004
  1.380244E-0003  3.770359E-0004  3.211495E-0004  2.398780E-0003  2.414506E-0003  1.830725E-0003  3.838703E-0004  1.745993E-0003  1.127533E-0003  0.000000E+0000  3.441603E-0003
  1.647543E-0003  9.523034E-0004  5.556821E-0004  5.475483E-0003  1.841191E-0003  2.353313E-0003  2.006381E-0003  9.549647E-0004  9.012452E-0004  3.441603E-0003  0.000000E+0000
