6661999 = Ignore first line (new format code)
File name: E:\Folders\PhD\ISAD\ISAD_Curry_data\ISAD_EEGs\eLORETA\EEGs_128Hz_200sec-window\Clinical_v_Healthy\T1_healthy_all\H57-ROIlinLagConn-crss.txt
1 = Number of time frames in Time X Frequency decomposition
2 = Number of EEG files
11 = Number Electrodes
25600 = Number of time frames in EEG files
32768 = Number of time frames in EEG files power of 2
7 = Number of matrices
5 = Band type (1=Classical1; 2=Classical2; 3=DiscreteFreqs; 4=AllDiscreteFreqs; 5=UserDefinedBands)
 1.280000E+0002 = Sampling rate Hz
-1.000000E+0002 = Freq1 Hz
-1.000000E+0002 = Freq2 Hz
 3.906250E-0003 = Frequency resolution Hz

  0.000000E+0000  1.004666E-0001  9.699726E-0002  2.358829E-0001  1.892444E-0002  8.851278E-0002  2.167249E-0001  5.605541E-0002  6.461373E-0002  1.218342E-0001  3.169905E-0001
  1.004666E-0001  0.000000E+0000  3.863183E-0003  5.680655E-0002  4.338434E-0002  6.213319E-0003  6.345531E-0002  1.312334E-0001  1.131564E-0001  1.298481E-0001  1.036129E-0001
  9.699726E-0002  3.863183E-0003  0.000000E+0000  8.927685E-0002  3.647991E-0002  5.810388E-0003  5.063526E-0002  1.102700E-0001  1.038181E-0001  8.537933E-0002  1.115554E-0001
  2.358829E-0001  5.680655E-0002  8.927685E-0002  0.000000E+0000  1.369314E-0001  2.407608E-0002  8.331694E-0002  2.888072E-0001  2.265139E-0001  1.856273E-0001  5.911426E-0002
  1.892444E-0002  4.338434E-0002  3.647991E-0002  1.369314E-0001  0.000000E+0000  3.256514E-0002  1.174154E-0001  1.284906E-0002  6.076062E-0003  5.335958E-0002  1.742950E-0001
  8.851278E-0002  6.213319E-0003  5.810388E-0003  2.407608E-0002  3.256514E-0002  0.000000E+0000  2.016087E-0002  1.075550E-0001  9.752920E-0002  3.549106E-0002  3.520558E-0002
  2.167249E-0001  6.345531E-0002  5.063526E-0002  8.331694E-0002  1.174154E-0001  2.016087E-0002  0.000000E+0000  3.190463E-0001  2.710037E-0001  1.800921E-0001  1.838870E-0001
  5.605541E-0002  1.312334E-0001  1.102700E-0001  2.888072E-0001  1.284906E-0002  1.075550E-0001  3.190463E-0001  0.000000E+0000  1.562703E-0002  1.647030E-0001  4.044407E-0001
  6.461373E-0002  1.131564E-0001  1.038181E-0001  2.265139E-0001  6.076062E-0003  9.752920E-0002  2.710037E-0001  1.562703E-0002  0.000000E+0000  1.372479E-0001  3.393502E-0001
  1.218342E-0001  1.298481E-0001  8.537933E-0002  1.856273E-0001  5.335958E-0002  3.549106E-0002  1.800921E-0001  1.647030E-0001  1.372479E-0001  0.000000E+0000  1.818063E-0001
  3.169905E-0001  1.036129E-0001  1.115554E-0001  5.911426E-0002  1.742950E-0001  3.520558E-0002  1.838870E-0001  4.044407E-0001  3.393502E-0001  1.818063E-0001  0.000000E+0000

  0.000000E+0000  8.369591E-0004  1.009961E-0003  1.223536E-0003  4.372991E-0003  6.302083E-0003  4.980887E-0003  2.046648E-0003  1.970797E-0003  6.862681E-0003  3.238327E-0003
  8.369591E-0004  0.000000E+0000  3.944152E-0004  1.667206E-0003  1.205564E-0003  1.748821E-0003  2.019976E-0003  1.244085E-0003  1.054166E-0003  1.754461E-0003  1.726318E-0003
  1.009961E-0003  3.944152E-0004  0.000000E+0000  3.369204E-0003  1.246447E-0003  4.981377E-0003  4.117756E-0003  1.036662E-0003  8.924673E-0004  2.539669E-0003  2.682857E-0003
  1.223536E-0003  1.667206E-0003  3.369204E-0003  0.000000E+0000  9.847782E-0003  7.267128E-0003  3.181905E-0003  2.003921E-0003  3.984306E-0003  6.662642E-0003  3.555189E-0003
  4.372991E-0003  1.205564E-0003  1.246447E-0003  9.847782E-0003  0.000000E+0000  1.313241E-0002  2.739583E-0003  2.234060E-0003  2.720213E-0003  1.012260E-0002  1.011924E-0002
  6.302083E-0003  1.748821E-0003  4.981377E-0003  7.267128E-0003  1.313241E-0002  0.000000E+0000  3.373638E-0003  3.178279E-0003  1.054445E-0002  8.792304E-0003  1.004749E-0002
  4.980887E-0003  2.019976E-0003  4.117756E-0003  3.181905E-0003  2.739583E-0003  3.373638E-0003  0.000000E+0000  7.846942E-0003  6.245085E-0003  3.741688E-0003  3.002750E-0003
  2.046648E-0003  1.244085E-0003  1.036662E-0003  2.003921E-0003  2.234060E-0003  3.178279E-0003  7.846942E-0003  0.000000E+0000  2.344063E-0003  4.054261E-0003  5.276181E-0003
  1.970797E-0003  1.054166E-0003  8.924673E-0004  3.984306E-0003  2.720213E-0003  1.054445E-0002  6.245085E-0003  2.344063E-0003  0.000000E+0000  9.005142E-0003  3.518152E-0003
  6.862681E-0003  1.754461E-0003  2.539669E-0003  6.662642E-0003  1.012260E-0002  8.792304E-0003  3.741688E-0003  4.054261E-0003  9.005142E-0003  0.000000E+0000  1.063695E-0002
  3.238327E-0003  1.726318E-0003  2.682857E-0003  3.555189E-0003  1.011924E-0002  1.004749E-0002  3.002750E-0003  5.276181E-0003  3.518152E-0003  1.063695E-0002  0.000000E+0000

  0.000000E+0000  1.603749E-0004  2.365902E-0004  2.828664E-0004  1.002164E-0003  1.555780E-0003  3.331534E-0004  5.631723E-0004  5.808212E-0004  1.417614E-0003  9.606602E-0005
  1.603749E-0004  0.000000E+0000  9.930501E-0005  1.417309E-0003  5.608931E-0004  5.201793E-0004  5.174950E-0004  4.473873E-0004  4.358432E-0004  1.200620E-0003  7.137638E-0004
  2.365902E-0004  9.930501E-0005  0.000000E+0000  1.430701E-0003  8.216260E-0004  6.274956E-0004  4.373372E-0004  2.762146E-0004  5.922864E-0004  4.850446E-0004  1.000036E-0003
  2.828664E-0004  1.417309E-0003  1.430701E-0003  0.000000E+0000  2.271965E-0003  1.738534E-0003  1.926053E-0003  7.849554E-0004  1.659937E-0003  1.261811E-0003  3.503444E-0003
  1.002164E-0003  5.608931E-0004  8.216260E-0004  2.271965E-0003  0.000000E+0000  6.503827E-0004  7.974122E-0004  3.968758E-0004  6.289806E-0004  1.163034E-0003  2.268483E-0003
  1.555780E-0003  5.201793E-0004  6.274956E-0004  1.738534E-0003  6.503827E-0004  0.000000E+0000  8.144021E-0004  4.444576E-0004  1.543771E-0003  5.355646E-0004  2.460039E-0003
  3.331534E-0004  5.174950E-0004  4.373372E-0004  1.926053E-0003  7.974122E-0004  8.144021E-0004  0.000000E+0000  5.141196E-0004  4.376378E-0004  2.704746E-0003  1.023725E-0003
  5.631723E-0004  4.473873E-0004  2.762146E-0004  7.849554E-0004  3.968758E-0004  4.444576E-0004  5.141196E-0004  0.000000E+0000  6.982141E-0004  1.037253E-0003  7.332798E-0004
  5.808212E-0004  4.358432E-0004  5.922864E-0004  1.659937E-0003  6.289806E-0004  1.543771E-0003  4.376378E-0004  6.982141E-0004  0.000000E+0000  1.355989E-0003  1.211009E-0003
  1.417614E-0003  1.200620E-0003  4.850446E-0004  1.261811E-0003  1.163034E-0003  5.355646E-0004  2.704746E-0003  1.037253E-0003  1.355989E-0003  0.000000E+0000  2.415865E-0003
  9.606602E-0005  7.137638E-0004  1.000036E-0003  3.503444E-0003  2.268483E-0003  2.460039E-0003  1.023725E-0003  7.332798E-0004  1.211009E-0003  2.415865E-0003  0.000000E+0000

  0.000000E+0000  5.026257E-0004  1.427119E-0003  3.349694E-0003  1.893544E-0003  3.088327E-0003  9.795271E-0004  4.267139E-0003  2.471078E-0003  2.700686E-0003  2.518711E-0003
  5.026257E-0004  0.000000E+0000  8.896944E-0004  2.086385E-0003  2.872441E-0003  2.872732E-0003  1.187012E-0003  1.161609E-0003  1.630757E-0003  3.026730E-0003  2.441090E-0003
  1.427119E-0003  8.896944E-0004  0.000000E+0000  6.816301E-0003  3.639521E-0003  5.572832E-0003  1.456742E-0003  6.379092E-0003  4.147154E-0003  1.949736E-0003  4.333856E-0003
  3.349694E-0003  2.086385E-0003  6.816301E-0003  0.000000E+0000  1.207145E-0002  1.643145E-0002  2.823340E-0003  6.501483E-0003  9.068222E-0003  1.832068E-0002  9.038458E-0003
  1.893544E-0003  2.872441E-0003  3.639521E-0003  1.207145E-0002  0.000000E+0000  1.335051E-0002  1.552779E-0003  1.179170E-0002  3.977652E-0003  1.076697E-0002  1.082145E-0002
  3.088327E-0003  2.872732E-0003  5.572832E-0003  1.643145E-0002  1.335051E-0002  0.000000E+0000  4.834589E-0003  1.329424E-0002  8.974739E-0003  1.645436E-0002  1.280200E-0002
  9.795271E-0004  1.187012E-0003  1.456742E-0003  2.823340E-0003  1.552779E-0003  4.834589E-0003  0.000000E+0000  3.564845E-0003  1.061324E-0003  4.424760E-0003  3.639405E-0003
  4.267139E-0003  1.161609E-0003  6.379092E-0003  6.501483E-0003  1.179170E-0002  1.329424E-0002  3.564845E-0003  0.000000E+0000  1.003883E-0002  1.754535E-0002  5.603519E-0003
  2.471078E-0003  1.630757E-0003  4.147154E-0003  9.068222E-0003  3.977652E-0003  8.974739E-0003  1.061324E-0003  1.003883E-0002  0.000000E+0000  9.979350E-0003  6.528562E-0003
  2.700686E-0003  3.026730E-0003  1.949736E-0003  1.832068E-0002  1.076697E-0002  1.645436E-0002  4.424760E-0003  1.754535E-0002  9.979350E-0003  0.000000E+0000  1.377896E-0002
  2.518711E-0003  2.441090E-0003  4.333856E-0003  9.038458E-0003  1.082145E-0002  1.280200E-0002  3.639405E-0003  5.603519E-0003  6.528562E-0003  1.377896E-0002  0.000000E+0000

  0.000000E+0000  1.461199E-0002  2.141438E-0002  1.841589E-0001  1.816599E-0001  2.010303E-0001  7.566825E-0002  1.491596E-0001  1.196435E-0001  1.334008E-0001  1.863719E-0001
  1.461199E-0002  0.000000E+0000  1.927216E-0002  9.680392E-0002  1.083653E-0001  7.084171E-0002  5.199708E-0002  2.955435E-0002  5.571042E-0002  6.765080E-0002  8.290638E-0002
  2.141438E-0002  1.927216E-0002  0.000000E+0000  1.258356E-0001  1.267560E-0001  1.698671E-0001  6.743319E-0002  1.215962E-0001  9.570450E-0002  1.108373E-0001  1.295807E-0001
  1.841589E-0001  9.680392E-0002  1.258356E-0001  0.000000E+0000  1.121675E-0001  2.020368E-0001  6.412090E-0002  1.969433E-0001  1.667834E-0001  2.346933E-0001  7.121460E-0002
  1.816599E-0001  1.083653E-0001  1.267560E-0001  1.121675E-0001  0.000000E+0000  2.729723E-0001  7.295377E-0002  2.459981E-0001  2.071405E-0001  3.225595E-0001  1.059308E-0001
  2.010303E-0001  7.084171E-0002  1.698671E-0001  2.020368E-0001  2.729723E-0001  0.000000E+0000  1.189005E-0001  2.127294E-0001  2.478816E-0001  2.468726E-0001  1.612557E-0001
  7.566825E-0002  5.199708E-0002  6.743319E-0002  6.412090E-0002  7.295377E-0002  1.189005E-0001  0.000000E+0000  1.215689E-0001  1.047385E-0001  1.295587E-0001  4.948762E-0002
  1.491596E-0001  2.955435E-0002  1.215962E-0001  1.969433E-0001  2.459981E-0001  2.127294E-0001  1.215689E-0001  0.000000E+0000  2.151026E-0001  1.657137E-0001  1.656420E-0001
  1.196435E-0001  5.571042E-0002  9.570450E-0002  1.667834E-0001  2.071405E-0001  2.478816E-0001  1.047385E-0001  2.151026E-0001  0.000000E+0000  2.037388E-0001  1.723305E-0001
  1.334008E-0001  6.765080E-0002  1.108373E-0001  2.346933E-0001  3.225595E-0001  2.468726E-0001  1.295587E-0001  1.657137E-0001  2.037388E-0001  0.000000E+0000  1.699065E-0001
  1.863719E-0001  8.290638E-0002  1.295807E-0001  7.121460E-0002  1.059308E-0001  1.612557E-0001  4.948762E-0002  1.656420E-0001  1.723305E-0001  1.699065E-0001  0.000000E+0000

  0.000000E+0000  1.213660E-0003  2.889002E-0003  1.826696E-0003  2.483150E-0002  1.822437E-0002  2.022007E-0002  1.657290E-0002  1.261327E-0002  4.010062E-0002  4.243924E-0003
  1.213660E-0003  0.000000E+0000  1.284368E-0003  3.949724E-0004  9.039001E-0003  6.141437E-0003  3.482042E-0003  6.422777E-0003  4.838490E-0003  2.068537E-0002  9.495412E-0004
  2.889002E-0003  1.284368E-0003  0.000000E+0000  1.069369E-0003  1.394426E-0002  1.580270E-0002  7.871205E-0003  1.796555E-0002  1.299138E-0002  3.225971E-0002  3.231289E-0003
  1.826696E-0003  3.949724E-0004  1.069369E-0003  0.000000E+0000  1.345941E-0002  1.096350E-0002  5.059898E-0003  8.361468E-0003  8.097403E-0003  1.570928E-0002  1.190041E-0003
  2.483150E-0002  9.039001E-0003  1.394426E-0002  1.345941E-0002  0.000000E+0000  2.316378E-0002  9.762462E-0003  4.197603E-0002  3.535015E-0002  2.341531E-0002  8.624868E-0003
  1.822437E-0002  6.141437E-0003  1.580270E-0002  1.096350E-0002  2.316378E-0002  0.000000E+0000  4.984665E-0003  3.796851E-0002  3.535352E-0002  6.505915E-0002  6.049833E-0003
  2.022007E-0002  3.482042E-0003  7.871205E-0003  5.059898E-0003  9.762462E-0003  4.984665E-0003  0.000000E+0000  8.271165E-0003  1.938929E-0002  6.405451E-0003  3.430512E-0003
  1.657290E-0002  6.422777E-0003  1.796555E-0002  8.361468E-0003  4.197603E-0002  3.796851E-0002  8.271165E-0003  0.000000E+0000  4.267302E-0002  5.846046E-0002  2.412599E-0003
  1.261327E-0002  4.838490E-0003  1.299138E-0002  8.097403E-0003  3.535015E-0002  3.535352E-0002  1.938929E-0002  4.267302E-0002  0.000000E+0000  4.529906E-0002  1.187601E-0002
  4.010062E-0002  2.068537E-0002  3.225971E-0002  1.570928E-0002  2.341531E-0002  6.505915E-0002  6.405451E-0003  5.846046E-0002  4.529906E-0002  0.000000E+0000  8.206509E-0003
  4.243924E-0003  9.495412E-0004  3.231289E-0003  1.190041E-0003  8.624868E-0003  6.049833E-0003  3.430512E-0003  2.412599E-0003  1.187601E-0002  8.206509E-0003  0.000000E+0000

  0.000000E+0000  3.472519E-0004  5.253002E-0004  1.191816E-0003  6.356361E-0004  7.256296E-0004  4.008363E-0004  1.916702E-0003  7.834358E-0004  9.783076E-0004  4.451902E-0004
  3.472519E-0004  0.000000E+0000  1.473927E-0004  4.539374E-0004  1.836364E-0004  3.209989E-0004  8.876318E-0005  3.073500E-0004  2.037339E-0004  1.514107E-0004  2.294574E-0004
  5.253002E-0004  1.473927E-0004  0.000000E+0000  5.488481E-0004  2.526043E-0004  6.787052E-0004  2.614766E-0004  7.976696E-0004  7.900666E-0005  5.291684E-0004  6.136867E-0004
  1.191816E-0003  4.539374E-0004  5.488481E-0004  0.000000E+0000  1.031753E-0003  1.544960E-0003  2.857062E-0004  1.268272E-0003  7.846313E-0004  1.577120E-0003  7.752735E-0004
  6.356361E-0004  1.836364E-0004  2.526043E-0004  1.031753E-0003  0.000000E+0000  2.283598E-0003  4.923004E-0004  2.563560E-0004  4.364139E-0004  2.297361E-0003  9.215089E-0004
  7.256296E-0004  3.209989E-0004  6.787052E-0004  1.544960E-0003  2.283598E-0003  0.000000E+0000  8.437697E-0004  1.732050E-0003  1.501258E-0003  6.689191E-0004  6.862175E-0004
  4.008363E-0004  8.876318E-0005  2.614766E-0004  2.857062E-0004  4.923004E-0004  8.437697E-0004  0.000000E+0000  2.488296E-0004  4.017860E-0004  1.028508E-0003  6.257260E-0004
  1.916702E-0003  3.073500E-0004  7.976696E-0004  1.268272E-0003  2.563560E-0004  1.732050E-0003  2.488296E-0004  0.000000E+0000  6.305298E-0004  1.442109E-0003  4.594359E-0004
  7.834358E-0004  2.037339E-0004  7.900666E-0005  7.846313E-0004  4.364139E-0004  1.501258E-0003  4.017860E-0004  6.305298E-0004  0.000000E+0000  1.431082E-0003  9.571585E-0004
  9.783076E-0004  1.514107E-0004  5.291684E-0004  1.577120E-0003  2.297361E-0003  6.689191E-0004  1.028508E-0003  1.442109E-0003  1.431082E-0003  0.000000E+0000  1.446466E-0003
  4.451902E-0004  2.294574E-0004  6.136867E-0004  7.752735E-0004  9.215089E-0004  6.862175E-0004  6.257260E-0004  4.594359E-0004  9.571585E-0004  1.446466E-0003  0.000000E+0000
