6661999 = Ignore first line (new format code)
File name: E:\Folders\PhD\ISAD\ISAD_Curry_data\ISAD_EEGs\eLORETA\EEGs_128Hz_200sec-window\Clinical_v_Healthy\T1_healthy_all\H58-ROIlinLagConn-crss.txt
1 = Number of time frames in Time X Frequency decomposition
2 = Number of EEG files
11 = Number Electrodes
25600 = Number of time frames in EEG files
32768 = Number of time frames in EEG files power of 2
7 = Number of matrices
5 = Band type (1=Classical1; 2=Classical2; 3=DiscreteFreqs; 4=AllDiscreteFreqs; 5=UserDefinedBands)
 1.280000E+0002 = Sampling rate Hz
-1.000000E+0002 = Freq1 Hz
-1.000000E+0002 = Freq2 Hz
 3.906250E-0003 = Frequency resolution Hz

  0.000000E+0000  1.573881E-0001  9.820386E-0002  1.262983E-0001  1.888507E-0001  8.944668E-0002  1.053166E-0001  1.747115E-0001  2.201971E-0001  7.172789E-0002  7.628025E-0002
  1.573881E-0001  0.000000E+0000  6.776842E-0003  1.500366E-0001  8.240655E-0002  1.752706E-0001  2.030390E-0001  6.859041E-0002  1.284685E-0001  4.506582E-0002  3.759827E-0002
  9.820386E-0002  6.776842E-0003  0.000000E+0000  1.814023E-0001  1.689499E-0002  1.658449E-0001  7.025070E-0002  2.705404E-0002  4.519618E-0002  1.551605E-0001  1.195454E-0001
  1.262983E-0001  1.500366E-0001  1.814023E-0001  0.000000E+0000  1.812058E-0001  1.072329E-0001  5.866420E-0002  2.345631E-0001  2.693329E-0001  7.978778E-0002  1.070913E-0001
  1.888507E-0001  8.240655E-0002  1.689499E-0002  1.812058E-0001  0.000000E+0000  2.256103E-0001  2.213568E-0001  1.114826E-0001  2.752556E-0001  1.808018E-0001  1.834162E-0001
  8.944668E-0002  1.752706E-0001  1.658449E-0001  1.072329E-0001  2.256103E-0001  0.000000E+0000  1.275864E-0001  1.919122E-0001  2.169717E-0001  7.931752E-0002  7.238471E-0002
  1.053166E-0001  2.030390E-0001  7.025070E-0002  5.866420E-0002  2.213568E-0001  1.275864E-0001  0.000000E+0000  1.802598E-0001  2.350217E-0001  1.371454E-0001  7.969150E-0002
  1.747115E-0001  6.859041E-0002  2.705404E-0002  2.345631E-0001  1.114826E-0001  1.919122E-0001  1.802598E-0001  0.000000E+0000  1.729084E-0001  1.722316E-0001  1.388575E-0001
  2.201971E-0001  1.284685E-0001  4.519618E-0002  2.693329E-0001  2.752556E-0001  2.169717E-0001  2.350217E-0001  1.729084E-0001  0.000000E+0000  1.212557E-0001  1.170539E-0001
  7.172789E-0002  4.506582E-0002  1.551605E-0001  7.978778E-0002  1.808018E-0001  7.931752E-0002  1.371454E-0001  1.722316E-0001  1.212557E-0001  0.000000E+0000  1.371387E-0001
  7.628025E-0002  3.759827E-0002  1.195454E-0001  1.070913E-0001  1.834162E-0001  7.238471E-0002  7.969150E-0002  1.388575E-0001  1.170539E-0001  1.371387E-0001  0.000000E+0000

  0.000000E+0000  2.565260E-0003  1.336685E-0003  3.350783E-0002  1.710618E-0003  3.319576E-0002  2.906553E-0002  5.055700E-0003  1.336284E-0002  1.760482E-0002  2.506754E-0002
  2.565260E-0003  0.000000E+0000  1.640449E-0003  5.392244E-0002  3.024041E-0003  3.231680E-0002  3.457046E-0002  8.093856E-0003  7.969921E-0003  1.333905E-0002  2.424207E-0002
  1.336685E-0003  1.640449E-0003  0.000000E+0000  1.933897E-0002  3.014567E-0003  1.068648E-0002  1.375646E-0002  4.683278E-0003  4.076784E-0003  5.990255E-0003  1.245333E-0002
  3.350783E-0002  5.392244E-0002  1.933897E-0002  0.000000E+0000  4.130113E-0002  1.334945E-0002  5.641095E-0003  3.995894E-0002  4.712538E-0002  1.507508E-0002  1.531919E-0002
  1.710618E-0003  3.024041E-0003  3.014567E-0003  4.130113E-0002  0.000000E+0000  1.470634E-0002  1.522630E-0002  7.459404E-0003  1.108101E-0002  1.280697E-0002  7.355530E-0003
  3.319576E-0002  3.231680E-0002  1.068648E-0002  1.334945E-0002  1.470634E-0002  0.000000E+0000  1.943671E-0002  3.823996E-0002  4.183527E-0002  2.032670E-0002  2.291416E-0002
  2.906553E-0002  3.457046E-0002  1.375646E-0002  5.641095E-0003  1.522630E-0002  1.943671E-0002  0.000000E+0000  3.523711E-0002  3.879325E-0002  7.507705E-0003  1.629619E-0002
  5.055700E-0003  8.093856E-0003  4.683278E-0003  3.995894E-0002  7.459404E-0003  3.823996E-0002  3.523711E-0002  0.000000E+0000  1.734784E-0002  1.995398E-0002  2.998558E-0002
  1.336284E-0002  7.969921E-0003  4.076784E-0003  4.712538E-0002  1.108101E-0002  4.183527E-0002  3.879325E-0002  1.734784E-0002  0.000000E+0000  2.361433E-0002  3.120367E-0002
  1.760482E-0002  1.333905E-0002  5.990255E-0003  1.507508E-0002  1.280697E-0002  2.032670E-0002  7.507705E-0003  1.995398E-0002  2.361433E-0002  0.000000E+0000  2.533617E-0002
  2.506754E-0002  2.424207E-0002  1.245333E-0002  1.531919E-0002  7.355530E-0003  2.291416E-0002  1.629619E-0002  2.998558E-0002  3.120367E-0002  2.533617E-0002  0.000000E+0000

  0.000000E+0000  5.518351E-0003  2.628815E-0004  8.604742E-0004  3.377552E-0003  8.729700E-0004  1.977225E-0003  5.786935E-0003  3.019735E-0004  1.169348E-0003  1.733774E-0003
  5.518351E-0003  0.000000E+0000  3.809987E-0004  2.950158E-0004  2.745289E-0003  3.621033E-0004  5.488697E-0004  6.130463E-0003  6.512711E-0003  7.289905E-0004  6.242422E-0004
  2.628815E-0004  3.809987E-0004  0.000000E+0000  1.336241E-0003  6.210499E-0004  1.572330E-0003  4.729878E-0004  7.707417E-0004  3.846968E-0004  1.286904E-0003  8.023675E-0004
  8.604742E-0004  2.950158E-0004  1.336241E-0003  0.000000E+0000  1.606279E-0003  3.430760E-0003  5.648611E-0003  1.002244E-0003  2.144151E-0003  4.762026E-0003  6.349716E-0003
  3.377552E-0003  2.745289E-0003  6.210499E-0004  1.606279E-0003  0.000000E+0000  2.171955E-0003  1.637008E-0003  4.904108E-0003  4.305266E-0003  2.076897E-0003  2.940002E-0003
  8.729700E-0004  3.621033E-0004  1.572330E-0003  3.430760E-0003  2.171955E-0003  0.000000E+0000  8.325057E-0004  1.205098E-0003  8.403138E-0004  1.397590E-0003  5.327471E-0003
  1.977225E-0003  5.488697E-0004  4.729878E-0004  5.648611E-0003  1.637008E-0003  8.325057E-0004  0.000000E+0000  1.803232E-0003  1.760916E-0003  4.103900E-0004  7.045213E-0003
  5.786935E-0003  6.130463E-0003  7.707417E-0004  1.002244E-0003  4.904108E-0003  1.205098E-0003  1.803232E-0003  0.000000E+0000  6.837565E-0003  1.692170E-0003  3.500524E-0003
  3.019735E-0004  6.512711E-0003  3.846968E-0004  2.144151E-0003  4.305266E-0003  8.403138E-0004  1.760916E-0003  6.837565E-0003  0.000000E+0000  1.354469E-0003  4.289368E-0003
  1.169348E-0003  7.289905E-0004  1.286904E-0003  4.762026E-0003  2.076897E-0003  1.397590E-0003  4.103900E-0004  1.692170E-0003  1.354469E-0003  0.000000E+0000  7.531619E-0003
  1.733774E-0003  6.242422E-0004  8.023675E-0004  6.349716E-0003  2.940002E-0003  5.327471E-0003  7.045213E-0003  3.500524E-0003  4.289368E-0003  7.531619E-0003  0.000000E+0000

  0.000000E+0000  2.668123E-0003  7.422502E-0003  4.817983E-0003  8.794181E-0003  1.054010E-0002  6.656139E-0003  9.559257E-0003  7.711941E-0003  6.743018E-0003  8.682221E-0003
  2.668123E-0003  0.000000E+0000  2.916663E-0003  2.216037E-0003  6.306438E-0003  5.087378E-0003  9.596162E-0004  2.342534E-0003  2.952004E-0003  1.859438E-0003  1.549856E-0003
  7.422502E-0003  2.916663E-0003  0.000000E+0000  5.771866E-0003  9.005264E-0003  9.636958E-0003  6.914313E-0003  1.069526E-0002  7.590014E-0003  7.157369E-0003  9.700014E-0003
  4.817983E-0003  2.216037E-0003  5.771866E-0003  0.000000E+0000  1.147269E-0002  1.325370E-0002  5.232522E-0003  4.811560E-0003  5.713049E-0003  7.289964E-0003  9.734187E-0003
  8.794181E-0003  6.306438E-0003  9.005264E-0003  1.147269E-0002  0.000000E+0000  7.532751E-0003  6.837382E-0003  1.102903E-0002  8.434648E-0003  7.108974E-0003  8.285689E-0003
  1.054010E-0002  5.087378E-0003  9.636958E-0003  1.325370E-0002  7.532751E-0003  0.000000E+0000  9.022828E-0003  1.027969E-0002  5.205012E-0003  8.233185E-0003  1.836539E-0002
  6.656139E-0003  9.596162E-0004  6.914313E-0003  5.232522E-0003  6.837382E-0003  9.022828E-0003  0.000000E+0000  2.789137E-0003  3.588546E-0003  3.589867E-0003  3.964406E-0003
  9.559257E-0003  2.342534E-0003  1.069526E-0002  4.811560E-0003  1.102903E-0002  1.027969E-0002  2.789137E-0003  0.000000E+0000  8.576615E-0003  8.139119E-0003  3.985038E-0003
  7.711941E-0003  2.952004E-0003  7.590014E-0003  5.713049E-0003  8.434648E-0003  5.205012E-0003  3.588546E-0003  8.576615E-0003  0.000000E+0000  3.496262E-0003  3.404849E-0003
  6.743018E-0003  1.859438E-0003  7.157369E-0003  7.289964E-0003  7.108974E-0003  8.233185E-0003  3.589867E-0003  8.139119E-0003  3.496262E-0003  0.000000E+0000  9.702724E-0003
  8.682221E-0003  1.549856E-0003  9.700014E-0003  9.734187E-0003  8.285689E-0003  1.836539E-0002  3.964406E-0003  3.985038E-0003  3.404849E-0003  9.702724E-0003  0.000000E+0000

  0.000000E+0000  2.488644E-0003  7.605934E-0003  3.651965E-0002  1.665706E-0002  1.672562E-0002  3.009474E-0002  9.313303E-0003  4.183060E-0002  4.146590E-0002  4.849037E-0002
  2.488644E-0003  0.000000E+0000  2.481492E-0003  3.076912E-0003  3.653325E-0003  4.481379E-0003  5.409505E-0003  4.640908E-0003  9.476803E-0003  4.547697E-0003  8.610521E-0003
  7.605934E-0003  2.481492E-0003  0.000000E+0000  4.315798E-0002  9.247389E-0003  3.039056E-0002  3.558824E-0002  5.375449E-0003  3.962737E-0002  4.304709E-0002  4.802444E-0002
  3.651965E-0002  3.076912E-0003  4.315798E-0002  0.000000E+0000  4.920997E-0002  4.381469E-0002  1.656524E-0002  2.205434E-0002  5.667116E-0002  5.171910E-0002  8.126057E-0002
  1.665706E-0002  3.653325E-0003  9.247389E-0003  4.920997E-0002  0.000000E+0000  6.530254E-0002  4.991462E-0002  1.454040E-0002  5.345349E-0002  5.168269E-0002  7.927991E-0002
  1.672562E-0002  4.481379E-0003  3.039056E-0002  4.381469E-0002  6.530254E-0002  0.000000E+0000  4.436873E-0002  1.769796E-0002  7.535661E-0002  8.809794E-0002  7.410362E-0002
  3.009474E-0002  5.409505E-0003  3.558824E-0002  1.656524E-0002  4.991462E-0002  4.436873E-0002  0.000000E+0000  1.781013E-0002  4.312900E-0002  4.424799E-0002  4.054045E-0002
  9.313303E-0003  4.640908E-0003  5.375449E-0003  2.205434E-0002  1.454040E-0002  1.769796E-0002  1.781013E-0002  0.000000E+0000  2.484600E-0002  3.142922E-0002  2.947837E-0002
  4.183060E-0002  9.476803E-0003  3.962737E-0002  5.667116E-0002  5.345349E-0002  7.535661E-0002  4.312900E-0002  2.484600E-0002  0.000000E+0000  5.787607E-0002  7.408983E-0002
  4.146590E-0002  4.547697E-0003  4.304709E-0002  5.171910E-0002  5.168269E-0002  8.809794E-0002  4.424799E-0002  3.142922E-0002  5.787607E-0002  0.000000E+0000  7.922392E-0002
  4.849037E-0002  8.610521E-0003  4.802444E-0002  8.126057E-0002  7.927991E-0002  7.410362E-0002  4.054045E-0002  2.947837E-0002  7.408983E-0002  7.922392E-0002  0.000000E+0000

  0.000000E+0000  7.128497E-0004  9.434592E-0004  2.358000E-0003  2.141475E-0003  9.307630E-0004  2.883818E-0003  1.430756E-0003  4.066354E-0003  1.136936E-0003  3.368848E-0003
  7.128497E-0004  0.000000E+0000  1.311965E-0003  8.903680E-0004  1.338041E-0003  6.443529E-0004  1.411587E-0003  6.493577E-0004  2.745772E-0003  1.112485E-0003  1.560980E-0003
  9.434592E-0004  1.311965E-0003  0.000000E+0000  1.725492E-0003  2.858740E-0003  2.942137E-0003  2.586049E-0003  3.213099E-0003  6.896813E-0004  1.947592E-0003  4.512192E-0003
  2.358000E-0003  8.903680E-0004  1.725492E-0003  0.000000E+0000  3.988404E-0003  2.847587E-0003  2.677327E-0003  4.808988E-0003  4.797546E-0003  3.109209E-0003  3.313898E-0003
  2.141475E-0003  1.338041E-0003  2.858740E-0003  3.988404E-0003  0.000000E+0000  1.672191E-0003  4.261831E-0003  2.797502E-0003  7.279363E-0003  2.315958E-0003  6.407960E-0003
  9.307630E-0004  6.443529E-0004  2.942137E-0003  2.847587E-0003  1.672191E-0003  0.000000E+0000  2.331753E-0003  2.009680E-0003  4.003500E-0003  2.124801E-0003  5.714815E-0003
  2.883818E-0003  1.411587E-0003  2.586049E-0003  2.677327E-0003  4.261831E-0003  2.331753E-0003  0.000000E+0000  4.072909E-0003  3.656815E-0003  1.842164E-0003  2.054530E-0003
  1.430756E-0003  6.493577E-0004  3.213099E-0003  4.808988E-0003  2.797502E-0003  2.009680E-0003  4.072909E-0003  0.000000E+0000  7.692373E-0003  1.898351E-0003  4.548177E-0003
  4.066354E-0003  2.745772E-0003  6.896813E-0004  4.797546E-0003  7.279363E-0003  4.003500E-0003  3.656815E-0003  7.692373E-0003  0.000000E+0000  4.522470E-0003  4.833901E-0003
  1.136936E-0003  1.112485E-0003  1.947592E-0003  3.109209E-0003  2.315958E-0003  2.124801E-0003  1.842164E-0003  1.898351E-0003  4.522470E-0003  0.000000E+0000  2.776321E-0003
  3.368848E-0003  1.560980E-0003  4.512192E-0003  3.313898E-0003  6.407960E-0003  5.714815E-0003  2.054530E-0003  4.548177E-0003  4.833901E-0003  2.776321E-0003  0.000000E+0000

  0.000000E+0000  2.217589E-0004  5.957886E-0005  1.501035E-0003  4.465533E-0004  7.533173E-0004  8.418490E-0004  5.483237E-0004  4.409228E-0004  3.417992E-0004  4.588982E-0004
  2.217589E-0004  0.000000E+0000  1.884324E-0004  3.096099E-0003  1.853632E-0004  3.461950E-0003  2.334979E-0003  3.413262E-0004  5.891952E-0004  2.849129E-0003  1.548932E-0003
  5.957886E-0005  1.884324E-0004  0.000000E+0000  2.401552E-0004  1.083454E-0004  9.646828E-0004  6.023606E-0004  1.774014E-0004  1.365192E-0004  6.669519E-0004  1.060952E-0003
  1.501035E-0003  3.096099E-0003  2.401552E-0004  0.000000E+0000  2.282605E-0003  7.405219E-0003  1.318458E-0003  4.930144E-0003  5.869492E-0004  5.524999E-0003  1.437161E-0003
  4.465533E-0004  1.853632E-0004  1.083454E-0004  2.282605E-0003  0.000000E+0000  2.618667E-0003  1.835725E-0003  4.753538E-0004  9.495456E-0004  2.191909E-0003  1.554032E-0003
  7.533173E-0004  3.461950E-0003  9.646828E-0004  7.405219E-0003  2.618667E-0003  0.000000E+0000  5.534889E-0003  5.753705E-0003  1.272860E-0003  3.737801E-0003  1.990580E-0003
  8.418490E-0004  2.334979E-0003  6.023606E-0004  1.318458E-0003  1.835725E-0003  5.534889E-0003  0.000000E+0000  3.727539E-0003  4.855887E-0004  3.295048E-0003  1.629384E-0003
  5.483237E-0004  3.413262E-0004  1.774014E-0004  4.930144E-0003  4.753538E-0004  5.753705E-0003  3.727539E-0003  0.000000E+0000  1.102292E-0003  3.989719E-0003  2.278465E-0003
  4.409228E-0004  5.891952E-0004  1.365192E-0004  5.869492E-0004  9.495456E-0004  1.272860E-0003  4.855887E-0004  1.102292E-0003  0.000000E+0000  5.511653E-0004  1.547819E-0003
  3.417992E-0004  2.849129E-0003  6.669519E-0004  5.524999E-0003  2.191909E-0003  3.737801E-0003  3.295048E-0003  3.989719E-0003  5.511653E-0004  0.000000E+0000  1.771767E-0003
  4.588982E-0004  1.548932E-0003  1.060952E-0003  1.437161E-0003  1.554032E-0003  1.990580E-0003  1.629384E-0003  2.278465E-0003  1.547819E-0003  1.771767E-0003  0.000000E+0000
