6661999 = Ignore first line (new format code)
File name: E:\Folders\PhD\ISAD\ISAD_Curry_data\ISAD_EEGs\eLORETA\EEGs_128Hz_200sec-window\Clinical_v_Healthy\T1_healthy_all\H59-ROIlinLagConn-crss.txt
1 = Number of time frames in Time X Frequency decomposition
3 = Number of EEG files
11 = Number Electrodes
25600 = Number of time frames in EEG files
32768 = Number of time frames in EEG files power of 2
7 = Number of matrices
5 = Band type (1=Classical1; 2=Classical2; 3=DiscreteFreqs; 4=AllDiscreteFreqs; 5=UserDefinedBands)
 1.280000E+0002 = Sampling rate Hz
-1.000000E+0002 = Freq1 Hz
-1.000000E+0002 = Freq2 Hz
 3.906250E-0003 = Frequency resolution Hz

  0.000000E+0000  1.348996E-0002  5.139434E-0003  1.282701E-0001  5.550140E-0002  7.543343E-0002  2.252937E-0002  1.868103E-0002  4.219230E-0002  2.564923E-0002  7.696465E-0002
  1.348996E-0002  0.000000E+0000  4.150517E-0002  6.896739E-0002  2.247982E-0002  5.733223E-0002  1.117359E-0002  3.282309E-0002  4.623729E-0002  1.089429E-0001  1.929807E-0002
  5.139434E-0003  4.150517E-0002  0.000000E+0000  4.151255E-0002  4.682781E-0002  9.267827E-0003  6.756184E-0002  4.080190E-0002  3.093815E-0002  5.341467E-0002  8.065327E-0002
  1.282701E-0001  6.896739E-0002  4.151255E-0002  0.000000E+0000  4.574065E-0002  1.465119E-0001  1.759575E-0002  1.150629E-0001  4.036410E-0002  7.388972E-0002  3.834927E-0002
  5.550140E-0002  2.247982E-0002  4.682781E-0002  4.574065E-0002  0.000000E+0000  4.073012E-0002  2.149786E-0002  2.022591E-0002  6.202269E-0002  7.181502E-0002  7.117967E-0002
  7.543343E-0002  5.733223E-0002  9.267827E-0003  1.465119E-0001  4.073012E-0002  0.000000E+0000  4.819423E-0002  6.503564E-0002  3.309690E-0002  5.588213E-0002  8.232877E-0002
  2.252937E-0002  1.117359E-0002  6.756184E-0002  1.759575E-0002  2.149786E-0002  4.819423E-0002  0.000000E+0000  2.206607E-0002  5.095167E-0002  3.506406E-0002  5.438480E-0003
  1.868103E-0002  3.282309E-0002  4.080190E-0002  1.150629E-0001  2.022591E-0002  6.503564E-0002  2.206607E-0002  0.000000E+0000  2.484133E-0002  9.717773E-0002  1.910055E-0002
  4.219230E-0002  4.623729E-0002  3.093815E-0002  4.036410E-0002  6.202269E-0002  3.309690E-0002  5.095167E-0002  2.484133E-0002  0.000000E+0000  4.092803E-0002  1.167770E-0001
  2.564923E-0002  1.089429E-0001  5.341467E-0002  7.388972E-0002  7.181502E-0002  5.588213E-0002  3.506406E-0002  9.717773E-0002  4.092803E-0002  0.000000E+0000  1.672029E-0001
  7.696465E-0002  1.929807E-0002  8.065327E-0002  3.834927E-0002  7.117967E-0002  8.232877E-0002  5.438480E-0003  1.910055E-0002  1.167770E-0001  1.672029E-0001  0.000000E+0000

  0.000000E+0000  5.007901E-0004  9.782006E-0004  7.551691E-0003  8.426885E-0004  3.031010E-0003  6.089245E-0003  4.346149E-0004  4.570790E-0003  4.711057E-0003  5.530518E-0003
  5.007901E-0004  0.000000E+0000  7.090116E-0004  4.836791E-0003  5.086039E-0004  1.910689E-0003  9.605991E-0003  8.724761E-0004  2.395121E-0003  8.448161E-0003  6.547937E-0003
  9.782006E-0004  7.090116E-0004  0.000000E+0000  7.219517E-0003  4.518119E-0004  2.455898E-0003  8.720878E-0003  4.037484E-0004  3.457970E-0003  7.655980E-0003  6.628571E-0003
  7.551691E-0003  4.836791E-0003  7.219517E-0003  0.000000E+0000  8.344247E-0003  7.693351E-0003  4.870184E-0003  8.164029E-0003  9.428883E-0003  1.001874E-0002  2.088428E-0003
  8.426885E-0004  5.086039E-0004  4.518119E-0004  8.344247E-0003  0.000000E+0000  3.507947E-0003  9.226583E-0003  5.010927E-0004  5.035971E-0003  9.513596E-0003  8.666830E-0003
  3.031010E-0003  1.910689E-0003  2.455898E-0003  7.693351E-0003  3.507947E-0003  0.000000E+0000  3.168560E-0003  6.599138E-0003  3.017833E-0003  5.099108E-0003  2.259005E-0003
  6.089245E-0003  9.605991E-0003  8.720878E-0003  4.870184E-0003  9.226583E-0003  3.168560E-0003  0.000000E+0000  1.204898E-0002  6.571733E-0003  1.707856E-0003  1.016654E-0002
  4.346149E-0004  8.724761E-0004  4.037484E-0004  8.164029E-0003  5.010927E-0004  6.599138E-0003  1.204898E-0002  0.000000E+0000  4.679869E-0003  9.302030E-0003  4.747038E-0003
  4.570790E-0003  2.395121E-0003  3.457970E-0003  9.428883E-0003  5.035971E-0003  3.017833E-0003  6.571733E-0003  4.679869E-0003  0.000000E+0000  5.372712E-0003  6.045746E-0003
  4.711057E-0003  8.448161E-0003  7.655980E-0003  1.001874E-0002  9.513596E-0003  5.099108E-0003  1.707856E-0003  9.302030E-0003  5.372712E-0003  0.000000E+0000  5.877892E-0003
  5.530518E-0003  6.547937E-0003  6.628571E-0003  2.088428E-0003  8.666830E-0003  2.259005E-0003  1.016654E-0002  4.747038E-0003  6.045746E-0003  5.877892E-0003  0.000000E+0000

  0.000000E+0000  1.303687E-0003  1.504116E-0003  3.579006E-0003  1.534571E-0003  1.031945E-0002  4.940330E-0003  3.874881E-0003  1.368733E-0003  7.909895E-0003  8.166446E-0003
  1.303687E-0003  0.000000E+0000  9.231362E-0004  1.386123E-0003  1.817949E-0003  2.193385E-0003  1.890118E-0003  1.143710E-0003  1.694068E-0003  1.347163E-0003  2.172289E-0003
  1.504116E-0003  9.231362E-0004  0.000000E+0000  1.229867E-0003  7.179365E-0004  2.040498E-0003  2.604633E-0003  1.366608E-0003  1.289593E-0003  2.247142E-0003  2.947222E-0003
  3.579006E-0003  1.386123E-0003  1.229867E-0003  0.000000E+0000  2.356441E-0003  3.509930E-0003  1.932080E-0003  3.331047E-0003  3.019686E-0003  9.917088E-0004  1.945313E-0003
  1.534571E-0003  1.817949E-0003  7.179365E-0004  2.356441E-0003  0.000000E+0000  5.927125E-0003  8.824421E-0003  1.857092E-0003  7.843685E-0004  5.308933E-0003  9.604517E-0003
  1.031945E-0002  2.193385E-0003  2.040498E-0003  3.509930E-0003  5.927125E-0003  0.000000E+0000  2.006289E-0003  5.231910E-0003  4.018599E-0003  2.435474E-0003  2.318045E-0003
  4.940330E-0003  1.890118E-0003  2.604633E-0003  1.932080E-0003  8.824421E-0003  2.006289E-0003  0.000000E+0000  4.841885E-0003  1.082987E-0003  1.793434E-0002  3.492073E-0003
  3.874881E-0003  1.143710E-0003  1.366608E-0003  3.331047E-0003  1.857092E-0003  5.231910E-0003  4.841885E-0003  0.000000E+0000  1.884170E-0003  4.112134E-0003  5.757130E-0003
  1.368733E-0003  1.694068E-0003  1.289593E-0003  3.019686E-0003  7.843685E-0004  4.018599E-0003  1.082987E-0003  1.884170E-0003  0.000000E+0000  3.143952E-0003  4.093978E-0003
  7.909895E-0003  1.347163E-0003  2.247142E-0003  9.917088E-0004  5.308933E-0003  2.435474E-0003  1.793434E-0002  4.112134E-0003  3.143952E-0003  0.000000E+0000  1.421701E-0002
  8.166446E-0003  2.172289E-0003  2.947222E-0003  1.945313E-0003  9.604517E-0003  2.318045E-0003  3.492073E-0003  5.757130E-0003  4.093978E-0003  1.421701E-0002  0.000000E+0000

  0.000000E+0000  6.465703E-0004  2.330284E-0004  2.104023E-0004  1.826014E-0003  1.029051E-0003  1.658424E-0003  9.699942E-0004  7.132451E-0004  1.375451E-0003  5.077369E-0004
  6.465703E-0004  0.000000E+0000  3.845301E-0004  3.697705E-0004  9.193207E-0004  4.375975E-0004  1.243177E-0003  2.450180E-0003  1.354655E-0003  2.554239E-0004  1.739992E-0003
  2.330284E-0004  3.845301E-0004  0.000000E+0000  1.094838E-0003  6.624215E-0004  6.629755E-0004  1.683222E-0003  1.297567E-0003  5.674795E-0004  9.236129E-0004  1.376143E-0003
  2.104023E-0004  3.697705E-0004  1.094838E-0003  0.000000E+0000  6.876946E-0004  1.506984E-0003  1.355314E-0003  1.047987E-0003  9.163155E-0004  2.688244E-0003  1.945608E-0003
  1.826014E-0003  9.193207E-0004  6.624215E-0004  6.876946E-0004  0.000000E+0000  1.810383E-0003  1.720791E-0003  2.117411E-0003  1.712660E-0003  1.526386E-0003  1.960741E-0003
  1.029051E-0003  4.375975E-0004  6.629755E-0004  1.506984E-0003  1.810383E-0003  0.000000E+0000  1.581335E-0003  2.496771E-0003  7.320792E-0004  2.694037E-0003  5.129465E-0003
  1.658424E-0003  1.243177E-0003  1.683222E-0003  1.355314E-0003  1.720791E-0003  1.581335E-0003  0.000000E+0000  4.006490E-0003  2.863636E-0003  1.548179E-0003  4.361853E-0003
  9.699942E-0004  2.450180E-0003  1.297567E-0003  1.047987E-0003  2.117411E-0003  2.496771E-0003  4.006490E-0003  0.000000E+0000  2.621808E-0003  3.987495E-0003  5.329228E-0003
  7.132451E-0004  1.354655E-0003  5.674795E-0004  9.163155E-0004  1.712660E-0003  7.320792E-0004  2.863636E-0003  2.621808E-0003  0.000000E+0000  1.698388E-0003  2.424478E-0003
  1.375451E-0003  2.554239E-0004  9.236129E-0004  2.688244E-0003  1.526386E-0003  2.694037E-0003  1.548179E-0003  3.987495E-0003  1.698388E-0003  0.000000E+0000  6.229334E-0003
  5.077369E-0004  1.739992E-0003  1.376143E-0003  1.945608E-0003  1.960741E-0003  5.129465E-0003  4.361853E-0003  5.329228E-0003  2.424478E-0003  6.229334E-0003  0.000000E+0000

  0.000000E+0000  5.483949E-0003  1.206462E-0003  2.323465E-0002  1.258096E-0002  2.277753E-0002  4.610407E-0003  8.155749E-0003  4.717544E-0003  3.463763E-0002  2.064329E-0002
  5.483949E-0003  0.000000E+0000  9.037457E-0003  7.686955E-0003  1.411554E-0003  8.626451E-0003  1.149141E-0002  6.664501E-0003  5.884023E-0003  1.470320E-0002  2.503457E-0002
  1.206462E-0003  9.037457E-0003  0.000000E+0000  4.508958E-0002  1.259168E-0002  3.632509E-0002  1.240909E-0002  1.483429E-0002  1.178907E-0002  5.607513E-0002  3.426438E-0002
  2.323465E-0002  7.686955E-0003  4.508958E-0002  0.000000E+0000  2.197451E-0002  5.877227E-0002  2.069162E-0002  2.953972E-0002  3.612503E-0002  8.822770E-0002  3.846215E-0002
  1.258096E-0002  1.411554E-0003  1.259168E-0002  2.197451E-0002  0.000000E+0000  4.041151E-0002  2.590113E-0002  6.275672E-0003  7.608379E-0003  3.659359E-0002  4.203633E-0002
  2.277753E-0002  8.626451E-0003  3.632509E-0002  5.877227E-0002  4.041151E-0002  0.000000E+0000  2.383793E-0002  2.278517E-0002  2.476620E-0002  1.204126E-0001  2.686146E-0002
  4.610407E-0003  1.149141E-0002  1.240909E-0002  2.069162E-0002  2.590113E-0002  2.383793E-0002  0.000000E+0000  1.764676E-0002  1.482711E-0002  3.855469E-0002  4.448244E-0002
  8.155749E-0003  6.664501E-0003  1.483429E-0002  2.953972E-0002  6.275672E-0003  2.278517E-0002  1.764676E-0002  0.000000E+0000  1.375166E-0002  4.012146E-0002  2.912937E-0002
  4.717544E-0003  5.884023E-0003  1.178907E-0002  3.612503E-0002  7.608379E-0003  2.476620E-0002  1.482711E-0002  1.375166E-0002  0.000000E+0000  5.472849E-0002  3.883762E-0002
  3.463763E-0002  1.470320E-0002  5.607513E-0002  8.822770E-0002  3.659359E-0002  1.204126E-0001  3.855469E-0002  4.012146E-0002  5.472849E-0002  0.000000E+0000  1.074316E-0001
  2.064329E-0002  2.503457E-0002  3.426438E-0002  3.846215E-0002  4.203633E-0002  2.686146E-0002  4.448244E-0002  2.912937E-0002  3.883762E-0002  1.074316E-0001  0.000000E+0000

  0.000000E+0000  1.385406E-0002  2.418455E-0003  1.459794E-0002  1.676643E-0002  2.329326E-0002  2.405175E-0004  1.155543E-0002  9.577542E-0003  8.391444E-0003  1.472555E-0003
  1.385406E-0002  0.000000E+0000  4.191809E-0003  1.058607E-0002  3.598522E-0003  8.397478E-0003  2.160536E-0003  1.492468E-0002  4.400317E-0003  3.246673E-0003  5.385291E-0003
  2.418455E-0003  4.191809E-0003  0.000000E+0000  2.607485E-0003  6.509728E-0003  1.676263E-0003  2.227876E-0003  2.260319E-0003  3.577409E-0003  3.760060E-0003  1.272260E-0003
  1.459794E-0002  1.058607E-0002  2.607485E-0003  0.000000E+0000  1.309921E-0002  6.799173E-0003  3.500698E-0003  1.121008E-0002  3.099916E-0003  7.753723E-0003  6.128661E-0003
  1.676643E-0002  3.598522E-0003  6.509728E-0003  1.309921E-0002  0.000000E+0000  1.835035E-0002  2.709240E-0003  2.131333E-0002  1.260002E-0002  7.003229E-0003  9.867433E-0003
  2.329326E-0002  8.397478E-0003  1.676263E-0003  6.799173E-0003  1.835035E-0002  0.000000E+0000  3.942010E-0003  1.020741E-0002  7.878329E-0003  6.660842E-0003  9.089038E-0003
  2.405175E-0004  2.160536E-0003  2.227876E-0003  3.500698E-0003  2.709240E-0003  3.942010E-0003  0.000000E+0000  2.585196E-0003  9.827246E-0004  5.276703E-0003  7.542511E-0003
  1.155543E-0002  1.492468E-0002  2.260319E-0003  1.121008E-0002  2.131333E-0002  1.020741E-0002  2.585196E-0003  0.000000E+0000  9.458423E-0003  4.869355E-0003  2.479536E-0003
  9.577542E-0003  4.400317E-0003  3.577409E-0003  3.099916E-0003  1.260002E-0002  7.878329E-0003  9.827246E-0004  9.458423E-0003  0.000000E+0000  3.686543E-0003  2.985626E-0003
  8.391444E-0003  3.246673E-0003  3.760060E-0003  7.753723E-0003  7.003229E-0003  6.660842E-0003  5.276703E-0003  4.869355E-0003  3.686543E-0003  0.000000E+0000  1.038699E-0002
  1.472555E-0003  5.385291E-0003  1.272260E-0003  6.128661E-0003  9.867433E-0003  9.089038E-0003  7.542511E-0003  2.479536E-0003  2.985626E-0003  1.038699E-0002  0.000000E+0000

  0.000000E+0000  1.432101E-0004  1.868506E-0004  7.956384E-0004  4.200695E-0004  6.462419E-0004  5.613698E-0004  2.277528E-0004  1.842745E-0004  6.768716E-0004  1.373319E-0003
  1.432101E-0004  0.000000E+0000  7.597318E-0005  1.540212E-0004  2.935961E-0004  4.415604E-0004  3.811877E-0004  4.636090E-0004  3.000642E-0004  5.001603E-0004  5.669498E-0004
  1.868506E-0004  7.597318E-0005  0.000000E+0000  1.648635E-0004  9.693870E-0004  3.349902E-0004  6.638336E-0005  3.711161E-0004  4.923610E-0004  3.121100E-0004  3.249635E-0004
  7.956384E-0004  1.540212E-0004  1.648635E-0004  0.000000E+0000  1.176337E-0003  1.300250E-0003  1.082356E-0003  1.770566E-0004  1.431315E-0004  2.359067E-0003  1.323443E-0003
  4.200695E-0004  2.935961E-0004  9.693870E-0004  1.176337E-0003  0.000000E+0000  1.988361E-0003  2.586389E-0003  1.184091E-0003  7.393014E-0004  2.278451E-0003  4.036081E-0003
  6.462419E-0004  4.415604E-0004  3.349902E-0004  1.300250E-0003  1.988361E-0003  0.000000E+0000  1.001618E-0003  2.458804E-0004  2.991247E-0004  1.165866E-0003  1.137966E-0003
  5.613698E-0004  3.811877E-0004  6.638336E-0005  1.082356E-0003  2.586389E-0003  1.001618E-0003  0.000000E+0000  4.131274E-0004  8.030038E-0004  1.182571E-0003  1.794093E-0003
  2.277528E-0004  4.636090E-0004  3.711161E-0004  1.770566E-0004  1.184091E-0003  2.458804E-0004  4.131274E-0004  0.000000E+0000  3.305936E-0004  4.358936E-0004  1.622870E-0004
  1.842745E-0004  3.000642E-0004  4.923610E-0004  1.431315E-0004  7.393014E-0004  2.991247E-0004  8.030038E-0004  3.305936E-0004  0.000000E+0000  2.304101E-0004  1.820701E-0003
  6.768716E-0004  5.001603E-0004  3.121100E-0004  2.359067E-0003  2.278451E-0003  1.165866E-0003  1.182571E-0003  4.358936E-0004  2.304101E-0004  0.000000E+0000  2.079874E-0003
  1.373319E-0003  5.669498E-0004  3.249635E-0004  1.323443E-0003  4.036081E-0003  1.137966E-0003  1.794093E-0003  1.622870E-0004  1.820701E-0003  2.079874E-0003  0.000000E+0000
