6661999 = Ignore first line (new format code)
File name: E:\Folders\PhD\ISAD\ISAD_Curry_data\ISAD_EEGs\eLORETA\EEGs_128Hz_200sec-window\Clinical_v_Healthy\T1_healthy_all\H6-ROIlinLagConn-crss.txt
1 = Number of time frames in Time X Frequency decomposition
3 = Number of EEG files
11 = Number Electrodes
25600 = Number of time frames in EEG files
32768 = Number of time frames in EEG files power of 2
7 = Number of matrices
5 = Band type (1=Classical1; 2=Classical2; 3=DiscreteFreqs; 4=AllDiscreteFreqs; 5=UserDefinedBands)
 1.280000E+0002 = Sampling rate Hz
-1.000000E+0002 = Freq1 Hz
-1.000000E+0002 = Freq2 Hz
 3.906250E-0003 = Frequency resolution Hz

  0.000000E+0000  1.050944E-0002  1.006226E-0002  6.532733E-0002  1.237425E-0002  1.935559E-0002  3.066555E-0002  3.095500E-0002  1.235145E-0002  3.316770E-0002  3.956610E-0002
  1.050944E-0002  0.000000E+0000  1.442365E-0002  4.074342E-0002  4.848389E-0002  1.864951E-0002  4.174290E-0002  2.243935E-0002  2.026163E-0002  3.158841E-0002  6.633796E-0002
  1.006226E-0002  1.442365E-0002  0.000000E+0000  2.180737E-0002  2.175450E-0002  5.611494E-0003  4.863415E-0002  1.882035E-0002  2.164167E-0002  1.188879E-0002  3.829378E-0002
  6.532733E-0002  4.074342E-0002  2.180737E-0002  0.000000E+0000  3.952582E-0002  2.301087E-0002  2.866617E-0002  2.378585E-0002  1.969387E-0002  2.420854E-0002  2.886898E-0002
  1.237425E-0002  4.848389E-0002  2.175450E-0002  3.952582E-0002  0.000000E+0000  2.572085E-0002  3.397878E-0002  7.422294E-0002  2.091480E-0002  5.826682E-0002  6.470998E-0002
  1.935559E-0002  1.864951E-0002  5.611494E-0003  2.301087E-0002  2.572085E-0002  0.000000E+0000  5.413212E-0002  3.999235E-0002  2.310422E-0002  2.334284E-0002  5.164219E-0002
  3.066555E-0002  4.174290E-0002  4.863415E-0002  2.866617E-0002  3.397878E-0002  5.413212E-0002  0.000000E+0000  4.846638E-0002  4.182553E-0002  4.616315E-0002  1.038164E-0002
  3.095500E-0002  2.243935E-0002  1.882035E-0002  2.378585E-0002  7.422294E-0002  3.999235E-0002  4.846638E-0002  0.000000E+0000  3.327965E-0002  2.549139E-0002  9.258921E-0002
  1.235145E-0002  2.026163E-0002  2.164167E-0002  1.969387E-0002  2.091480E-0002  2.310422E-0002  4.182553E-0002  3.327965E-0002  0.000000E+0000  2.956832E-0002  7.616425E-0002
  3.316770E-0002  3.158841E-0002  1.188879E-0002  2.420854E-0002  5.826682E-0002  2.334284E-0002  4.616315E-0002  2.549139E-0002  2.956832E-0002  0.000000E+0000  5.304211E-0002
  3.956610E-0002  6.633796E-0002  3.829378E-0002  2.886898E-0002  6.470998E-0002  5.164219E-0002  1.038164E-0002  9.258921E-0002  7.616425E-0002  5.304211E-0002  0.000000E+0000

  0.000000E+0000  3.675937E-0003  6.756718E-0003  2.128282E-0003  4.203361E-0003  1.281386E-0002  4.160876E-0003  6.063342E-0003  8.370461E-0003  1.327805E-0003  3.081094E-0003
  3.675937E-0003  0.000000E+0000  4.828358E-0003  5.736624E-0003  3.761482E-0003  1.082879E-0002  5.765300E-0003  1.734426E-0003  5.886407E-0003  1.184526E-0003  4.587973E-0003
  6.756718E-0003  4.828358E-0003  0.000000E+0000  3.770978E-0003  3.771691E-0003  8.927279E-0003  2.531162E-0003  6.822700E-0003  9.417838E-0003  4.882579E-0004  1.552601E-0003
  2.128282E-0003  5.736624E-0003  3.770978E-0003  0.000000E+0000  5.966987E-0003  3.489664E-0003  5.994264E-0003  5.768745E-0003  4.739928E-0003  6.882228E-0003  3.746332E-0003
  4.203361E-0003  3.761482E-0003  3.771691E-0003  5.966987E-0003  0.000000E+0000  9.212959E-0003  8.048241E-0003  5.506746E-0003  9.875932E-0003  6.481380E-0004  6.046499E-0003
  1.281386E-0002  1.082879E-0002  8.927279E-0003  3.489664E-0003  9.212959E-0003  0.000000E+0000  1.259337E-0002  1.145481E-0002  9.386612E-0003  3.625232E-0003  1.078422E-0002
  4.160876E-0003  5.765300E-0003  2.531162E-0003  5.994264E-0003  8.048241E-0003  1.259337E-0002  0.000000E+0000  7.837798E-0003  4.140293E-0003  8.692274E-0003  5.017688E-0003
  6.063342E-0003  1.734426E-0003  6.822700E-0003  5.768745E-0003  5.506746E-0003  1.145481E-0002  7.837798E-0003  0.000000E+0000  4.883748E-0003  6.086263E-0003  8.417639E-0003
  8.370461E-0003  5.886407E-0003  9.417838E-0003  4.739928E-0003  9.875932E-0003  9.386612E-0003  4.140293E-0003  4.883748E-0003  0.000000E+0000  5.480620E-0003  1.964099E-0003
  1.327805E-0003  1.184526E-0003  4.882579E-0004  6.882228E-0003  6.481380E-0004  3.625232E-0003  8.692274E-0003  6.086263E-0003  5.480620E-0003  0.000000E+0000  9.659338E-0003
  3.081094E-0003  4.587973E-0003  1.552601E-0003  3.746332E-0003  6.046499E-0003  1.078422E-0002  5.017688E-0003  8.417639E-0003  1.964099E-0003  9.659338E-0003  0.000000E+0000

  0.000000E+0000  6.782772E-0003  2.724974E-0003  1.081939E-0002  1.664035E-0002  1.663601E-0002  2.162455E-0003  1.116501E-0002  1.601952E-0002  1.876026E-0002  1.543315E-0002
  6.782772E-0003  0.000000E+0000  3.698300E-0003  9.205452E-0003  7.933112E-0003  1.601805E-0002  2.226258E-0003  7.470973E-0003  1.372748E-0002  1.506962E-0002  1.353261E-0002
  2.724974E-0003  3.698300E-0003  0.000000E+0000  2.292715E-0003  3.386020E-0003  2.831649E-0003  7.330632E-0004  4.436454E-0003  2.659163E-0003  3.621189E-0003  1.152698E-0003
  1.081939E-0002  9.205452E-0003  2.292715E-0003  0.000000E+0000  1.418826E-0002  2.359170E-0002  2.826259E-0003  1.202075E-0002  1.171782E-0002  1.899294E-0002  1.945570E-0002
  1.664035E-0002  7.933112E-0003  3.386020E-0003  1.418826E-0002  0.000000E+0000  2.327152E-0002  3.720768E-0003  1.149573E-0002  1.647655E-0002  1.630144E-0002  1.684361E-0002
  1.663601E-0002  1.601805E-0002  2.831649E-0003  2.359170E-0002  2.327152E-0002  0.000000E+0000  4.142704E-0003  1.561892E-0002  1.856161E-0002  2.470437E-0002  2.286290E-0002
  2.162455E-0003  2.226258E-0003  7.330632E-0004  2.826259E-0003  3.720768E-0003  4.142704E-0003  0.000000E+0000  4.203631E-0003  4.245132E-0003  4.188550E-0003  1.807332E-0003
  1.116501E-0002  7.470973E-0003  4.436454E-0003  1.202075E-0002  1.149573E-0002  1.561892E-0002  4.203631E-0003  0.000000E+0000  1.670512E-0002  1.782522E-0002  1.399321E-0002
  1.601952E-0002  1.372748E-0002  2.659163E-0003  1.171782E-0002  1.647655E-0002  1.856161E-0002  4.245132E-0003  1.670512E-0002  0.000000E+0000  6.397918E-0003  9.480309E-0003
  1.876026E-0002  1.506962E-0002  3.621189E-0003  1.899294E-0002  1.630144E-0002  2.470437E-0002  4.188550E-0003  1.782522E-0002  6.397918E-0003  0.000000E+0000  1.663031E-0002
  1.543315E-0002  1.353261E-0002  1.152698E-0003  1.945570E-0002  1.684361E-0002  2.286290E-0002  1.807332E-0003  1.399321E-0002  9.480309E-0003  1.663031E-0002  0.000000E+0000

  0.000000E+0000  1.973316E-0002  1.134496E-0002  7.652157E-0003  3.057192E-0002  4.340672E-0002  6.656668E-0003  1.607751E-0002  3.261306E-0002  4.476518E-0002  2.423046E-0002
  1.973316E-0002  0.000000E+0000  9.709983E-0003  1.498213E-0002  2.128613E-0002  3.326558E-0002  6.715916E-0003  1.469063E-0002  2.743484E-0002  3.579885E-0002  2.325458E-0002
  1.134496E-0002  9.709983E-0003  0.000000E+0000  6.371153E-0003  1.003764E-0002  8.419160E-0003  4.613936E-0003  1.152403E-0002  6.788941E-0003  1.260150E-0002  7.725708E-0003
  7.652157E-0003  1.498213E-0002  6.371153E-0003  0.000000E+0000  2.300582E-0002  2.275506E-0002  3.771490E-0003  1.438859E-0002  2.260412E-0002  2.686088E-0002  1.957967E-0002
  3.057192E-0002  2.128613E-0002  1.003764E-0002  2.300582E-0002  0.000000E+0000  3.447539E-0002  8.334069E-0003  2.390908E-0002  2.936882E-0002  3.853445E-0002  2.575927E-0002
  4.340672E-0002  3.326558E-0002  8.419160E-0003  2.275506E-0002  3.447539E-0002  0.000000E+0000  1.529048E-0002  3.571694E-0002  2.880665E-0002  3.172157E-0002  2.214503E-0002
  6.656668E-0003  6.715916E-0003  4.613936E-0003  3.771490E-0003  8.334069E-0003  1.529048E-0002  0.000000E+0000  6.557220E-0003  1.110304E-0002  1.538865E-0002  7.546139E-0003
  1.607751E-0002  1.469063E-0002  1.152403E-0002  1.438859E-0002  2.390908E-0002  3.571694E-0002  6.557220E-0003  0.000000E+0000  2.826475E-0002  3.729099E-0002  2.324846E-0002
  3.261306E-0002  2.743484E-0002  6.788941E-0003  2.260412E-0002  2.936882E-0002  2.880665E-0002  1.110304E-0002  2.826475E-0002  0.000000E+0000  2.205613E-0002  1.237966E-0002
  4.476518E-0002  3.579885E-0002  1.260150E-0002  2.686088E-0002  3.853445E-0002  3.172157E-0002  1.538865E-0002  3.729099E-0002  2.205613E-0002  0.000000E+0000  2.407195E-0002
  2.423046E-0002  2.325458E-0002  7.725708E-0003  1.957967E-0002  2.575927E-0002  2.214503E-0002  7.546139E-0003  2.324846E-0002  1.237966E-0002  2.407195E-0002  0.000000E+0000

  0.000000E+0000  3.224495E-0002  2.253701E-0002  1.423176E-0002  4.436771E-0002  2.614744E-0002  1.012402E-0002  2.225019E-0002  4.422440E-0002  2.365327E-0002  2.535607E-0002
  3.224495E-0002  0.000000E+0000  1.992104E-0002  2.744989E-0002  3.227033E-0002  3.169497E-0002  1.412521E-0002  2.519456E-0002  3.641328E-0002  3.629541E-0002  3.115968E-0002
  2.253701E-0002  1.992104E-0002  0.000000E+0000  9.011699E-0003  2.179969E-0002  1.899874E-0002  1.173370E-0002  1.928630E-0002  4.659047E-0003  7.596320E-0003  1.086529E-0002
  1.423176E-0002  2.744989E-0002  9.011699E-0003  0.000000E+0000  4.378400E-0002  3.927412E-0002  2.660172E-0002  4.200099E-0002  7.969541E-0002  3.318372E-0002  6.206833E-0002
  4.436771E-0002  3.227033E-0002  2.179969E-0002  4.378400E-0002  0.000000E+0000  5.022096E-0002  2.474880E-0002  3.958987E-0002  3.607882E-0002  4.780423E-0002  4.566431E-0002
  2.614744E-0002  3.169497E-0002  1.899874E-0002  3.927412E-0002  5.022096E-0002  0.000000E+0000  2.561983E-0002  3.912706E-0002  8.624575E-0002  4.038006E-0002  7.020178E-0002
  1.012402E-0002  1.412521E-0002  1.173370E-0002  2.660172E-0002  2.474880E-0002  2.561983E-0002  0.000000E+0000  2.006160E-0002  5.150312E-0002  3.066470E-0002  3.358926E-0002
  2.225019E-0002  2.519456E-0002  1.928630E-0002  4.200099E-0002  3.958987E-0002  3.912706E-0002  2.006160E-0002  0.000000E+0000  5.957917E-0002  3.548638E-0002  3.445277E-0002
  4.422440E-0002  3.641328E-0002  4.659047E-0003  7.969541E-0002  3.607882E-0002  8.624575E-0002  5.150312E-0002  5.957917E-0002  0.000000E+0000  5.480308E-0002  7.457671E-0002
  2.365327E-0002  3.629541E-0002  7.596320E-0003  3.318372E-0002  4.780423E-0002  4.038006E-0002  3.066470E-0002  3.548638E-0002  5.480308E-0002  0.000000E+0000  3.505560E-0002
  2.535607E-0002  3.115968E-0002  1.086529E-0002  6.206833E-0002  4.566431E-0002  7.020178E-0002  3.358926E-0002  3.445277E-0002  7.457671E-0002  3.505560E-0002  0.000000E+0000

  0.000000E+0000  7.594686E-0003  2.289340E-0003  4.070726E-0003  8.791085E-0003  8.835188E-0003  4.393485E-0003  8.925604E-0003  2.116223E-0002  1.340630E-0002  7.476086E-0003
  7.594686E-0003  0.000000E+0000  8.444061E-0004  2.119115E-0003  5.999745E-0003  7.088513E-0003  2.584594E-0003  5.774802E-0003  1.793359E-0002  1.042114E-0002  7.845682E-0003
  2.289340E-0003  8.444061E-0004  0.000000E+0000  3.010455E-0003  8.566364E-0004  1.904007E-0003  1.253583E-0003  1.249480E-0003  1.346793E-0003  1.031777E-0003  2.048892E-0003
  4.070726E-0003  2.119115E-0003  3.010455E-0003  0.000000E+0000  2.871091E-0003  8.752182E-0003  2.041804E-0003  1.314570E-0002  2.327512E-0002  5.643907E-0003  7.765413E-0003
  8.791085E-0003  5.999745E-0003  8.566364E-0004  2.871091E-0003  0.000000E+0000  7.679953E-0003  2.821476E-0003  5.818039E-0003  1.243226E-0002  1.131476E-0002  6.686353E-0003
  8.835188E-0003  7.088513E-0003  1.904007E-0003  8.752182E-0003  7.679953E-0003  0.000000E+0000  6.684368E-0003  1.137144E-0002  2.586740E-0002  8.963001E-0003  1.024422E-0002
  4.393485E-0003  2.584594E-0003  1.253583E-0003  2.041804E-0003  2.821476E-0003  6.684368E-0003  0.000000E+0000  6.298923E-0003  1.909862E-0002  9.710461E-0003  6.268035E-0003
  8.925604E-0003  5.774802E-0003  1.249480E-0003  1.314570E-0002  5.818039E-0003  1.137144E-0002  6.298923E-0003  0.000000E+0000  2.392079E-0002  9.069275E-0003  9.903705E-0003
  2.116223E-0002  1.793359E-0002  1.346793E-0003  2.327512E-0002  1.243226E-0002  2.586740E-0002  1.909862E-0002  2.392079E-0002  0.000000E+0000  2.084958E-0002  2.230780E-0002
  1.340630E-0002  1.042114E-0002  1.031777E-0003  5.643907E-0003  1.131476E-0002  8.963001E-0003  9.710461E-0003  9.069275E-0003  2.084958E-0002  0.000000E+0000  6.997306E-0003
  7.476086E-0003  7.845682E-0003  2.048892E-0003  7.765413E-0003  6.686353E-0003  1.024422E-0002  6.268035E-0003  9.903705E-0003  2.230780E-0002  6.997306E-0003  0.000000E+0000

  0.000000E+0000  9.240149E-0003  5.485572E-0003  2.878932E-0003  1.294945E-0002  2.436908E-0002  4.300316E-0003  1.277064E-0002  2.009630E-0002  2.478060E-0002  1.137506E-0002
  9.240149E-0003  0.000000E+0000  7.256546E-0003  6.139692E-0003  9.112835E-0003  2.082162E-0002  3.068125E-0003  1.171471E-0002  1.495994E-0002  2.059084E-0002  1.275698E-0002
  5.485572E-0003  7.256546E-0003  0.000000E+0000  2.096056E-0003  7.197588E-0003  4.477642E-0003  1.089235E-0003  5.957084E-0003  1.554958E-0003  4.476679E-0003  1.826254E-0003
  2.878932E-0003  6.139692E-0003  2.096056E-0003  0.000000E+0000  7.512976E-0003  9.897216E-0003  2.694567E-0003  8.764201E-0003  6.231661E-0003  8.632283E-0003  1.383739E-0002
  1.294945E-0002  9.112835E-0003  7.197588E-0003  7.512976E-0003  0.000000E+0000  1.680008E-0002  2.907128E-0003  9.159415E-0003  1.658809E-0002  1.650558E-0002  1.164110E-0002
  2.436908E-0002  2.082162E-0002  4.477642E-0003  9.897216E-0003  1.680008E-0002  0.000000E+0000  4.870989E-0003  1.546285E-0002  1.313630E-0002  2.288733E-0002  1.843926E-0002
  4.300316E-0003  3.068125E-0003  1.089235E-0003  2.694567E-0003  2.907128E-0003  4.870989E-0003  0.000000E+0000  3.852559E-0003  4.162268E-0003  4.730566E-0003  2.342061E-0003
  1.277064E-0002  1.171471E-0002  5.957084E-0003  8.764201E-0003  9.159415E-0003  1.546285E-0002  3.852559E-0003  0.000000E+0000  1.606772E-0002  1.499189E-0002  9.504399E-0003
  2.009630E-0002  1.495994E-0002  1.554958E-0003  6.231661E-0003  1.658809E-0002  1.313630E-0002  4.162268E-0003  1.606772E-0002  0.000000E+0000  4.130131E-0003  5.087152E-0003
  2.478060E-0002  2.059084E-0002  4.476679E-0003  8.632283E-0003  1.650558E-0002  2.288733E-0002  4.730566E-0003  1.499189E-0002  4.130131E-0003  0.000000E+0000  5.062656E-0003
  1.137506E-0002  1.275698E-0002  1.826254E-0003  1.383739E-0002  1.164110E-0002  1.843926E-0002  2.342061E-0003  9.504399E-0003  5.087152E-0003  5.062656E-0003  0.000000E+0000
