6661999 = Ignore first line (new format code)
File name: E:\Folders\PhD\ISAD\ISAD_Curry_data\ISAD_EEGs\eLORETA\EEGs_128Hz_200sec-window\Clinical_v_Healthy\T1_healthy_all\H62-ROIlinLagConn-crss.txt
1 = Number of time frames in Time X Frequency decomposition
3 = Number of EEG files
11 = Number Electrodes
25600 = Number of time frames in EEG files
32768 = Number of time frames in EEG files power of 2
7 = Number of matrices
5 = Band type (1=Classical1; 2=Classical2; 3=DiscreteFreqs; 4=AllDiscreteFreqs; 5=UserDefinedBands)
 1.280000E+0002 = Sampling rate Hz
-1.000000E+0002 = Freq1 Hz
-1.000000E+0002 = Freq2 Hz
 3.906250E-0003 = Frequency resolution Hz

  0.000000E+0000  1.655343E-0013  1.632028E-0014  6.556977E-0013  7.815970E-0013  8.462120E-0013  2.953193E-0014  2.151057E-0012  6.920020E-0013  6.542544E-0013  8.115730E-0014
  1.655343E-0013  0.000000E+0000  1.389999E-0013  2.525757E-0013  1.955103E-0013  2.674527E-0013  1.467715E-0013  2.312595E-0013  2.252643E-0013  2.413625E-0013  1.878497E-0013
  1.632028E-0014  1.389999E-0013  0.000000E+0000  1.311173E-0013  3.751444E-0013  1.757483E-0013  2.131628E-0014  8.354428E-0013  4.701795E-0013  2.765566E-0013  6.850076E-0014
  6.556977E-0013  2.525757E-0013  1.311173E-0013  0.000000E+0000  1.660005E-0012  7.787104E-0013  3.833600E-0013  3.384626E-0012  1.208811E-0012  1.584954E-0012  9.128254E-0013
  7.815970E-0013  1.955103E-0013  3.751444E-0013  1.660005E-0012  0.000000E+0000  1.852185E-0012  2.764455E-0013  2.683520E-0012  1.539768E-0012  1.694089E-0012  1.079359E-0012
  8.462120E-0013  2.674527E-0013  1.757483E-0013  7.787104E-0013  1.852185E-0012  0.000000E+0000  4.711787E-0013  3.552714E-0012  1.307288E-0012  1.797229E-0012  1.165956E-0012
  2.953193E-0014  1.467715E-0013  2.131628E-0014  3.833600E-0013  2.764455E-0013  4.711787E-0013  0.000000E+0000  7.558398E-0013  3.964606E-0013  3.201883E-0013  7.127632E-0014
  2.151057E-0012  2.312595E-0013  8.354428E-0013  3.384626E-0012  2.683520E-0012  3.552714E-0012  7.558398E-0013  0.000000E+0000  3.441358E-0012  3.578915E-0012  2.745137E-0012
  6.920020E-0013  2.252643E-0013  4.701795E-0013  1.208811E-0012  1.539768E-0012  1.307288E-0012  3.964606E-0013  3.441358E-0012  0.000000E+0000  1.483258E-0012  8.999468E-0013
  6.542544E-0013  2.413625E-0013  2.765566E-0013  1.584954E-0012  1.694089E-0012  1.797229E-0012  3.201883E-0013  3.578915E-0012  1.483258E-0012  0.000000E+0000  1.067924E-0012
  8.115730E-0014  1.878497E-0013  6.850076E-0014  9.128254E-0013  1.079359E-0012  1.165956E-0012  7.127632E-0014  2.745137E-0012  8.999468E-0013  1.067924E-0012  0.000000E+0000

  0.000000E+0000  8.504308E-0014  1.013634E-0013  2.075229E-0012  6.636913E-0013  4.930056E-0012  1.091349E-0013  1.028067E-0013  3.885781E-0013  9.631185E-0013  5.639933E-0013
  8.504308E-0014  0.000000E+0000  7.438494E-0014  1.347811E-0013  1.109113E-0013  2.281508E-0013  7.183143E-0014  8.260059E-0014  9.925394E-0014  1.072475E-0013  1.032507E-0013
  1.013634E-0013  7.438494E-0014  0.000000E+0000  4.030110E-0013  1.613154E-0013  1.011968E-0012  9.336976E-0014  3.441691E-0014  3.296252E-0013  4.736211E-0013  1.411093E-0013
  2.075229E-0012  1.347811E-0013  4.030110E-0013  0.000000E+0000  3.354095E-0012  5.468292E-0012  8.474332E-0013  2.212230E-0012  1.260991E-0012  4.446443E-0012  1.662226E-0012
  6.636913E-0013  1.109113E-0013  1.613154E-0013  3.354095E-0012  0.000000E+0000  6.821876E-0012  3.573808E-0013  7.347456E-0013  1.255884E-0012  1.790901E-0012  1.837641E-0012
  4.930056E-0012  2.281508E-0013  1.011968E-0012  5.468292E-0012  6.821876E-0012  0.000000E+0000  1.860845E-0012  5.105361E-0012  2.963851E-0012  8.836709E-0012  4.707790E-0012
  1.091349E-0013  7.183143E-0014  9.336976E-0014  8.474332E-0013  3.573808E-0013  1.860845E-0012  0.000000E+0000  1.068035E-0013  2.786660E-0013  3.903544E-0013  1.426637E-0013
  1.028067E-0013  8.260059E-0014  3.441691E-0014  2.212230E-0012  7.347456E-0013  5.105361E-0012  1.068035E-0013  0.000000E+0000  4.126699E-0013  8.396617E-0013  6.870060E-0013
  3.885781E-0013  9.925394E-0014  3.296252E-0013  1.260991E-0012  1.255884E-0012  2.963851E-0012  2.786660E-0013  4.126699E-0013  0.000000E+0000  2.209344E-0012  6.361578E-0013
  9.631185E-0013  1.072475E-0013  4.736211E-0013  4.446443E-0012  1.790901E-0012  8.836709E-0012  3.903544E-0013  8.396617E-0013  2.209344E-0012  0.000000E+0000  3.921308E-0012
  5.639933E-0013  1.032507E-0013  1.411093E-0013  1.662226E-0012  1.837641E-0012  4.707790E-0012  1.426637E-0013  6.870060E-0013  6.361578E-0013  3.921308E-0012  0.000000E+0000

  0.000000E+0000  8.456680E-0012  4.131251E-0012  1.190748E-0011  5.773493E-0012  6.123546E-0011  2.147527E-0011  4.719070E-0011  8.131273E-0011  1.240016E-0010  1.086091E-0010
  8.456680E-0012  0.000000E+0000  9.319989E-0012  1.168599E-0011  1.025235E-0011  2.312373E-0011  2.557732E-0012  1.659062E-0011  1.639333E-0011  2.367539E-0011  1.690148E-0011
  4.131251E-0012  9.319989E-0012  0.000000E+0000  6.327938E-0012  5.141554E-0012  3.182921E-0011  2.077138E-0011  9.271361E-0012  9.964807E-0012  2.127576E-0011  1.091571E-0011
  1.190748E-0011  1.168599E-0011  6.327938E-0012  0.000000E+0000  9.440337E-0012  5.256551E-0011  3.948808E-0011  2.691158E-0011  4.343259E-0011  9.148515E-0011  8.236978E-0011
  5.773493E-0012  1.025235E-0011  5.141554E-0012  9.440337E-0012  0.000000E+0000  5.796230E-0011  2.714251E-0011  3.875900E-0011  6.169010E-0011  1.081316E-0010  8.127377E-0011
  6.123546E-0011  2.312373E-0011  3.182921E-0011  5.256551E-0011  5.796230E-0011  0.000000E+0000  7.390344E-0011  6.186618E-0011  6.555811E-0011  1.113105E-0010  7.674372E-0011
  2.147527E-0011  2.557732E-0012  2.077138E-0011  3.948808E-0011  2.714251E-0011  7.390344E-0011  0.000000E+0000  6.981959E-0011  8.314616E-0011  1.246364E-0010  9.115064E-0011
  4.719070E-0011  1.659062E-0011  9.271361E-0012  2.691158E-0011  3.875900E-0011  6.186618E-0011  6.981959E-0011  0.000000E+0000  8.271650E-0011  1.254882E-0010  1.092424E-0010
  8.131273E-0011  1.639333E-0011  9.964807E-0012  4.343259E-0011  6.169010E-0011  6.555811E-0011  8.314616E-0011  8.271650E-0011  0.000000E+0000  8.886014E-0011  2.123733E-0010
  1.240016E-0010  2.367539E-0011  2.127576E-0011  9.148515E-0011  1.081316E-0010  1.113105E-0010  1.246364E-0010  1.254882E-0010  8.886014E-0011  0.000000E+0000  1.966987E-0010
  1.086091E-0010  1.690148E-0011  1.091571E-0011  8.236978E-0011  8.127377E-0011  7.674372E-0011  9.115064E-0011  1.092424E-0010  2.123733E-0010  1.966987E-0010  0.000000E+0000

  0.000000E+0000  2.333067E-0011  8.184564E-0012  2.673550E-0011  2.604605E-0011  4.662984E-0010  1.228029E-0011  5.304525E-0010  1.013702E-0010  1.667998E-0010  4.939993E-0011
  2.333067E-0011  0.000000E+0000  1.423373E-0011  3.076728E-0011  3.082201E-0011  6.762158E-0011  1.300171E-0011  1.937928E-0011  1.820122E-0011  4.340006E-0011  2.481737E-0011
  8.184564E-0012  1.423373E-0011  0.000000E+0000  1.768141E-0011  1.983946E-0011  1.582605E-0010  6.071366E-0012  1.425374E-0010  4.713929E-0011  5.557188E-0011  2.149181E-0011
  2.673550E-0011  3.076728E-0011  1.768141E-0011  0.000000E+0000  2.595946E-0011  5.035395E-0010  3.921330E-0011  5.717973E-0010  1.382222E-0010  1.839954E-0010  7.292278E-0011
  2.604605E-0011  3.082201E-0011  1.983946E-0011  2.595946E-0011  0.000000E+0000  3.683741E-0010  3.905398E-0011  5.851230E-0010  1.374467E-0010  1.059888E-0010  7.106271E-0011
  4.662984E-0010  6.762158E-0011  1.582605E-0010  5.035395E-0010  3.683741E-0010  0.000000E+0000  2.607166E-0010  1.225789E-0009  7.793840E-0010  4.546441E-0010  5.680602E-0010
  1.228029E-0011  1.300171E-0011  6.071366E-0012  3.921330E-0011  3.905398E-0011  2.607166E-0010  0.000000E+0000  1.560845E-0010  4.436396E-0011  1.071564E-0010  1.816047E-0011
  5.304525E-0010  1.937928E-0011  1.425374E-0010  5.717973E-0010  5.851230E-0010  1.225789E-0009  1.560845E-0010  0.000000E+0000  2.706741E-0010  8.908438E-0010  6.522615E-0010
  1.013702E-0010  1.820122E-0011  4.713929E-0011  1.382222E-0010  1.374467E-0010  7.793840E-0010  4.436396E-0011  2.706741E-0010  0.000000E+0000  4.240254E-0010  1.679428E-0010
  1.667998E-0010  4.340006E-0011  5.557188E-0011  1.839954E-0010  1.059888E-0010  4.546441E-0010  1.071564E-0010  8.908438E-0010  4.240254E-0010  0.000000E+0000  2.216791E-0010
  4.939993E-0011  2.481737E-0011  2.149181E-0011  7.292278E-0011  7.106271E-0011  5.680602E-0010  1.816047E-0011  6.522615E-0010  1.679428E-0010  2.216791E-0010  0.000000E+0000

  0.000000E+0000  4.146350E-0012  2.006173E-0013  2.550349E-0011  3.996914E-0012  1.401268E-0010  5.465850E-0012  1.878689E-0010  7.477130E-0012  1.381651E-0010  2.088107E-0012
  4.146350E-0012  0.000000E+0000  2.922218E-0012  3.375744E-0012  4.178990E-0012  3.469891E-0012  3.436251E-0012  2.698175E-0012  4.686140E-0012  1.129319E-0011  4.619638E-0012
  2.006173E-0013  2.922218E-0012  0.000000E+0000  6.213585E-0012  2.377987E-0012  4.623302E-0011  4.262146E-0012  3.178369E-0011  3.942513E-0012  2.661837E-0011  1.565192E-0012
  2.550349E-0011  3.375744E-0012  6.213585E-0012  0.000000E+0000  2.515654E-0011  1.234799E-0010  9.859114E-0012  1.710173E-0010  3.171752E-0011  1.201567E-0010  3.343348E-0011
  3.996914E-0012  4.178990E-0012  2.377987E-0012  2.515654E-0011  0.000000E+0000  1.357415E-0010  5.458412E-0012  1.750446E-0010  7.573053E-0012  1.314416E-0010  5.903167E-0012
  1.401268E-0010  3.469891E-0012  4.623302E-0011  1.234799E-0010  1.357415E-0010  0.000000E+0000  5.396639E-0011  5.982304E-0011  1.486641E-0010  2.233127E-0010  1.702212E-0010
  5.465850E-0012  3.436251E-0012  4.262146E-0012  9.859114E-0012  5.458412E-0012  5.396639E-0011  0.000000E+0000  4.525824E-0011  5.612955E-0012  4.086664E-0011  5.637490E-0012
  1.878689E-0010  2.698175E-0012  3.178369E-0011  1.710173E-0010  1.750446E-0010  5.982304E-0011  4.525824E-0011  0.000000E+0000  1.929755E-0010  2.565285E-0010  2.989877E-0010
  7.477130E-0012  4.686140E-0012  3.942513E-0012  3.171752E-0011  7.573053E-0012  1.486641E-0010  5.612955E-0012  1.929755E-0010  0.000000E+0000  1.464296E-0010  9.069856E-0012
  1.381651E-0010  1.129319E-0011  2.661837E-0011  1.201567E-0010  1.314416E-0010  2.233127E-0010  4.086664E-0011  2.565285E-0010  1.464296E-0010  0.000000E+0000  1.898319E-0010
  2.088107E-0012  4.619638E-0012  1.565192E-0012  3.343348E-0011  5.903167E-0012  1.702212E-0010  5.637490E-0012  2.989877E-0010  9.069856E-0012  1.898319E-0010  0.000000E+0000

  0.000000E+0000  9.551782E-0011  1.980116E-0011  1.918354E-0011  7.473617E-0010  2.675442E-0010  2.007317E-0011  1.271128E-0010  5.470424E-0011  1.849950E-0010  1.931488E-0011
  9.551782E-0011  0.000000E+0000  5.537260E-0011  9.479639E-0011  2.219577E-0010  1.480149E-0010  9.828338E-0011  1.302516E-0010  7.713175E-0011  1.403789E-0010  9.796897E-0011
  1.980116E-0011  5.537260E-0011  0.000000E+0000  2.967315E-0011  4.090689E-0010  1.457666E-0010  3.583522E-0011  9.858980E-0011  2.045775E-0011  1.257128E-0010  1.736500E-0011
  1.918354E-0011  9.479639E-0011  2.967315E-0011  0.000000E+0000  8.079427E-0010  3.118393E-0010  3.056255E-0011  1.460669E-0010  5.272471E-0011  2.107687E-0010  2.269662E-0011
  7.473617E-0010  2.219577E-0010  4.090689E-0010  8.079427E-0010  0.000000E+0000  1.023268E-0009  2.550102E-0010  1.063198E-0009  9.459953E-0010  8.024099E-0010  8.540310E-0010
  2.675442E-0010  1.480149E-0010  1.457666E-0010  3.118393E-0010  1.023268E-0009  0.000000E+0000  1.433971E-0010  5.596904E-0010  4.491908E-0010  4.329217E-0010  3.430188E-0010
  2.007317E-0011  9.828338E-0011  3.583522E-0011  3.056255E-0011  2.550102E-0010  1.433971E-0010  0.000000E+0000  9.150036E-0011  6.637624E-0011  3.943235E-0011  3.196698E-0011
  1.271128E-0010  1.302516E-0010  9.858980E-0011  1.460669E-0010  1.063198E-0009  5.596904E-0010  9.150036E-0011  0.000000E+0000  2.409331E-0010  3.936708E-0010  1.776648E-0010
  5.470424E-0011  7.713175E-0011  2.045775E-0011  5.272471E-0011  9.459953E-0010  4.491908E-0010  6.637624E-0011  2.409331E-0010  0.000000E+0000  3.191634E-0010  8.497092E-0011
  1.849950E-0010  1.403789E-0010  1.257128E-0010  2.107687E-0010  8.024099E-0010  4.329217E-0010  3.943235E-0011  3.936708E-0010  3.191634E-0010  0.000000E+0000  2.329485E-0010
  1.931488E-0011  9.796897E-0011  1.736500E-0011  2.269662E-0011  8.540310E-0010  3.430188E-0010  3.196698E-0011  1.776648E-0010  8.497092E-0011  2.329485E-0010  0.000000E+0000

  0.000000E+0000  8.534162E-0011  2.334577E-0011  5.578771E-0011  2.997146E-0010  2.787737E-0010  1.346632E-0009  9.910482E-0010  6.738909E-0011  1.178557E-0010  3.156685E-0009
  8.534162E-0011  0.000000E+0000  7.985779E-0011  9.471079E-0011  1.189528E-0010  1.232003E-0010  9.484480E-0011  1.049691E-0010  7.025902E-0011  9.919998E-0011  2.042885E-0010
  2.334577E-0011  7.985779E-0011  0.000000E+0000  6.465251E-0011  1.590118E-0010  1.479052E-0010  7.152634E-0010  4.688462E-0010  6.819079E-0011  7.834056E-0011  3.077728E-0010
  5.578771E-0011  9.471079E-0011  6.465251E-0011  0.000000E+0000  5.162681E-0010  3.094498E-0010  1.271381E-0009  9.228263E-0010  1.321107E-0010  1.806111E-0010  4.416119E-0009
  2.997146E-0010  1.189528E-0010  1.590118E-0010  5.162681E-0010  0.000000E+0000  6.393290E-0010  2.012991E-0009  1.716186E-0009  5.828995E-0010  6.377837E-0010  1.871550E-0009
  2.787737E-0010  1.232003E-0010  1.479052E-0010  3.094498E-0010  6.393290E-0010  0.000000E+0000  9.789165E-0010  6.451470E-0010  3.363926E-0010  3.716781E-0010  2.596874E-0009
  1.346632E-0009  9.484480E-0011  7.152634E-0010  1.271381E-0009  2.012991E-0009  9.789165E-0010  0.000000E+0000  1.655241E-0009  1.013088E-0009  1.691456E-0009  4.011782E-0009
  9.910482E-0010  1.049691E-0010  4.688462E-0010  9.228263E-0010  1.716186E-0009  6.451470E-0010  1.655241E-0009  0.000000E+0000  6.547871E-0010  1.365682E-0009  4.126410E-0009
  6.738909E-0011  7.025902E-0011  6.819079E-0011  1.321107E-0010  5.828995E-0010  3.363926E-0010  1.013088E-0009  6.547871E-0010  0.000000E+0000  2.614716E-0010  3.685326E-0009
  1.178557E-0010  9.919998E-0011  7.834056E-0011  1.806111E-0010  6.377837E-0010  3.716781E-0010  1.691456E-0009  1.365682E-0009  2.614716E-0010  0.000000E+0000  3.349736E-0009
  3.156685E-0009  2.042885E-0010  3.077728E-0010  4.416119E-0009  1.871550E-0009  2.596874E-0009  4.011782E-0009  4.126410E-0009  3.685326E-0009  3.349736E-0009  0.000000E+0000
