6661999 = Ignore first line (new format code)
File name: E:\Folders\PhD\ISAD\ISAD_Curry_data\ISAD_EEGs\eLORETA\EEGs_128Hz_200sec-window\Clinical_v_Healthy\T1_healthy_all\H65-ROIlinLagConn-crss.txt
1 = Number of time frames in Time X Frequency decomposition
2 = Number of EEG files
11 = Number Electrodes
25600 = Number of time frames in EEG files
32768 = Number of time frames in EEG files power of 2
7 = Number of matrices
5 = Band type (1=Classical1; 2=Classical2; 3=DiscreteFreqs; 4=AllDiscreteFreqs; 5=UserDefinedBands)
 1.280000E+0002 = Sampling rate Hz
-1.000000E+0002 = Freq1 Hz
-1.000000E+0002 = Freq2 Hz
 3.906250E-0003 = Frequency resolution Hz

  0.000000E+0000  3.493150E-0002  3.136134E-0002  3.994267E-0002  7.839329E-0002  4.178142E-0002  7.930911E-0003  5.863564E-0002  3.706194E-0002  4.849943E-0002  2.251205E-0002
  3.493150E-0002  0.000000E+0000  8.021101E-0002  7.984070E-0003  1.051375E-0001  3.934820E-0002  1.942163E-0002  1.028419E-0001  5.782742E-0002  3.432788E-0002  7.201015E-0002
  3.136134E-0002  8.021101E-0002  0.000000E+0000  3.410293E-0002  7.125575E-0002  4.188285E-0002  4.217178E-0002  7.347757E-0002  2.307221E-0002  1.511591E-0001  5.302953E-0002
  3.994267E-0002  7.984070E-0003  3.410293E-0002  0.000000E+0000  6.251897E-0002  6.235862E-0002  8.728791E-0002  3.406207E-0002  7.048134E-0002  9.136555E-0002  7.844178E-0002
  7.839329E-0002  1.051375E-0001  7.125575E-0002  6.251897E-0002  0.000000E+0000  1.459698E-0001  8.605688E-0003  1.026169E-0001  6.020429E-0002  1.620919E-0001  4.593145E-0002
  4.178142E-0002  3.934820E-0002  4.188285E-0002  6.235862E-0002  1.459698E-0001  0.000000E+0000  3.498477E-0002  1.117804E-0001  4.461115E-0002  1.057135E-0001  5.631590E-0002
  7.930911E-0003  1.942163E-0002  4.217178E-0002  8.728791E-0002  8.605688E-0003  3.498477E-0002  0.000000E+0000  2.694956E-0002  5.848907E-0002  5.905177E-0002  4.267829E-0002
  5.863564E-0002  1.028419E-0001  7.347757E-0002  3.406207E-0002  1.026169E-0001  1.117804E-0001  2.694956E-0002  0.000000E+0000  6.328851E-0002  1.274395E-0001  5.034534E-0002
  3.706194E-0002  5.782742E-0002  2.307221E-0002  7.048134E-0002  6.020429E-0002  4.461115E-0002  5.848907E-0002  6.328851E-0002  0.000000E+0000  1.536364E-0001  8.841416E-0002
  4.849943E-0002  3.432788E-0002  1.511591E-0001  9.136555E-0002  1.620919E-0001  1.057135E-0001  5.905177E-0002  1.274395E-0001  1.536364E-0001  0.000000E+0000  7.108290E-0002
  2.251205E-0002  7.201015E-0002  5.302953E-0002  7.844178E-0002  4.593145E-0002  5.631590E-0002  4.267829E-0002  5.034534E-0002  8.841416E-0002  7.108290E-0002  0.000000E+0000

  0.000000E+0000  1.700604E-0003  1.399340E-0003  1.407587E-0002  1.463600E-0003  1.870996E-0002  5.226161E-0003  1.630702E-0003  2.408180E-0003  7.894615E-0003  1.038405E-0002
  1.700604E-0003  0.000000E+0000  1.776512E-0003  5.447432E-0003  3.330062E-0003  1.048474E-0002  1.341777E-0003  3.062903E-0003  9.464153E-0004  6.519713E-0003  6.203291E-0003
  1.399340E-0003  1.776512E-0003  0.000000E+0000  9.768169E-0004  1.732646E-0003  2.132980E-0002  1.780472E-0004  1.990842E-0003  1.942782E-0003  6.189571E-0003  1.374934E-0003
  1.407587E-0002  5.447432E-0003  9.768169E-0004  0.000000E+0000  1.881442E-0002  1.179568E-0002  2.159722E-0002  1.908764E-0002  6.956436E-0003  1.892434E-0002  1.100752E-0002
  1.463600E-0003  3.330062E-0003  1.732646E-0003  1.881442E-0002  0.000000E+0000  1.844237E-0002  4.161009E-0003  3.845871E-0003  5.547233E-0004  9.714812E-0003  1.915634E-0002
  1.870996E-0002  1.048474E-0002  2.132980E-0002  1.179568E-0002  1.844237E-0002  0.000000E+0000  8.941568E-0003  1.164574E-0002  2.332924E-0002  6.641225E-0003  1.813213E-0002
  5.226161E-0003  1.341777E-0003  1.780472E-0004  2.159722E-0002  4.161009E-0003  8.941568E-0003  0.000000E+0000  5.896513E-0003  1.937551E-0003  1.147044E-0002  2.377852E-0002
  1.630702E-0003  3.062903E-0003  1.990842E-0003  1.908764E-0002  3.845871E-0003  1.164574E-0002  5.896513E-0003  0.000000E+0000  1.817553E-0003  9.404130E-0003  1.441105E-0002
  2.408180E-0003  9.464153E-0004  1.942782E-0003  6.956436E-0003  5.547233E-0004  2.332924E-0002  1.937551E-0003  1.817553E-0003  0.000000E+0000  5.337147E-0003  6.887309E-0003
  7.894615E-0003  6.519713E-0003  6.189571E-0003  1.892434E-0002  9.714812E-0003  6.641225E-0003  1.147044E-0002  9.404130E-0003  5.337147E-0003  0.000000E+0000  3.025380E-0002
  1.038405E-0002  6.203291E-0003  1.374934E-0003  1.100752E-0002  1.915634E-0002  1.813213E-0002  2.377852E-0002  1.441105E-0002  6.887309E-0003  3.025380E-0002  0.000000E+0000

  0.000000E+0000  1.818290E-0003  1.101334E-0003  9.732707E-0003  3.944184E-0003  8.938943E-0003  3.353839E-0003  2.335423E-0003  2.281692E-0003  5.434424E-0003  8.719604E-0003
  1.818290E-0003  0.000000E+0000  8.389692E-0004  3.409083E-0003  4.049270E-0003  2.610667E-0003  5.756172E-0003  5.889341E-0003  3.348403E-0003  3.393602E-0003  7.347654E-0003
  1.101334E-0003  8.389692E-0004  0.000000E+0000  8.655127E-0003  7.288044E-0004  6.642186E-0003  5.074870E-0003  5.867668E-0004  4.206923E-0004  4.539297E-0003  1.076274E-0002
  9.732707E-0003  3.409083E-0003  8.655127E-0003  0.000000E+0000  1.367499E-0002  1.264611E-0002  3.250532E-0002  1.419160E-0002  1.355922E-0002  1.517180E-0002  2.275867E-0002
  3.944184E-0003  4.049270E-0003  7.288044E-0004  1.367499E-0002  0.000000E+0000  1.431156E-0002  8.591826E-0003  4.164927E-0003  5.471835E-0003  7.429035E-0003  1.663433E-0002
  8.938943E-0003  2.610667E-0003  6.642186E-0003  1.264611E-0002  1.431156E-0002  0.000000E+0000  2.937976E-0002  1.206257E-0002  1.793722E-0002  1.191085E-0002  1.504674E-0002
  3.353839E-0003  5.756172E-0003  5.074870E-0003  3.250532E-0002  8.591826E-0003  2.937976E-0002  0.000000E+0000  7.435305E-0003  1.044206E-0002  2.968044E-0002  2.289357E-0002
  2.335423E-0003  5.889341E-0003  5.867668E-0004  1.419160E-0002  4.164927E-0003  1.206257E-0002  7.435305E-0003  0.000000E+0000  4.001004E-0003  7.245937E-0003  1.280315E-0002
  2.281692E-0003  3.348403E-0003  4.206923E-0004  1.355922E-0002  5.471835E-0003  1.793722E-0002  1.044206E-0002  4.001004E-0003  0.000000E+0000  1.280876E-0002  1.863221E-0002
  5.434424E-0003  3.393602E-0003  4.539297E-0003  1.517180E-0002  7.429035E-0003  1.191085E-0002  2.968044E-0002  7.245937E-0003  1.280876E-0002  0.000000E+0000  1.889185E-0002
  8.719604E-0003  7.347654E-0003  1.076274E-0002  2.275867E-0002  1.663433E-0002  1.504674E-0002  2.289357E-0002  1.280315E-0002  1.863221E-0002  1.889185E-0002  0.000000E+0000

  0.000000E+0000  4.503121E-0003  5.030044E-0003  2.151756E-0003  1.172816E-0002  1.038914E-0002  6.515190E-0003  7.982181E-0003  4.653942E-0003  9.809241E-0003  7.338137E-0003
  4.503121E-0003  0.000000E+0000  1.204087E-0003  3.000397E-0003  1.074486E-0002  7.473972E-0003  2.294089E-0003  5.657757E-0003  4.883411E-0003  7.754093E-0003  9.617462E-0003
  5.030044E-0003  1.204087E-0003  0.000000E+0000  8.767511E-0004  9.457189E-0003  8.275755E-0003  6.345951E-0003  8.101726E-0003  4.061170E-0003  5.867775E-0003  6.573926E-0003
  2.151756E-0003  3.000397E-0003  8.767511E-0004  0.000000E+0000  8.413745E-0003  2.951154E-0003  2.941112E-0003  5.825197E-0003  1.008352E-0003  3.317209E-0003  2.689935E-0003
  1.172816E-0002  1.074486E-0002  9.457189E-0003  8.413745E-0003  0.000000E+0000  1.718152E-0002  6.788624E-0003  2.074509E-0002  1.316701E-0002  1.855387E-0002  1.467865E-0002
  1.038914E-0002  7.473972E-0003  8.275755E-0003  2.951154E-0003  1.718152E-0002  0.000000E+0000  8.887898E-0003  1.761959E-0002  6.064190E-0003  1.362650E-0002  8.307147E-0003
  6.515190E-0003  2.294089E-0003  6.345951E-0003  2.941112E-0003  6.788624E-0003  8.887898E-0003  0.000000E+0000  1.136669E-0002  8.088307E-0003  1.158111E-0002  9.835773E-0004
  7.982181E-0003  5.657757E-0003  8.101726E-0003  5.825197E-0003  2.074509E-0002  1.761959E-0002  1.136669E-0002  0.000000E+0000  7.116701E-0003  1.554342E-0002  9.675143E-0003
  4.653942E-0003  4.883411E-0003  4.061170E-0003  1.008352E-0003  1.316701E-0002  6.064190E-0003  8.088307E-0003  7.116701E-0003  0.000000E+0000  6.155352E-0003  3.762171E-0003
  9.809241E-0003  7.754093E-0003  5.867775E-0003  3.317209E-0003  1.855387E-0002  1.362650E-0002  1.158111E-0002  1.554342E-0002  6.155352E-0003  0.000000E+0000  5.665705E-0003
  7.338137E-0003  9.617462E-0003  6.573926E-0003  2.689935E-0003  1.467865E-0002  8.307147E-0003  9.835773E-0004  9.675143E-0003  3.762171E-0003  5.665705E-0003  0.000000E+0000

  0.000000E+0000  1.905299E-0002  1.153078E-0002  2.331195E-0002  2.618641E-0002  2.422005E-0002  1.820989E-0002  2.781787E-0002  1.873030E-0002  2.625624E-0002  3.166653E-0002
  1.905299E-0002  0.000000E+0000  5.524968E-0003  2.995448E-0002  3.308106E-0002  3.349353E-0002  2.710733E-0002  3.002812E-0002  2.491798E-0002  3.323931E-0002  3.121946E-0002
  1.153078E-0002  5.524968E-0003  0.000000E+0000  1.379026E-0002  2.771071E-0002  2.495049E-0002  1.673943E-0002  2.529639E-0002  1.981533E-0002  1.870774E-0002  1.775021E-0002
  2.331195E-0002  2.995448E-0002  1.379026E-0002  0.000000E+0000  7.058677E-0002  8.662386E-0002  2.052045E-0002  7.674919E-0002  4.460957E-0002  6.926828E-0002  5.033564E-0002
  2.618641E-0002  3.308106E-0002  2.771071E-0002  7.058677E-0002  0.000000E+0000  7.899819E-0002  6.193968E-0002  7.260913E-0002  6.784257E-0002  8.363781E-0002  7.539477E-0002
  2.422005E-0002  3.349353E-0002  2.495049E-0002  8.662386E-0002  7.899819E-0002  0.000000E+0000  6.040717E-0002  5.345938E-0002  4.502436E-0003  9.224857E-0002  8.067933E-0002
  1.820989E-0002  2.710733E-0002  1.673943E-0002  2.052045E-0002  6.193968E-0002  6.040717E-0002  0.000000E+0000  6.683191E-0002  3.249665E-0002  5.211571E-0002  5.161168E-0002
  2.781787E-0002  3.002812E-0002  2.529639E-0002  7.674919E-0002  7.260913E-0002  5.345938E-0002  6.683191E-0002  0.000000E+0000  4.037547E-0002  8.723121E-0002  7.869291E-0002
  1.873030E-0002  2.491798E-0002  1.981533E-0002  4.460957E-0002  6.784257E-0002  4.502436E-0003  3.249665E-0002  4.037547E-0002  0.000000E+0000  6.861760E-0002  6.396641E-0002
  2.625624E-0002  3.323931E-0002  1.870774E-0002  6.926828E-0002  8.363781E-0002  9.224857E-0002  5.211571E-0002  8.723121E-0002  6.861760E-0002  0.000000E+0000  6.613130E-0002
  3.166653E-0002  3.121946E-0002  1.775021E-0002  5.033564E-0002  7.539477E-0002  8.067933E-0002  5.161168E-0002  7.869291E-0002  6.396641E-0002  6.613130E-0002  0.000000E+0000

  0.000000E+0000  2.022644E-0003  1.471084E-0004  6.902944E-0004  1.468292E-0003  1.685211E-0003  1.407752E-0003  1.582090E-0003  6.710063E-0004  1.069139E-0003  1.702783E-0003
  2.022644E-0003  0.000000E+0000  1.475471E-0003  4.653606E-0004  1.272371E-0003  1.002193E-0003  1.613772E-0003  2.289629E-0003  7.408389E-0004  1.276857E-0003  1.258805E-0003
  1.471084E-0004  1.475471E-0003  0.000000E+0000  3.692681E-0004  1.278183E-0003  2.099584E-0003  8.280263E-0004  1.244624E-0003  6.116483E-0004  8.805981E-0004  1.893147E-0003
  6.902944E-0004  4.653606E-0004  3.692681E-0004  0.000000E+0000  1.223916E-0003  1.064636E-0003  1.527143E-0003  8.482164E-0004  1.670155E-0003  1.448878E-0003  2.164317E-0003
  1.468292E-0003  1.272371E-0003  1.278183E-0003  1.223916E-0003  0.000000E+0000  8.636177E-0004  2.438550E-0003  1.276515E-0003  1.200904E-0003  1.854034E-0003  4.311697E-0003
  1.685211E-0003  1.002193E-0003  2.099584E-0003  1.064636E-0003  8.636177E-0004  0.000000E+0000  3.743053E-0003  2.752837E-0003  1.653237E-0003  8.536198E-0004  2.423123E-0003
  1.407752E-0003  1.613772E-0003  8.280263E-0004  1.527143E-0003  2.438550E-0003  3.743053E-0003  0.000000E+0000  3.088692E-0003  5.421598E-0003  3.899839E-0003  2.576962E-0003
  1.582090E-0003  2.289629E-0003  1.244624E-0003  8.482164E-0004  1.276515E-0003  2.752837E-0003  3.088692E-0003  0.000000E+0000  2.380908E-0003  2.644849E-0003  2.137505E-0003
  6.710063E-0004  7.408389E-0004  6.116483E-0004  1.670155E-0003  1.200904E-0003  1.653237E-0003  5.421598E-0003  2.380908E-0003  0.000000E+0000  2.591084E-0003  1.222800E-0003
  1.069139E-0003  1.276857E-0003  8.805981E-0004  1.448878E-0003  1.854034E-0003  8.536198E-0004  3.899839E-0003  2.644849E-0003  2.591084E-0003  0.000000E+0000  3.878875E-0003
  1.702783E-0003  1.258805E-0003  1.893147E-0003  2.164317E-0003  4.311697E-0003  2.423123E-0003  2.576962E-0003  2.137505E-0003  1.222800E-0003  3.878875E-0003  0.000000E+0000

  0.000000E+0000  7.071269E-0003  7.784932E-0004  6.087124E-0004  4.858985E-0003  8.115181E-0003  2.827532E-0003  4.669279E-0003  3.047479E-0003  1.017294E-0002  6.073585E-0003
  7.071269E-0003  0.000000E+0000  3.464004E-0003  2.347288E-0003  4.602638E-0003  5.309848E-0003  4.902864E-0003  7.006055E-0003  4.012564E-0003  4.038192E-0003  6.793325E-0003
  7.784932E-0004  3.464004E-0003  0.000000E+0000  1.337961E-0003  5.248752E-0004  2.704005E-0003  4.719445E-0004  3.131418E-0003  1.693650E-0003  2.248639E-0003  1.209303E-0003
  6.087124E-0004  2.347288E-0003  1.337961E-0003  0.000000E+0000  2.272473E-0003  7.404492E-0003  6.638994E-0004  1.717627E-0003  8.431653E-0004  5.587384E-0003  2.251385E-0003
  4.858985E-0003  4.602638E-0003  5.248752E-0004  2.272473E-0003  0.000000E+0000  1.591958E-0002  3.379500E-0003  5.597646E-0003  5.756965E-0003  1.514817E-0002  1.873045E-0002
  8.115181E-0003  5.309848E-0003  2.704005E-0003  7.404492E-0003  1.591958E-0002  0.000000E+0000  1.792876E-0003  8.644812E-0003  2.347904E-0003  1.186280E-0002  1.152024E-0002
  2.827532E-0003  4.902864E-0003  4.719445E-0004  6.638994E-0004  3.379500E-0003  1.792876E-0003  0.000000E+0000  5.878519E-0003  1.300007E-0003  4.182445E-0003  1.418666E-0003
  4.669279E-0003  7.006055E-0003  3.131418E-0003  1.717627E-0003  5.597646E-0003  8.644812E-0003  5.878519E-0003  0.000000E+0000  5.346187E-0003  1.021435E-0002  1.313942E-0002
  3.047479E-0003  4.012564E-0003  1.693650E-0003  8.431653E-0004  5.756965E-0003  2.347904E-0003  1.300007E-0003  5.346187E-0003  0.000000E+0000  4.152581E-0003  3.621149E-0003
  1.017294E-0002  4.038192E-0003  2.248639E-0003  5.587384E-0003  1.514817E-0002  1.186280E-0002  4.182445E-0003  1.021435E-0002  4.152581E-0003  0.000000E+0000  1.560150E-0002
  6.073585E-0003  6.793325E-0003  1.209303E-0003  2.251385E-0003  1.873045E-0002  1.152024E-0002  1.418666E-0003  1.313942E-0002  3.621149E-0003  1.560150E-0002  0.000000E+0000
