6661999 = Ignore first line (new format code)
File name: E:\Folders\PhD\ISAD\ISAD_Curry_data\ISAD_EEGs\eLORETA\EEGs_128Hz_200sec-window\Clinical_v_Healthy\T1_healthy_all\H67-ROIlinLagConn-crss.txt
1 = Number of time frames in Time X Frequency decomposition
3 = Number of EEG files
11 = Number Electrodes
25600 = Number of time frames in EEG files
32768 = Number of time frames in EEG files power of 2
7 = Number of matrices
5 = Band type (1=Classical1; 2=Classical2; 3=DiscreteFreqs; 4=AllDiscreteFreqs; 5=UserDefinedBands)
 1.280000E+0002 = Sampling rate Hz
-1.000000E+0002 = Freq1 Hz
-1.000000E+0002 = Freq2 Hz
 3.906250E-0003 = Frequency resolution Hz

  0.000000E+0000  1.377451E-0002  3.004487E-0002  2.220546E-0002  2.092310E-0002  6.312443E-0002  3.580140E-0002  4.068943E-0002  2.653034E-0002  5.260605E-0002  5.673180E-0002
  1.377451E-0002  0.000000E+0000  9.430409E-0003  1.964865E-0002  5.476046E-0003  2.518355E-0002  9.352868E-0003  2.009342E-0002  1.955740E-0002  2.419063E-0002  2.148398E-0002
  3.004487E-0002  9.430409E-0003  0.000000E+0000  1.834673E-0002  1.001512E-0002  6.867047E-0002  1.611190E-0002  5.854706E-0002  2.408927E-0002  7.048982E-0002  3.746649E-0002
  2.220546E-0002  1.964865E-0002  1.834673E-0002  0.000000E+0000  3.064964E-0002  8.688958E-0002  1.498705E-0002  3.233723E-0002  5.470692E-0002  7.920972E-0002  3.135957E-0002
  2.092310E-0002  5.476046E-0003  1.001512E-0002  3.064964E-0002  0.000000E+0000  4.032802E-0002  1.150502E-0002  3.836867E-0002  1.920302E-0002  4.298051E-0002  2.121539E-0002
  6.312443E-0002  2.518355E-0002  6.867047E-0002  8.688958E-0002  4.032802E-0002  0.000000E+0000  5.921302E-0002  8.435971E-0002  7.461579E-0002  1.073425E-0001  6.470414E-0002
  3.580140E-0002  9.352868E-0003  1.611190E-0002  1.498705E-0002  1.150502E-0002  5.921302E-0002  0.000000E+0000  4.329743E-0002  1.572213E-0002  4.462086E-0002  2.244536E-0002
  4.068943E-0002  2.009342E-0002  5.854706E-0002  3.233723E-0002  3.836867E-0002  8.435971E-0002  4.329743E-0002  0.000000E+0000  4.956554E-0002  6.754295E-0002  6.452130E-0002
  2.653034E-0002  1.955740E-0002  2.408927E-0002  5.470692E-0002  1.920302E-0002  7.461579E-0002  1.572213E-0002  4.956554E-0002  0.000000E+0000  6.756527E-0002  5.516742E-0002
  5.260605E-0002  2.419063E-0002  7.048982E-0002  7.920972E-0002  4.298051E-0002  1.073425E-0001  4.462086E-0002  6.754295E-0002  6.756527E-0002  0.000000E+0000  5.311786E-0002
  5.673180E-0002  2.148398E-0002  3.746649E-0002  3.135957E-0002  2.121539E-0002  6.470414E-0002  2.244536E-0002  6.452130E-0002  5.516742E-0002  5.311786E-0002  0.000000E+0000

  0.000000E+0000  1.125493E-0004  1.046642E-0004  7.031595E-0003  1.063521E-0003  3.450785E-0003  8.019070E-0003  1.494287E-0003  7.318779E-0004  7.342506E-0003  1.718333E-0003
  1.125493E-0004  0.000000E+0000  4.475570E-0005  1.675262E-0003  1.576301E-0004  1.915460E-0003  2.723205E-0003  2.009101E-0004  5.282291E-0004  2.175941E-0003  1.416570E-0003
  1.046642E-0004  4.475570E-0005  0.000000E+0000  8.754167E-0004  5.210228E-0004  5.992293E-0003  9.544195E-0003  8.782328E-0004  1.188777E-0003  2.139260E-0003  5.054825E-0003
  7.031595E-0003  1.675262E-0003  8.754167E-0004  0.000000E+0000  9.625017E-0004  5.513505E-0003  1.509734E-0002  5.604372E-0003  7.537688E-0003  2.625255E-0003  2.171576E-0002
  1.063521E-0003  1.576301E-0004  5.210228E-0004  9.625017E-0004  0.000000E+0000  5.373612E-0003  7.843358E-0003  5.193026E-0004  2.037347E-0003  2.405623E-0003  5.981723E-0003
  3.450785E-0003  1.915460E-0003  5.992293E-0003  5.513505E-0003  5.373612E-0003  0.000000E+0000  1.548010E-0002  5.945415E-0003  3.928366E-0003  3.446344E-0003  1.504990E-0003
  8.019070E-0003  2.723205E-0003  9.544195E-0003  1.509734E-0002  7.843358E-0003  1.548010E-0002  0.000000E+0000  7.434293E-0003  3.514811E-0003  1.098822E-0002  1.153851E-0002
  1.494287E-0003  2.009101E-0004  8.782328E-0004  5.604372E-0003  5.193026E-0004  5.945415E-0003  7.434293E-0003  0.000000E+0000  1.072626E-0003  6.668663E-0003  3.797284E-0003
  7.318779E-0004  5.282291E-0004  1.188777E-0003  7.537688E-0003  2.037347E-0003  3.928366E-0003  3.514811E-0003  1.072626E-0003  0.000000E+0000  5.375900E-0003  4.726490E-0003
  7.342506E-0003  2.175941E-0003  2.139260E-0003  2.625255E-0003  2.405623E-0003  3.446344E-0003  1.098822E-0002  6.668663E-0003  5.375900E-0003  0.000000E+0000  1.337405E-0002
  1.718333E-0003  1.416570E-0003  5.054825E-0003  2.171576E-0002  5.981723E-0003  1.504990E-0003  1.153851E-0002  3.797284E-0003  4.726490E-0003  1.337405E-0002  0.000000E+0000

  0.000000E+0000  1.109209E-0003  4.260475E-0003  8.658259E-0004  2.339891E-0003  1.034065E-0002  3.752763E-0003  1.763282E-0003  2.093062E-0003  3.616730E-0003  1.147635E-0002
  1.109209E-0003  0.000000E+0000  9.078412E-0004  9.440264E-0004  6.789473E-0004  2.711909E-0003  1.242299E-0003  1.138479E-0003  9.544223E-0004  1.239429E-0003  3.756313E-0003
  4.260475E-0003  9.078412E-0004  0.000000E+0000  3.346518E-0003  5.697138E-0004  2.786401E-0003  1.197554E-0003  5.014006E-0003  4.994911E-0003  1.228944E-0003  6.564759E-0003
  8.658259E-0004  9.440264E-0004  3.346518E-0003  0.000000E+0000  2.005926E-0003  2.677761E-0002  1.872278E-0002  8.707026E-0004  1.807464E-0003  6.697495E-0003  2.645452E-0002
  2.339891E-0003  6.789473E-0004  5.697138E-0004  2.005926E-0003  0.000000E+0000  2.814791E-0003  1.403597E-0003  2.794513E-0003  2.577042E-0003  1.258174E-0003  5.806591E-0003
  1.034065E-0002  2.711909E-0003  2.786401E-0003  2.677761E-0002  2.814791E-0003  0.000000E+0000  4.278366E-0003  3.193651E-0003  8.205263E-0003  2.626836E-0002  1.182390E-0002
  3.752763E-0003  1.242299E-0003  1.197554E-0003  1.872278E-0002  1.403597E-0003  4.278366E-0003  0.000000E+0000  2.086483E-0003  5.194121E-0003  1.756212E-0002  1.574364E-0002
  1.763282E-0003  1.138479E-0003  5.014006E-0003  8.707026E-0004  2.794513E-0003  3.193651E-0003  2.086483E-0003  0.000000E+0000  2.976016E-0003  3.455692E-0003  3.858275E-0003
  2.093062E-0003  9.544223E-0004  4.994911E-0003  1.807464E-0003  2.577042E-0003  8.205263E-0003  5.194121E-0003  2.976016E-0003  0.000000E+0000  4.989902E-0003  1.116348E-0002
  3.616730E-0003  1.239429E-0003  1.228944E-0003  6.697495E-0003  1.258174E-0003  2.626836E-0002  1.756212E-0002  3.455692E-0003  4.989902E-0003  0.000000E+0000  2.995321E-0002
  1.147635E-0002  3.756313E-0003  6.564759E-0003  2.645452E-0002  5.806591E-0003  1.182390E-0002  1.574364E-0002  3.858275E-0003  1.116348E-0002  2.995321E-0002  0.000000E+0000

  0.000000E+0000  3.386744E-0004  3.276126E-0004  3.779268E-0004  3.160939E-0004  1.498202E-0003  5.295040E-0004  6.494809E-0004  5.566676E-0004  1.435174E-0003  3.942748E-0004
  3.386744E-0004  0.000000E+0000  7.888931E-0005  3.796000E-0004  1.730709E-0004  2.715685E-0004  4.999481E-0004  2.893554E-0004  5.256688E-0004  4.421909E-0004  5.641166E-0004
  3.276126E-0004  7.888931E-0005  0.000000E+0000  9.319539E-0005  2.236754E-0005  1.851173E-0004  2.764073E-0004  2.490333E-0004  2.552351E-0004  1.386400E-0004  2.371311E-0004
  3.779268E-0004  3.796000E-0004  9.319539E-0005  0.000000E+0000  1.373542E-0004  2.984623E-0003  1.811047E-0003  3.246995E-0004  3.436184E-0004  2.862104E-0003  8.920874E-0004
  3.160939E-0004  1.730709E-0004  2.236754E-0005  1.373542E-0004  0.000000E+0000  6.783627E-0004  5.799662E-0004  2.742147E-0004  3.121042E-0004  6.816178E-0004  3.238880E-0004
  1.498202E-0003  2.715685E-0004  1.851173E-0004  2.984623E-0003  6.783627E-0004  0.000000E+0000  2.517740E-0003  1.258851E-0003  1.925121E-0003  3.584117E-0003  3.299181E-0003
  5.295040E-0004  4.999481E-0004  2.764073E-0004  1.811047E-0003  5.799662E-0004  2.517740E-0003  0.000000E+0000  5.728026E-0004  1.235579E-0003  3.246822E-0003  2.047912E-0003
  6.494809E-0004  2.893554E-0004  2.490333E-0004  3.246995E-0004  2.742147E-0004  1.258851E-0003  5.728026E-0004  0.000000E+0000  6.880108E-0004  1.159831E-0003  5.307820E-0004
  5.566676E-0004  5.256688E-0004  2.552351E-0004  3.436184E-0004  3.121042E-0004  1.925121E-0003  1.235579E-0003  6.880108E-0004  0.000000E+0000  1.970884E-0003  6.366323E-0004
  1.435174E-0003  4.421909E-0004  1.386400E-0004  2.862104E-0003  6.816178E-0004  3.584117E-0003  3.246822E-0003  1.159831E-0003  1.970884E-0003  0.000000E+0000  3.149917E-0003
  3.942748E-0004  5.641166E-0004  2.371311E-0004  8.920874E-0004  3.238880E-0004  3.299181E-0003  2.047912E-0003  5.307820E-0004  6.366323E-0004  3.149917E-0003  0.000000E+0000

  0.000000E+0000  1.002642E-0003  4.775747E-0004  2.512313E-0002  6.674576E-0003  1.663158E-0002  2.051623E-0002  7.529716E-0003  1.370164E-0003  2.646976E-0002  5.868142E-0003
  1.002642E-0003  0.000000E+0000  4.119823E-0005  1.313536E-0003  6.441844E-0004  2.023737E-0003  5.879596E-0003  4.439725E-0004  1.110488E-0003  1.273829E-0003  1.674044E-0003
  4.775747E-0004  4.119823E-0005  0.000000E+0000  6.422310E-0004  2.496899E-0004  1.615277E-0003  1.823852E-0003  3.018551E-0004  5.044646E-0004  7.803921E-0004  1.300139E-0003
  2.512313E-0002  1.313536E-0003  6.422310E-0004  0.000000E+0000  1.380271E-0003  5.245494E-0002  3.522482E-0002  1.027207E-0002  2.271210E-0002  4.820778E-0002  5.013084E-0002
  6.674576E-0003  6.441844E-0004  2.496899E-0004  1.380271E-0003  0.000000E+0000  7.621162E-0003  7.346315E-0003  3.954598E-0003  5.741119E-0003  7.276104E-0003  9.080885E-0003
  1.663158E-0002  2.023737E-0003  1.615277E-0003  5.245494E-0002  7.621162E-0003  0.000000E+0000  4.040111E-0002  8.978775E-0003  1.871988E-0002  4.875742E-0002  2.777008E-0002
  2.051623E-0002  5.879596E-0003  1.823852E-0003  3.522482E-0002  7.346315E-0003  4.040111E-0002  0.000000E+0000  1.639752E-0002  2.502739E-0002  4.036449E-0002  3.614503E-0002
  7.529716E-0003  4.439725E-0004  3.018551E-0004  1.027207E-0002  3.954598E-0003  8.978775E-0003  1.639752E-0002  0.000000E+0000  5.056618E-0003  1.262882E-0002  8.019497E-0003
  1.370164E-0003  1.110488E-0003  5.044646E-0004  2.271210E-0002  5.741119E-0003  1.871988E-0002  2.502739E-0002  5.056618E-0003  0.000000E+0000  2.579314E-0002  8.203343E-0003
  2.646976E-0002  1.273829E-0003  7.803921E-0004  4.820778E-0002  7.276104E-0003  4.875742E-0002  4.036449E-0002  1.262882E-0002  2.579314E-0002  0.000000E+0000  5.205544E-0002
  5.868142E-0003  1.674044E-0003  1.300139E-0003  5.013084E-0002  9.080885E-0003  2.777008E-0002  3.614503E-0002  8.019497E-0003  8.203343E-0003  5.205544E-0002  0.000000E+0000

  0.000000E+0000  5.047240E-0005  1.034000E-0004  1.424115E-0004  3.867151E-0005  4.688317E-0004  2.719162E-0004  2.263933E-0004  1.850120E-0004  4.834058E-0004  2.810593E-0004
  5.047240E-0005  0.000000E+0000  3.115088E-0005  2.971279E-0005  2.907189E-0005  6.851519E-0005  8.199578E-0005  6.858771E-0005  6.800163E-0005  4.504227E-0005  8.973115E-0005
  1.034000E-0004  3.115088E-0005  0.000000E+0000  2.982169E-0004  8.724561E-0005  2.626784E-0004  2.148794E-0004  9.100114E-0005  1.458242E-0004  2.842092E-0004  3.072312E-0004
  1.424115E-0004  2.971279E-0005  2.982169E-0004  0.000000E+0000  1.570609E-0004  4.075604E-0004  4.605649E-0004  1.913357E-0004  3.812423E-0004  2.782377E-0004  5.109921E-0004
  3.867151E-0005  2.907189E-0005  8.724561E-0005  1.570609E-0004  0.000000E+0000  2.239760E-0004  1.831584E-0004  4.326020E-0005  1.544611E-0004  2.241782E-0004  1.608803E-0004
  4.688317E-0004  6.851519E-0005  2.626784E-0004  4.075604E-0004  2.239760E-0004  0.000000E+0000  9.904639E-0004  6.506246E-0004  4.997657E-0004  8.840662E-0004  1.261698E-0003
  2.719162E-0004  8.199578E-0005  2.148794E-0004  4.605649E-0004  1.831584E-0004  9.904639E-0004  0.000000E+0000  5.028307E-0004  3.042088E-0004  1.043789E-0003  8.301688E-0004
  2.263933E-0004  6.858771E-0005  9.100114E-0005  1.913357E-0004  4.326020E-0005  6.506246E-0004  5.028307E-0004  0.000000E+0000  2.562954E-0004  6.406358E-0004  4.270981E-0004
  1.850120E-0004  6.800163E-0005  1.458242E-0004  3.812423E-0004  1.544611E-0004  4.997657E-0004  3.042088E-0004  2.562954E-0004  0.000000E+0000  4.005149E-0004  6.636861E-0004
  4.834058E-0004  4.504227E-0005  2.842092E-0004  2.782377E-0004  2.241782E-0004  8.840662E-0004  1.043789E-0003  6.406358E-0004  4.005149E-0004  0.000000E+0000  1.264415E-0003
  2.810593E-0004  8.973115E-0005  3.072312E-0004  5.109921E-0004  1.608803E-0004  1.261698E-0003  8.301688E-0004  4.270981E-0004  6.636861E-0004  1.264415E-0003  0.000000E+0000

  0.000000E+0000  6.271945E-0004  8.780002E-0004  1.281007E-0003  7.379169E-0004  2.747473E-0003  2.930398E-0003  1.883508E-0003  1.496206E-0003  2.176427E-0003  6.912299E-0004
  6.271945E-0004  0.000000E+0000  1.924381E-0004  4.288619E-0004  2.405477E-0004  7.841045E-0004  9.504511E-0004  6.138734E-0004  5.165298E-0004  5.842232E-0004  5.459877E-0004
  8.780002E-0004  1.924381E-0004  0.000000E+0000  3.988171E-0004  1.691231E-0004  8.623257E-0004  7.556048E-0004  1.222669E-0003  6.579854E-0004  5.577069E-0004  3.240451E-0004
  1.281007E-0003  4.288619E-0004  3.988171E-0004  0.000000E+0000  2.926262E-0004  1.449555E-0003  1.068434E-0003  1.200954E-0003  1.326169E-0003  4.321443E-0004  9.310570E-0004
  7.379169E-0004  2.405477E-0004  1.691231E-0004  2.926262E-0004  0.000000E+0000  4.295762E-0004  7.193994E-0004  6.874710E-0004  8.333355E-0004  3.650514E-0004  3.817318E-0004
  2.747473E-0003  7.841045E-0004  8.623257E-0004  1.449555E-0003  4.295762E-0004  0.000000E+0000  2.365869E-0003  2.486823E-0003  1.985984E-0003  2.008023E-0003  2.672567E-0003
  2.930398E-0003  9.504511E-0004  7.556048E-0004  1.068434E-0003  7.193994E-0004  2.365869E-0003  0.000000E+0000  3.066816E-0003  3.070349E-0003  2.165027E-0003  2.056223E-0003
  1.883508E-0003  6.138734E-0004  1.222669E-0003  1.200954E-0003  6.874710E-0004  2.486823E-0003  3.066816E-0003  0.000000E+0000  2.374283E-0003  2.126562E-0003  1.186389E-0003
  1.496206E-0003  5.165298E-0004  6.579854E-0004  1.326169E-0003  8.333355E-0004  1.985984E-0003  3.070349E-0003  2.374283E-0003  0.000000E+0000  1.679824E-0003  1.186047E-0003
  2.176427E-0003  5.842232E-0004  5.577069E-0004  4.321443E-0004  3.650514E-0004  2.008023E-0003  2.165027E-0003  2.126562E-0003  1.679824E-0003  0.000000E+0000  2.131786E-0003
  6.912299E-0004  5.459877E-0004  3.240451E-0004  9.310570E-0004  3.817318E-0004  2.672567E-0003  2.056223E-0003  1.186389E-0003  1.186047E-0003  2.131786E-0003  0.000000E+0000
