6661999 = Ignore first line (new format code)
File name: E:\Folders\PhD\ISAD\ISAD_Curry_data\ISAD_EEGs\eLORETA\EEGs_128Hz_200sec-window\Clinical_v_Healthy\T1_healthy_all\H69-ROIlinLagConn-crss.txt
1 = Number of time frames in Time X Frequency decomposition
3 = Number of EEG files
11 = Number Electrodes
25600 = Number of time frames in EEG files
32768 = Number of time frames in EEG files power of 2
7 = Number of matrices
5 = Band type (1=Classical1; 2=Classical2; 3=DiscreteFreqs; 4=AllDiscreteFreqs; 5=UserDefinedBands)
 1.280000E+0002 = Sampling rate Hz
-1.000000E+0002 = Freq1 Hz
-1.000000E+0002 = Freq2 Hz
 3.906250E-0003 = Frequency resolution Hz

  0.000000E+0000  1.278503E-0002  1.879826E-0004  8.037918E-0003  1.146573E-0002  7.649768E-0003  9.378875E-0003  1.146518E-0002  8.559626E-0003  2.452467E-0003  9.347359E-0003
  1.278503E-0002  0.000000E+0000  2.021387E-0003  2.654509E-0002  2.489593E-0002  2.891678E-0002  1.717286E-0002  2.463983E-0002  2.295778E-0002  2.880531E-0002  2.645309E-0002
  1.879826E-0004  2.021387E-0003  0.000000E+0000  8.834405E-0004  1.966745E-0003  2.175388E-0003  2.322175E-0003  1.554788E-0003  2.312217E-0003  1.098283E-0003  2.519141E-0003
  8.037918E-0003  2.654509E-0002  8.834405E-0004  0.000000E+0000  2.282487E-0002  3.133095E-0002  2.327245E-0002  2.475750E-0002  2.564796E-0002  3.011069E-0002  3.089577E-0002
  1.146573E-0002  2.489593E-0002  1.966745E-0003  2.282487E-0002  0.000000E+0000  2.491988E-0002  1.699300E-0002  2.399208E-0002  1.954194E-0002  2.486821E-0002  2.261724E-0002
  7.649768E-0003  2.891678E-0002  2.175388E-0003  3.133095E-0002  2.491988E-0002  0.000000E+0000  1.923372E-0002  3.162923E-0002  1.971819E-0002  3.275420E-0002  2.985596E-0002
  9.378875E-0003  1.717286E-0002  2.322175E-0003  2.327245E-0002  1.699300E-0002  1.923372E-0002  0.000000E+0000  2.338997E-0002  8.762873E-0003  2.390344E-0002  2.298479E-0002
  1.146518E-0002  2.463983E-0002  1.554788E-0003  2.475750E-0002  2.399208E-0002  3.162923E-0002  2.338997E-0002  0.000000E+0000  2.668083E-0002  3.120941E-0002  3.081073E-0002
  8.559626E-0003  2.295778E-0002  2.312217E-0003  2.564796E-0002  1.954194E-0002  1.971819E-0002  8.762873E-0003  2.668083E-0002  0.000000E+0000  2.658356E-0002  2.526131E-0002
  2.452467E-0003  2.880531E-0002  1.098283E-0003  3.011069E-0002  2.486821E-0002  3.275420E-0002  2.390344E-0002  3.120941E-0002  2.658356E-0002  0.000000E+0000  3.153164E-0002
  9.347359E-0003  2.645309E-0002  2.519141E-0003  3.089577E-0002  2.261724E-0002  2.985596E-0002  2.298479E-0002  3.081073E-0002  2.526131E-0002  3.153164E-0002  0.000000E+0000

  0.000000E+0000  1.158029E-0003  4.421212E-0005  9.956600E-0004  1.097877E-0003  8.580694E-0004  9.533658E-0004  1.131847E-0003  9.066610E-0004  5.473708E-0004  9.397342E-0004
  1.158029E-0003  0.000000E+0000  1.716477E-0004  2.732350E-0003  2.400712E-0003  2.811446E-0003  1.679235E-0003  2.389036E-0003  2.093376E-0003  2.805593E-0003  2.693437E-0003
  4.421212E-0005  1.716477E-0004  0.000000E+0000  1.816004E-0004  1.722070E-0004  2.412016E-0004  2.176963E-0004  1.501074E-0004  2.374808E-0004  2.073200E-0004  2.558987E-0004
  9.956600E-0004  2.732350E-0003  1.816004E-0004  0.000000E+0000  2.578900E-0003  2.924515E-0003  2.607066E-0003  2.659192E-0003  2.709849E-0003  2.890137E-0003  2.897172E-0003
  1.097877E-0003  2.400712E-0003  1.722070E-0004  2.578900E-0003  0.000000E+0000  2.632552E-0003  1.935530E-0003  2.462628E-0003  1.888944E-0003  2.624297E-0003  2.544932E-0003
  8.580694E-0004  2.811446E-0003  2.412016E-0004  2.924515E-0003  2.632552E-0003  0.000000E+0000  2.309219E-0003  2.915727E-0003  2.335254E-0003  2.976501E-0003  2.859298E-0003
  9.533658E-0004  1.679235E-0003  2.176963E-0004  2.607066E-0003  1.935530E-0003  2.309219E-0003  0.000000E+0000  2.303015E-0003  9.334820E-0004  2.606719E-0003  2.572705E-0003
  1.131847E-0003  2.389036E-0003  1.501074E-0004  2.659192E-0003  2.462628E-0003  2.915727E-0003  2.303015E-0003  0.000000E+0000  2.531315E-0003  2.912651E-0003  2.774336E-0003
  9.066610E-0004  2.093376E-0003  2.374808E-0004  2.709849E-0003  1.888944E-0003  2.335254E-0003  9.334820E-0004  2.531315E-0003  0.000000E+0000  2.729190E-0003  2.672359E-0003
  5.473708E-0004  2.805593E-0003  2.073200E-0004  2.890137E-0003  2.624297E-0003  2.976501E-0003  2.606719E-0003  2.912651E-0003  2.729190E-0003  0.000000E+0000  2.917239E-0003
  9.397342E-0004  2.693437E-0003  2.558987E-0004  2.897172E-0003  2.544932E-0003  2.859298E-0003  2.572705E-0003  2.774336E-0003  2.672359E-0003  2.917239E-0003  0.000000E+0000

  0.000000E+0000  4.034935E-0005  1.959790E-0006  3.352202E-0005  3.929384E-0005  3.885356E-0005  3.983740E-0005  3.859074E-0005  3.985261E-0005  2.423808E-0005  4.209347E-0005
  4.034935E-0005  0.000000E+0000  5.796011E-0006  9.934181E-0005  8.853126E-0005  1.057517E-0004  6.532144E-0005  8.741700E-0005  7.735591E-0005  1.055378E-0004  9.773477E-0005
  1.959790E-0006  5.796011E-0006  0.000000E+0000  9.616783E-0006  7.498334E-0006  1.265770E-0005  9.539780E-0006  6.159042E-0006  1.135949E-0005  1.130133E-0005  1.237136E-0005
  3.352202E-0005  9.934181E-0005  9.616783E-0006  0.000000E+0000  9.348214E-0005  1.085058E-0004  9.519579E-0005  9.653455E-0005  9.929418E-0005  1.076614E-0004  1.066583E-0004
  3.929384E-0005  8.853126E-0005  7.498334E-0006  9.348214E-0005  0.000000E+0000  1.009964E-0004  7.765412E-0005  8.812727E-0005  7.696449E-0005  1.007420E-0004  9.215382E-0005
  3.885356E-0005  1.057517E-0004  1.265770E-0005  1.085058E-0004  1.009964E-0004  0.000000E+0000  9.221216E-0005  1.082399E-0004  9.284370E-0005  1.096224E-0004  1.064620E-0004
  3.983740E-0005  6.532144E-0005  9.539780E-0006  9.519579E-0005  7.765412E-0005  9.221216E-0005  0.000000E+0000  8.126831E-0005  4.143869E-0005  9.366201E-0005  9.401377E-0005
  3.859074E-0005  8.741700E-0005  6.159042E-0006  9.653455E-0005  8.812727E-0005  1.082399E-0004  8.126831E-0005  0.000000E+0000  9.112657E-0005  1.081041E-0004  1.018996E-0004
  3.985261E-0005  7.735591E-0005  1.135949E-0005  9.929418E-0005  7.696449E-0005  9.284370E-0005  4.143869E-0005  9.112657E-0005  0.000000E+0000  9.881298E-0005  9.802437E-0005
  2.423808E-0005  1.055378E-0004  1.130133E-0005  1.076614E-0004  1.007420E-0004  1.096224E-0004  9.366201E-0005  1.081041E-0004  9.881298E-0005  0.000000E+0000  1.067465E-0004
  4.209347E-0005  9.773477E-0005  1.237136E-0005  1.066583E-0004  9.215382E-0005  1.064620E-0004  9.401377E-0005  1.018996E-0004  9.802437E-0005  1.067465E-0004  0.000000E+0000

  0.000000E+0000  8.383492E-0005  3.943017E-0006  6.909147E-0005  8.170179E-0005  8.067840E-0005  8.303270E-0005  7.988625E-0005  8.315466E-0005  4.939229E-0005  8.800549E-0005
  8.383492E-0005  0.000000E+0000  1.200367E-0005  2.045400E-0004  1.826450E-0004  2.182839E-0004  1.353776E-0004  1.812300E-0004  1.601500E-0004  2.179501E-0004  2.017418E-0004
  3.943017E-0006  1.200367E-0005  0.000000E+0000  1.945942E-0005  1.496728E-0005  2.577420E-0005  1.995258E-0005  1.235003E-0005  2.344300E-0005  2.279645E-0005  2.598555E-0005
  6.909147E-0005  2.045400E-0004  1.945942E-0005  0.000000E+0000  1.923272E-0004  2.242221E-0004  1.957264E-0004  1.983374E-0004  2.044264E-0004  2.220477E-0004  2.205436E-0004
  8.170179E-0005  1.826450E-0004  1.496728E-0005  1.923272E-0004  0.000000E+0000  2.084799E-0004  1.603647E-0004  1.813458E-0004  1.593843E-0004  2.080632E-0004  1.900922E-0004
  8.067840E-0005  2.182839E-0004  2.577420E-0005  2.242221E-0004  2.084799E-0004  0.000000E+0000  1.901496E-0004  2.239533E-0004  1.919636E-0004  2.266896E-0004  2.207500E-0004
  8.303270E-0005  1.353776E-0004  1.995258E-0005  1.957264E-0004  1.603647E-0004  1.901496E-0004  0.000000E+0000  1.681126E-0004  8.622873E-0005  1.926414E-0004  1.938841E-0004
  7.988625E-0005  1.812300E-0004  1.235003E-0005  1.983374E-0004  1.813458E-0004  2.239533E-0004  1.681126E-0004  0.000000E+0000  1.883042E-0004  2.234955E-0004  2.117610E-0004
  8.315466E-0005  1.601500E-0004  2.344300E-0005  2.044264E-0004  1.593843E-0004  1.919636E-0004  8.622873E-0005  1.883042E-0004  0.000000E+0000  2.034533E-0004  2.024500E-0004
  4.939229E-0005  2.179501E-0004  2.279645E-0005  2.220477E-0004  2.080632E-0004  2.266896E-0004  1.926414E-0004  2.234955E-0004  2.034533E-0004  0.000000E+0000  2.208648E-0004
  8.800549E-0005  2.017418E-0004  2.598555E-0005  2.205436E-0004  1.900922E-0004  2.207500E-0004  1.938841E-0004  2.117610E-0004  2.024500E-0004  2.208648E-0004  0.000000E+0000

  0.000000E+0000  8.481846E-0005  3.967342E-0006  7.164676E-0005  8.206777E-0005  7.545202E-0005  7.953613E-0005  8.165689E-0005  7.805348E-0005  4.605669E-0005  8.200899E-0005
  8.481846E-0005  0.000000E+0000  1.233624E-0005  2.055079E-0004  1.819529E-0004  2.161008E-0004  1.331517E-0004  1.811383E-0004  1.589103E-0004  2.157288E-0004  2.021389E-0004
  3.967342E-0006  1.233624E-0005  0.000000E+0000  1.814943E-0005  1.442832E-0005  2.343886E-0005  1.880349E-0005  1.214686E-0005  2.145813E-0005  2.116650E-0005  2.359060E-0005
  7.164676E-0005  2.055079E-0004  1.814943E-0005  0.000000E+0000  1.939454E-0004  2.227477E-0004  1.974825E-0004  1.996625E-0004  2.048126E-0004  2.208377E-0004  2.195590E-0004
  8.206777E-0005  1.819529E-0004  1.442832E-0005  1.939454E-0004  0.000000E+0000  2.057526E-0004  1.568511E-0004  1.827575E-0004  1.542740E-0004  2.052624E-0004  1.911072E-0004
  7.545202E-0005  2.161008E-0004  2.343886E-0005  2.227477E-0004  2.057526E-0004  0.000000E+0000  1.864830E-0004  2.219519E-0004  1.873045E-0004  2.253429E-0004  2.185824E-0004
  7.953613E-0005  1.331517E-0004  1.880349E-0005  1.974825E-0004  1.568511E-0004  1.864830E-0004  0.000000E+0000  1.700076E-0004  8.085706E-0005  1.950611E-0004  1.949478E-0004
  8.165689E-0005  1.811383E-0004  1.214686E-0005  1.996625E-0004  1.827575E-0004  2.219519E-0004  1.700076E-0004  0.000000E+0000  1.886602E-0004  2.217036E-0004  2.097289E-0004
  7.805348E-0005  1.589103E-0004  2.145813E-0005  2.048126E-0004  1.542740E-0004  1.873045E-0004  8.085706E-0005  1.886602E-0004  0.000000E+0000  2.043660E-0004  2.021260E-0004
  4.605669E-0005  2.157288E-0004  2.116650E-0005  2.208377E-0004  2.052624E-0004  2.253429E-0004  1.950611E-0004  2.217036E-0004  2.043660E-0004  0.000000E+0000  2.199982E-0004
  8.200899E-0005  2.021389E-0004  2.359060E-0005  2.195590E-0004  1.911072E-0004  2.185824E-0004  1.949478E-0004  2.097289E-0004  2.021260E-0004  2.199982E-0004  0.000000E+0000

  0.000000E+0000  4.439143E-0005  2.645167E-0006  3.748074E-0005  4.373660E-0005  4.655208E-0005  4.620192E-0005  4.249261E-0005  4.721438E-0005  3.520644E-0005  4.974669E-0005
  4.439143E-0005  0.000000E+0000  5.981559E-0006  1.204692E-0004  1.052193E-0004  1.297993E-0004  7.709159E-0005  1.040312E-0004  9.029389E-0005  1.295942E-0004  1.182696E-0004
  2.645167E-0006  5.981559E-0006  0.000000E+0000  1.372811E-0005  1.097248E-0005  1.824687E-0005  1.057678E-0005  8.989506E-0006  1.471363E-0005  1.682861E-0005  1.430718E-0005
  3.748074E-0005  1.204692E-0004  1.372811E-0005  0.000000E+0000  1.139376E-0004  1.324913E-0004  1.160311E-0004  1.170835E-0004  1.211527E-0004  1.316913E-0004  1.295412E-0004
  4.373660E-0005  1.052193E-0004  1.097248E-0005  1.139376E-0004  0.000000E+0000  1.253391E-0004  9.514068E-0005  1.046919E-0004  9.480023E-0005  1.250772E-0004  1.121539E-0004
  4.655208E-0005  1.297993E-0004  1.824687E-0005  1.324913E-0004  1.253391E-0004  0.000000E+0000  1.163279E-0004  1.322846E-0004  1.172063E-0004  1.335560E-0004  1.307209E-0004
  4.620192E-0005  7.709159E-0005  1.057678E-0005  1.160311E-0004  9.514068E-0005  1.163279E-0004  0.000000E+0000  9.681585E-0005  4.927550E-0005  1.155619E-0004  1.146976E-0004
  4.249261E-0005  1.040312E-0004  8.989506E-0006  1.170835E-0004  1.046919E-0004  1.322846E-0004  9.681585E-0005  0.000000E+0000  1.082590E-0004  1.321666E-0004  1.227038E-0004
  4.721438E-0005  9.029389E-0005  1.471363E-0005  1.211527E-0004  9.480023E-0005  1.172063E-0004  4.927550E-0005  1.082590E-0004  0.000000E+0000  1.198108E-0004  1.197855E-0004
  3.520644E-0005  1.295942E-0004  1.682861E-0005  1.316913E-0004  1.250772E-0004  1.335560E-0004  1.155619E-0004  1.321666E-0004  1.198108E-0004  0.000000E+0000  1.295915E-0004
  4.974669E-0005  1.182696E-0004  1.430718E-0005  1.295412E-0004  1.121539E-0004  1.307209E-0004  1.146976E-0004  1.227038E-0004  1.197855E-0004  1.295915E-0004  0.000000E+0000

  0.000000E+0000  5.181570E-0005  2.433907E-0006  4.373420E-0005  5.036221E-0005  4.596435E-0005  4.870024E-0005  4.985667E-0005  4.828683E-0005  2.845137E-0005  5.026572E-0005
  5.181570E-0005  0.000000E+0000  7.489108E-0006  1.249014E-0004  1.110112E-0004  1.318502E-0004  8.111240E-0005  1.102158E-0004  9.776181E-0005  1.318710E-0004  1.226937E-0004
  2.433907E-0006  7.489108E-0006  0.000000E+0000  1.112456E-0005  8.844407E-0006  1.426525E-0005  1.137542E-0005  7.443484E-0006  1.317668E-0005  1.299015E-0005  1.431322E-0005
  4.373420E-0005  1.249014E-0004  1.112456E-0005  0.000000E+0000  1.186373E-0004  1.352550E-0004  1.200797E-0004  1.213236E-0004  1.260399E-0004  1.355125E-0004  1.335955E-0004
  5.036221E-0005  1.110112E-0004  8.844407E-0006  1.186373E-0004  0.000000E+0000  1.258386E-0004  9.571411E-0005  1.118850E-0004  9.484110E-0005  1.257587E-0004  1.167582E-0004
  4.596435E-0005  1.318502E-0004  1.426525E-0005  1.352550E-0004  1.258386E-0004  0.000000E+0000  1.138909E-0004  1.357455E-0004  1.150867E-0004  1.367035E-0004  1.328959E-0004
  4.870024E-0005  8.111240E-0005  1.137542E-0005  1.200797E-0004  9.571411E-0005  1.138909E-0004  0.000000E+0000  1.034352E-0004  5.020971E-0005  1.184539E-0004  1.185072E-0004
  4.985667E-0005  1.102158E-0004  7.443484E-0006  1.213236E-0004  1.118850E-0004  1.357455E-0004  1.034352E-0004  0.000000E+0000  1.166101E-0004  1.359338E-0004  1.278114E-0004
  4.828683E-0005  9.776181E-0005  1.317668E-0005  1.260399E-0004  9.484110E-0005  1.150867E-0004  5.020971E-0005  1.166101E-0004  0.000000E+0000  1.256646E-0004  1.243840E-0004
  2.845137E-0005  1.318710E-0004  1.299015E-0005  1.355125E-0004  1.257587E-0004  1.367035E-0004  1.184539E-0004  1.359338E-0004  1.256646E-0004  0.000000E+0000  1.336303E-0004
  5.026572E-0005  1.226937E-0004  1.431322E-0005  1.335955E-0004  1.167582E-0004  1.328959E-0004  1.185072E-0004  1.278114E-0004  1.243840E-0004  1.336303E-0004  0.000000E+0000
