6661999 = Ignore first line (new format code)
File name: E:\Folders\PhD\ISAD\ISAD_Curry_data\ISAD_EEGs\eLORETA\EEGs_128Hz_200sec-window\Clinical_v_Healthy\T1_healthy_all\H7-ROIlinLagConn-crss.txt
1 = Number of time frames in Time X Frequency decomposition
3 = Number of EEG files
11 = Number Electrodes
25600 = Number of time frames in EEG files
32768 = Number of time frames in EEG files power of 2
7 = Number of matrices
5 = Band type (1=Classical1; 2=Classical2; 3=DiscreteFreqs; 4=AllDiscreteFreqs; 5=UserDefinedBands)
 1.280000E+0002 = Sampling rate Hz
-1.000000E+0002 = Freq1 Hz
-1.000000E+0002 = Freq2 Hz
 3.906250E-0003 = Frequency resolution Hz

  0.000000E+0000  1.186450E-0002  7.101832E-0003  1.200337E-0002  1.563351E-0002  1.501848E-0002  4.258013E-0003  1.036094E-0002  2.452445E-0003  9.886494E-0003  4.336208E-0003
  1.186450E-0002  0.000000E+0000  2.144605E-0002  9.552522E-0002  8.094863E-0002  8.273889E-0002  1.400416E-0002  6.927662E-0003  7.151567E-0003  3.770458E-0002  1.336503E-0002
  7.101832E-0003  2.144605E-0002  0.000000E+0000  1.187397E-0002  1.210040E-0002  1.697966E-0002  6.771346E-0003  1.419743E-0003  9.714336E-0003  1.383113E-0002  6.745544E-0003
  1.200337E-0002  9.552522E-0002  1.187397E-0002  0.000000E+0000  6.247018E-0002  1.019488E-0001  3.018836E-0002  3.236206E-0002  1.696629E-0002  1.092400E-0001  4.669187E-0002
  1.563351E-0002  8.094863E-0002  1.210040E-0002  6.247018E-0002  0.000000E+0000  9.854875E-0002  4.624439E-0002  3.327272E-0002  3.065212E-0002  5.944434E-0002  7.038308E-0002
  1.501848E-0002  8.273889E-0002  1.697966E-0002  1.019488E-0001  9.854875E-0002  0.000000E+0000  3.342232E-0002  2.139442E-0002  1.605862E-0002  7.201771E-0002  3.594866E-0002
  4.258013E-0003  1.400416E-0002  6.771346E-0003  3.018836E-0002  4.624439E-0002  3.342232E-0002  0.000000E+0000  1.466187E-0002  8.458897E-0003  2.425112E-0002  1.807337E-0002
  1.036094E-0002  6.927662E-0003  1.419743E-0003  3.236206E-0002  3.327272E-0002  2.139442E-0002  1.466187E-0002  0.000000E+0000  6.504893E-0003  2.720129E-0002  1.261987E-0002
  2.452445E-0003  7.151567E-0003  9.714336E-0003  1.696629E-0002  3.065212E-0002  1.605862E-0002  8.458897E-0003  6.504893E-0003  0.000000E+0000  1.439382E-0002  5.283531E-0003
  9.886494E-0003  3.770458E-0002  1.383113E-0002  1.092400E-0001  5.944434E-0002  7.201771E-0002  2.425112E-0002  2.720129E-0002  1.439382E-0002  0.000000E+0000  2.643605E-0002
  4.336208E-0003  1.336503E-0002  6.745544E-0003  4.669187E-0002  7.038308E-0002  3.594866E-0002  1.807337E-0002  1.261987E-0002  5.283531E-0003  2.643605E-0002  0.000000E+0000

  0.000000E+0000  1.714320E-0003  1.556299E-0003  1.335035E-0002  6.867787E-0003  9.799372E-0003  1.123655E-0002  1.322120E-0002  3.688933E-0003  8.612113E-0003  1.630951E-0002
  1.714320E-0003  0.000000E+0000  1.254721E-0003  6.844850E-0003  4.064867E-0003  6.652132E-0003  8.146813E-0003  3.192452E-0003  3.500329E-0003  8.161349E-0003  1.138210E-0002
  1.556299E-0003  1.254721E-0003  0.000000E+0000  7.104900E-0003  3.443918E-0003  5.676981E-0003  1.983771E-0003  2.357415E-0003  2.178627E-0003  3.897204E-0003  1.962909E-0003
  1.335035E-0002  6.844850E-0003  7.104900E-0003  0.000000E+0000  1.108645E-0002  1.497639E-0002  3.415322E-0002  5.906353E-0003  1.648883E-0002  1.904263E-0002  3.553018E-0002
  6.867787E-0003  4.064867E-0003  3.443918E-0003  1.108645E-0002  0.000000E+0000  3.209908E-0002  2.166878E-0002  1.387877E-0002  1.120974E-0002  2.030762E-0002  2.642518E-0002
  9.799372E-0003  6.652132E-0003  5.676981E-0003  1.497639E-0002  3.209908E-0002  0.000000E+0000  2.869874E-0002  5.410875E-0003  1.268228E-0002  2.021062E-0002  2.718260E-0002
  1.123655E-0002  8.146813E-0003  1.983771E-0003  3.415322E-0002  2.166878E-0002  2.869874E-0002  0.000000E+0000  4.983322E-0003  5.218714E-0003  2.955804E-0002  1.256729E-0002
  1.322120E-0002  3.192452E-0003  2.357415E-0003  5.906353E-0003  1.387877E-0002  5.410875E-0003  4.983322E-0003  0.000000E+0000  1.174753E-0002  8.740151E-0003  1.061225E-0002
  3.688933E-0003  3.500329E-0003  2.178627E-0003  1.648883E-0002  1.120974E-0002  1.268228E-0002  5.218714E-0003  1.174753E-0002  0.000000E+0000  1.370770E-0002  1.640338E-0002
  8.612113E-0003  8.161349E-0003  3.897204E-0003  1.904263E-0002  2.030762E-0002  2.021062E-0002  2.955804E-0002  8.740151E-0003  1.370770E-0002  0.000000E+0000  3.605136E-0002
  1.630951E-0002  1.138210E-0002  1.962909E-0003  3.553018E-0002  2.642518E-0002  2.718260E-0002  1.256729E-0002  1.061225E-0002  1.640338E-0002  3.605136E-0002  0.000000E+0000

  0.000000E+0000  2.617511E-0004  2.362652E-0003  1.121135E-0003  3.226335E-0003  1.166206E-0003  2.724526E-0003  1.689733E-0003  1.638517E-0003  3.862620E-0003  2.646528E-0003
  2.617511E-0004  0.000000E+0000  1.506798E-0003  8.831983E-0004  1.383613E-0003  1.769191E-0003  1.399946E-0003  1.764175E-0003  4.063180E-0004  6.388144E-0004  1.141106E-0003
  2.362652E-0003  1.506798E-0003  0.000000E+0000  2.093336E-0003  5.659909E-0003  2.224563E-0003  1.010374E-0003  3.184932E-0003  3.500101E-0003  3.766591E-0003  9.969852E-0004
  1.121135E-0003  8.831983E-0004  2.093336E-0003  0.000000E+0000  6.976889E-0003  7.295086E-0003  5.027432E-0003  4.589948E-0003  5.621688E-0004  3.830513E-0003  5.874401E-0003
  3.226335E-0003  1.383613E-0003  5.659909E-0003  6.976889E-0003  0.000000E+0000  1.066701E-0002  4.864287E-0003  6.837706E-0003  3.395089E-0003  1.071870E-0002  6.272517E-0003
  1.166206E-0003  1.769191E-0003  2.224563E-0003  7.295086E-0003  1.066701E-0002  0.000000E+0000  5.215648E-0003  7.836613E-0003  3.944705E-0004  8.942157E-0003  6.251267E-0003
  2.724526E-0003  1.399946E-0003  1.010374E-0003  5.027432E-0003  4.864287E-0003  5.215648E-0003  0.000000E+0000  2.415338E-0003  2.843923E-0003  4.790617E-0003  5.878950E-0003
  1.689733E-0003  1.764175E-0003  3.184932E-0003  4.589948E-0003  6.837706E-0003  7.836613E-0003  2.415338E-0003  0.000000E+0000  1.913649E-0003  6.159001E-0003  2.802694E-0003
  1.638517E-0003  4.063180E-0004  3.500101E-0003  5.621688E-0004  3.395089E-0003  3.944705E-0004  2.843923E-0003  1.913649E-0003  0.000000E+0000  3.420743E-0003  4.434507E-0003
  3.862620E-0003  6.388144E-0004  3.766591E-0003  3.830513E-0003  1.071870E-0002  8.942157E-0003  4.790617E-0003  6.159001E-0003  3.420743E-0003  0.000000E+0000  7.305814E-0003
  2.646528E-0003  1.141106E-0003  9.969852E-0004  5.874401E-0003  6.272517E-0003  6.251267E-0003  5.878950E-0003  2.802694E-0003  4.434507E-0003  7.305814E-0003  0.000000E+0000

  0.000000E+0000  1.757914E-0003  5.617320E-0004  2.022861E-0003  2.869970E-0003  3.524187E-0003  1.879601E-0003  1.247921E-0003  1.397884E-0003  1.365269E-0003  1.231476E-0003
  1.757914E-0003  0.000000E+0000  2.300480E-0003  6.451601E-0003  6.567025E-0003  9.505768E-0003  8.195830E-0003  3.895273E-0003  1.853916E-0003  5.400761E-0003  1.464831E-0002
  5.617320E-0004  2.300480E-0003  0.000000E+0000  1.970045E-0003  8.227398E-0004  1.991551E-0003  2.648996E-0004  6.139610E-0004  6.837278E-0004  2.123608E-0003  1.006352E-0003
  2.022861E-0003  6.451601E-0003  1.970045E-0003  0.000000E+0000  6.775529E-0003  1.499916E-0002  8.746977E-0003  5.139322E-0003  5.585889E-0003  7.116891E-0003  1.222139E-0002
  2.869970E-0003  6.567025E-0003  8.227398E-0004  6.775529E-0003  0.000000E+0000  9.663447E-0003  5.638315E-0003  3.277943E-0003  3.655497E-0003  9.543736E-0003  1.025164E-0002
  3.524187E-0003  9.505768E-0003  1.991551E-0003  1.499916E-0002  9.663447E-0003  0.000000E+0000  1.378783E-0002  8.093902E-0003  4.744644E-0003  1.584406E-0002  2.643215E-0002
  1.879601E-0003  8.195830E-0003  2.648996E-0004  8.746977E-0003  5.638315E-0003  1.378783E-0002  0.000000E+0000  3.466591E-0003  2.579742E-0003  7.628702E-0003  2.007994E-0003
  1.247921E-0003  3.895273E-0003  6.139610E-0004  5.139322E-0003  3.277943E-0003  8.093902E-0003  3.466591E-0003  0.000000E+0000  2.445696E-0003  2.701437E-0003  2.370765E-0003
  1.397884E-0003  1.853916E-0003  6.837278E-0004  5.585889E-0003  3.655497E-0003  4.744644E-0003  2.579742E-0003  2.445696E-0003  0.000000E+0000  5.100884E-0003  2.084408E-0003
  1.365269E-0003  5.400761E-0003  2.123608E-0003  7.116891E-0003  9.543736E-0003  1.584406E-0002  7.628702E-0003  2.701437E-0003  5.100884E-0003  0.000000E+0000  1.278424E-0002
  1.231476E-0003  1.464831E-0002  1.006352E-0003  1.222139E-0002  1.025164E-0002  2.643215E-0002  2.007994E-0003  2.370765E-0003  2.084408E-0003  1.278424E-0002  0.000000E+0000

  0.000000E+0000  1.172148E-0002  2.918646E-0002  1.133624E-0001  2.063178E-0001  1.081629E-0001  7.511225E-0002  8.741793E-0002  2.638933E-0002  2.061796E-0002  1.216457E-0001
  1.172148E-0002  0.000000E+0000  3.490472E-0002  1.250222E-0001  1.597278E-0001  1.505880E-0001  1.201029E-0001  5.948388E-0002  2.974845E-0002  8.954616E-0002  2.695008E-0001
  2.918646E-0002  3.490472E-0002  0.000000E+0000  2.327457E-0002  1.497235E-0002  2.625583E-0002  1.070548E-0002  1.135371E-0002  1.908166E-0002  2.771001E-0002  2.159216E-0002
  1.133624E-0001  1.250222E-0001  2.327457E-0002  0.000000E+0000  5.282591E-0002  1.754016E-0001  9.206756E-0002  9.275030E-0002  9.452808E-0002  1.450359E-0001  8.729437E-0002
  2.063178E-0001  1.597278E-0001  1.497235E-0002  5.282591E-0002  0.000000E+0000  8.267690E-0002  4.708594E-0002  7.310925E-0002  1.585923E-0001  4.415914E-0002  6.693209E-0002
  1.081629E-0001  1.505880E-0001  2.625583E-0002  1.754016E-0001  8.267690E-0002  0.000000E+0000  1.455750E-0001  1.031943E-0001  1.060059E-0001  1.957419E-0001  3.101132E-0001
  7.511225E-0002  1.201029E-0001  1.070548E-0002  9.206756E-0002  4.708594E-0002  1.455750E-0001  0.000000E+0000  6.266132E-0002  4.573072E-0002  1.364167E-0001  1.298964E-0001
  8.741793E-0002  5.948388E-0002  1.135371E-0002  9.275030E-0002  7.310925E-0002  1.031943E-0001  6.266132E-0002  0.000000E+0000  1.161337E-0001  4.105696E-0002  7.917415E-0002
  2.638933E-0002  2.974845E-0002  1.908166E-0002  9.452808E-0002  1.585923E-0001  1.060059E-0001  4.573072E-0002  1.161337E-0001  0.000000E+0000  1.244758E-0001  1.309564E-0001
  2.061796E-0002  8.954616E-0002  2.771001E-0002  1.450359E-0001  4.415914E-0002  1.957419E-0001  1.364167E-0001  4.105696E-0002  1.244758E-0001  0.000000E+0000  1.687989E-0001
  1.216457E-0001  2.695008E-0001  2.159216E-0002  8.729437E-0002  6.693209E-0002  3.101132E-0001  1.298964E-0001  7.917415E-0002  1.309564E-0001  1.687989E-0001  0.000000E+0000

  0.000000E+0000  2.821504E-0003  1.053465E-0003  2.686612E-0003  4.421547E-0003  2.937013E-0003  5.206933E-0003  2.177200E-0003  2.099009E-0003  5.994468E-0003  6.234727E-0003
  2.821504E-0003  0.000000E+0000  2.428211E-0003  4.180710E-0003  7.421105E-0003  1.089203E-0002  7.396602E-0003  2.391745E-0003  4.218663E-0003  1.064543E-0002  1.958070E-0002
  1.053465E-0003  2.428211E-0003  0.000000E+0000  4.471708E-0003  1.823839E-0003  4.048931E-0003  1.083943E-0003  2.257628E-0003  8.378543E-0004  4.321841E-0003  1.960724E-0003
  2.686612E-0003  4.180710E-0003  4.471708E-0003  0.000000E+0000  1.134239E-0002  7.986189E-0003  6.517717E-0004  4.902526E-0003  3.528154E-0003  8.225376E-0003  6.451954E-0003
  4.421547E-0003  7.421105E-0003  1.823839E-0003  1.134239E-0002  0.000000E+0000  1.462408E-0002  9.912460E-0003  6.403381E-0003  1.254156E-0002  1.096135E-0002  1.748082E-0002
  2.937013E-0003  1.089203E-0002  4.048931E-0003  7.986189E-0003  1.462408E-0002  0.000000E+0000  6.434322E-0003  5.416860E-0003  6.041334E-0003  1.342024E-0002  2.162682E-0002
  5.206933E-0003  7.396602E-0003  1.083943E-0003  6.517717E-0004  9.912460E-0003  6.434322E-0003  0.000000E+0000  1.026925E-0002  1.038101E-0002  8.963719E-0003  4.700237E-0004
  2.177200E-0003  2.391745E-0003  2.257628E-0003  4.902526E-0003  6.403381E-0003  5.416860E-0003  1.026925E-0002  0.000000E+0000  5.042102E-0003  1.243886E-0002  1.335421E-0002
  2.099009E-0003  4.218663E-0003  8.378543E-0004  3.528154E-0003  1.254156E-0002  6.041334E-0003  1.038101E-0002  5.042102E-0003  0.000000E+0000  1.360501E-0002  1.426016E-0002
  5.994468E-0003  1.064543E-0002  4.321841E-0003  8.225376E-0003  1.096135E-0002  1.342024E-0002  8.963719E-0003  1.243886E-0002  1.360501E-0002  0.000000E+0000  1.652042E-0002
  6.234727E-0003  1.958070E-0002  1.960724E-0003  6.451954E-0003  1.748082E-0002  2.162682E-0002  4.700237E-0004  1.335421E-0002  1.426016E-0002  1.652042E-0002  0.000000E+0000

  0.000000E+0000  1.134860E-0003  3.930353E-0004  1.657799E-0003  1.565550E-0003  5.702071E-0004  1.207114E-0003  1.317973E-0003  5.826861E-0004  6.582900E-0004  7.936458E-0004
  1.134860E-0003  0.000000E+0000  2.069642E-0004  3.530352E-0003  2.215778E-0003  3.258650E-0003  1.214409E-0003  4.867280E-0004  1.597318E-0003  1.983530E-0003  2.012301E-0003
  3.930353E-0004  2.069642E-0004  0.000000E+0000  1.794173E-0003  1.103812E-0003  1.521545E-0003  5.897973E-0004  4.351457E-0004  3.831626E-0004  9.007541E-0004  3.134364E-0004
  1.657799E-0003  3.530352E-0003  1.794173E-0003  0.000000E+0000  1.180675E-0003  2.944837E-0003  1.122312E-0003  1.771341E-0003  2.601010E-0003  1.016443E-0003  9.778405E-0004
  1.565550E-0003  2.215778E-0003  1.103812E-0003  1.180675E-0003  0.000000E+0000  7.795441E-0004  2.522312E-0003  9.789746E-0004  1.039093E-0003  1.841796E-0003  2.054274E-0003
  5.702071E-0004  3.258650E-0003  1.521545E-0003  2.944837E-0003  7.795441E-0004  0.000000E+0000  1.774944E-0003  1.454843E-0003  1.370426E-0003  2.105471E-0003  2.148953E-0003
  1.207114E-0003  1.214409E-0003  5.897973E-0004  1.122312E-0003  2.522312E-0003  1.774944E-0003  0.000000E+0000  1.063165E-0003  1.501472E-0003  2.066982E-0003  2.050365E-0004
  1.317973E-0003  4.867280E-0004  4.351457E-0004  1.771341E-0003  9.789746E-0004  1.454843E-0003  1.063165E-0003  0.000000E+0000  1.156387E-0003  1.178554E-0003  7.891886E-0004
  5.826861E-0004  1.597318E-0003  3.831626E-0004  2.601010E-0003  1.039093E-0003  1.370426E-0003  1.501472E-0003  1.156387E-0003  0.000000E+0000  1.302292E-0003  1.061330E-0003
  6.582900E-0004  1.983530E-0003  9.007541E-0004  1.016443E-0003  1.841796E-0003  2.105471E-0003  2.066982E-0003  1.178554E-0003  1.302292E-0003  0.000000E+0000  1.691775E-0003
  7.936458E-0004  2.012301E-0003  3.134364E-0004  9.778405E-0004  2.054274E-0003  2.148953E-0003  2.050365E-0004  7.891886E-0004  1.061330E-0003  1.691775E-0003  0.000000E+0000
