6661999 = Ignore first line (new format code)
File name: E:\Folders\PhD\ISAD\ISAD_Curry_data\ISAD_EEGs\eLORETA\EEGs_128Hz_200sec-window\Clinical_v_Healthy\T1_healthy_all\H70-ROIlinLagConn-crss.txt
1 = Number of time frames in Time X Frequency decomposition
3 = Number of EEG files
11 = Number Electrodes
25600 = Number of time frames in EEG files
32768 = Number of time frames in EEG files power of 2
7 = Number of matrices
5 = Band type (1=Classical1; 2=Classical2; 3=DiscreteFreqs; 4=AllDiscreteFreqs; 5=UserDefinedBands)
 1.280000E+0002 = Sampling rate Hz
-1.000000E+0002 = Freq1 Hz
-1.000000E+0002 = Freq2 Hz
 3.906250E-0003 = Frequency resolution Hz

  0.000000E+0000  3.646716E-0003  6.794033E-0004  5.756246E-0003  5.684455E-0003  1.167155E-0002  4.737167E-0003  1.748323E-0002  2.806363E-0003  1.516520E-0003  1.160221E-0002
  3.646716E-0003  0.000000E+0000  2.201342E-0003  9.174374E-0003  1.806048E-0002  8.441527E-0003  1.591854E-0002  2.066945E-0002  4.466265E-0003  6.905440E-0003  2.463131E-0002
  6.794033E-0004  2.201342E-0003  0.000000E+0000  4.952221E-0003  1.896044E-0003  7.206627E-0003  4.168157E-0003  7.934731E-0003  6.657333E-0004  2.060491E-0003  6.093836E-0003
  5.756246E-0003  9.174374E-0003  4.952221E-0003  0.000000E+0000  3.381450E-0002  2.890887E-0002  2.621952E-0002  3.367272E-0002  7.589796E-0003  1.133225E-0002  2.943388E-0002
  5.684455E-0003  1.806048E-0002  1.896044E-0003  3.381450E-0002  0.000000E+0000  3.530220E-0002  3.407805E-0002  5.520782E-0002  4.612313E-0003  1.954256E-0002  5.355161E-0002
  1.167155E-0002  8.441527E-0003  7.206627E-0003  2.890887E-0002  3.530220E-0002  0.000000E+0000  2.412137E-0002  3.843311E-0002  5.651542E-0003  1.840530E-0002  3.266529E-0002
  4.737167E-0003  1.591854E-0002  4.168157E-0003  2.621952E-0002  3.407805E-0002  2.412137E-0002  0.000000E+0000  3.591149E-0002  9.058688E-0003  2.167895E-0002  3.496919E-0002
  1.748323E-0002  2.066945E-0002  7.934731E-0003  3.367272E-0002  5.520782E-0002  3.843311E-0002  3.591149E-0002  0.000000E+0000  1.298507E-0002  2.431813E-0002  5.332183E-0002
  2.806363E-0003  4.466265E-0003  6.657333E-0004  7.589796E-0003  4.612313E-0003  5.651542E-0003  9.058688E-0003  1.298507E-0002  0.000000E+0000  6.335975E-0003  1.537826E-0002
  1.516520E-0003  6.905440E-0003  2.060491E-0003  1.133225E-0002  1.954256E-0002  1.840530E-0002  2.167895E-0002  2.431813E-0002  6.335975E-0003  0.000000E+0000  3.746691E-0002
  1.160221E-0002  2.463131E-0002  6.093836E-0003  2.943388E-0002  5.355161E-0002  3.266529E-0002  3.496919E-0002  5.332183E-0002  1.537826E-0002  3.746691E-0002  0.000000E+0000

  0.000000E+0000  4.389729E-0004  3.634867E-0005  9.065595E-0004  6.498063E-0004  1.022259E-0003  1.136339E-0003  1.042123E-0003  4.155403E-0004  1.094483E-0003  1.128398E-0003
  4.389729E-0004  0.000000E+0000  2.678622E-0005  5.062834E-0004  4.035844E-0004  7.445720E-0004  1.742858E-0003  6.927666E-0004  5.783108E-0004  4.411372E-0004  1.130637E-0003
  3.634867E-0005  2.678622E-0005  0.000000E+0000  7.653826E-0005  9.375519E-0006  8.701463E-0005  1.620333E-0004  2.102351E-0005  3.680094E-0005  4.785249E-0005  2.333260E-0005
  9.065595E-0004  5.062834E-0004  7.653826E-0005  0.000000E+0000  1.912210E-0003  2.796555E-0003  4.457257E-0003  1.969008E-0003  1.144546E-0003  3.282240E-0003  2.899579E-0003
  6.498063E-0004  4.035844E-0004  9.375519E-0006  1.912210E-0003  0.000000E+0000  1.593470E-0003  2.276048E-0003  5.647500E-0004  3.104266E-0004  1.023390E-0003  5.028002E-0004
  1.022259E-0003  7.445720E-0004  8.701463E-0005  2.796555E-0003  1.593470E-0003  0.000000E+0000  4.250218E-0003  1.436994E-0003  8.624616E-0004  2.373181E-0003  2.561391E-0003
  1.136339E-0003  1.742858E-0003  1.620333E-0004  4.457257E-0003  2.276048E-0003  4.250218E-0003  0.000000E+0000  1.844779E-0003  5.509920E-0004  3.167249E-0003  1.152104E-0003
  1.042123E-0003  6.927666E-0004  2.102351E-0005  1.969008E-0003  5.647500E-0004  1.436994E-0003  1.844779E-0003  0.000000E+0000  7.762312E-0004  5.440555E-0004  4.231585E-0003
  4.155403E-0004  5.783108E-0004  3.680094E-0005  1.144546E-0003  3.104266E-0004  8.624616E-0004  5.509920E-0004  7.762312E-0004  0.000000E+0000  4.564062E-0004  1.006097E-0003
  1.094483E-0003  4.411372E-0004  4.785249E-0005  3.282240E-0003  1.023390E-0003  2.373181E-0003  3.167249E-0003  5.440555E-0004  4.564062E-0004  0.000000E+0000  3.946738E-0003
  1.128398E-0003  1.130637E-0003  2.333260E-0005  2.899579E-0003  5.028002E-0004  2.561391E-0003  1.152104E-0003  4.231585E-0003  1.006097E-0003  3.946738E-0003  0.000000E+0000

  0.000000E+0000  4.462162E-0003  6.911464E-0004  5.694196E-0003  3.697752E-0003  3.722869E-0003  8.176646E-0003  4.411580E-0003  2.381188E-0003  5.274146E-0003  2.331655E-0003
  4.462162E-0003  0.000000E+0000  3.813567E-0004  6.592558E-0003  4.989940E-0003  1.085560E-0002  6.481564E-0003  9.953593E-0003  2.632612E-0003  1.041940E-0002  5.700546E-0003
  6.911464E-0004  3.813567E-0004  0.000000E+0000  1.498311E-0003  8.016528E-0004  1.891855E-0003  1.091332E-0003  2.390441E-0003  2.722492E-0004  9.929962E-0004  3.032607E-0004
  5.694196E-0003  6.592558E-0003  1.498311E-0003  0.000000E+0000  1.462157E-0002  1.474456E-0002  5.185128E-0003  1.306998E-0002  8.369552E-0003  1.511855E-0002  1.228378E-0002
  3.697752E-0003  4.989940E-0003  8.016528E-0004  1.462157E-0002  0.000000E+0000  1.388260E-0002  1.164035E-0002  1.501597E-0002  3.455178E-0003  8.563501E-0003  5.116642E-0003
  3.722869E-0003  1.085560E-0002  1.891855E-0003  1.474456E-0002  1.388260E-0002  0.000000E+0000  1.870386E-0002  1.563338E-0002  9.790884E-0003  1.371804E-0002  1.557593E-0002
  8.176646E-0003  6.481564E-0003  1.091332E-0003  5.185128E-0003  1.164035E-0002  1.870386E-0002  0.000000E+0000  1.538518E-0002  7.653737E-0003  1.970843E-0002  1.430475E-0002
  4.411580E-0003  9.953593E-0003  2.390441E-0003  1.306998E-0002  1.501597E-0002  1.563338E-0002  1.538518E-0002  0.000000E+0000  1.090809E-0002  1.639036E-0002  1.627341E-0002
  2.381188E-0003  2.632612E-0003  2.722492E-0004  8.369552E-0003  3.455178E-0003  9.790884E-0003  7.653737E-0003  1.090809E-0002  0.000000E+0000  3.909654E-0003  1.309848E-0003
  5.274146E-0003  1.041940E-0002  9.929962E-0004  1.511855E-0002  8.563501E-0003  1.371804E-0002  1.970843E-0002  1.639036E-0002  3.909654E-0003  0.000000E+0000  1.062332E-0002
  2.331655E-0003  5.700546E-0003  3.032607E-0004  1.228378E-0002  5.116642E-0003  1.557593E-0002  1.430475E-0002  1.627341E-0002  1.309848E-0003  1.062332E-0002  0.000000E+0000

  0.000000E+0000  5.712847E-0004  5.136097E-0005  1.593013E-0003  1.091409E-0003  1.062010E-0003  7.408654E-0004  8.240951E-0004  3.156650E-0004  6.433563E-0004  1.633883E-0003
  5.712847E-0004  0.000000E+0000  2.559213E-0004  1.338386E-0003  1.494027E-0003  1.600165E-0003  7.753544E-0004  1.808726E-0003  7.842541E-0004  1.129265E-0003  1.427292E-0003
  5.136097E-0005  2.559213E-0004  0.000000E+0000  4.415743E-0004  3.378386E-0004  2.207660E-0004  2.903534E-0004  2.609430E-0004  1.183540E-0004  3.016751E-0004  3.893173E-0004
  1.593013E-0003  1.338386E-0003  4.415743E-0004  0.000000E+0000  2.952802E-0003  3.562287E-0003  9.447287E-0004  3.563466E-0003  2.123425E-0003  3.643012E-0003  3.708527E-0003
  1.091409E-0003  1.494027E-0003  3.378386E-0004  2.952802E-0003  0.000000E+0000  3.584676E-0003  1.736522E-0003  3.353585E-0003  1.314625E-0003  3.756845E-0003  4.657337E-0003
  1.062010E-0003  1.600165E-0003  2.207660E-0004  3.562287E-0003  3.584676E-0003  0.000000E+0000  1.533353E-0003  2.902312E-0003  1.955755E-0003  2.805205E-0003  4.301167E-0003
  7.408654E-0004  7.753544E-0004  2.903534E-0004  9.447287E-0004  1.736522E-0003  1.533353E-0003  0.000000E+0000  1.885978E-0003  9.345155E-0004  1.602067E-0003  1.416440E-0003
  8.240951E-0004  1.808726E-0003  2.609430E-0004  3.563466E-0003  3.353585E-0003  2.902312E-0003  1.885978E-0003  0.000000E+0000  1.614736E-0003  2.743806E-0003  5.134276E-0003
  3.156650E-0004  7.842541E-0004  1.183540E-0004  2.123425E-0003  1.314625E-0003  1.955755E-0003  9.345155E-0004  1.614736E-0003  0.000000E+0000  1.181500E-0003  1.180409E-0003
  6.433563E-0004  1.129265E-0003  3.016751E-0004  3.643012E-0003  3.756845E-0003  2.805205E-0003  1.602067E-0003  2.743806E-0003  1.181500E-0003  0.000000E+0000  4.594184E-0003
  1.633883E-0003  1.427292E-0003  3.893173E-0004  3.708527E-0003  4.657337E-0003  4.301167E-0003  1.416440E-0003  5.134276E-0003  1.180409E-0003  4.594184E-0003  0.000000E+0000

  0.000000E+0000  3.655910E-0003  9.539972E-0004  5.408224E-0003  7.553777E-0003  4.371658E-0003  6.924262E-0003  7.912408E-0003  4.516627E-0003  6.001153E-0003  8.906007E-0003
  3.655910E-0003  0.000000E+0000  6.461723E-0004  9.540380E-0003  1.001274E-0002  1.192615E-0002  7.437025E-0003  1.013127E-0002  4.726144E-0003  6.513866E-0003  1.234955E-0002
  9.539972E-0004  6.461723E-0004  0.000000E+0000  4.646434E-0003  2.889322E-0003  4.990282E-0003  3.433682E-0003  2.000928E-0003  1.696938E-0003  2.694771E-0003  1.934018E-0003
  5.408224E-0003  9.540380E-0003  4.646434E-0003  0.000000E+0000  2.757655E-0002  2.099532E-0002  1.426792E-0002  3.323423E-0002  1.324777E-0002  2.278187E-0002  2.869899E-0002
  7.553777E-0003  1.001274E-0002  2.889322E-0003  2.757655E-0002  0.000000E+0000  2.641503E-0002  2.634512E-0002  3.126538E-0002  1.310824E-0002  2.560930E-0002  2.597230E-0002
  4.371658E-0003  1.192615E-0002  4.990282E-0003  2.099532E-0002  2.641503E-0002  0.000000E+0000  2.365012E-0002  3.282984E-0002  1.465611E-0002  2.262213E-0002  2.648687E-0002
  6.924262E-0003  7.437025E-0003  3.433682E-0003  1.426792E-0002  2.634512E-0002  2.365012E-0002  0.000000E+0000  2.955900E-0002  8.901205E-0003  1.886642E-0002  2.813268E-0002
  7.912408E-0003  1.013127E-0002  2.000928E-0003  3.323423E-0002  3.126538E-0002  3.282984E-0002  2.955900E-0002  0.000000E+0000  1.314939E-0002  2.852006E-0002  1.947347E-0002
  4.516627E-0003  4.726144E-0003  1.696938E-0003  1.324777E-0002  1.310824E-0002  1.465611E-0002  8.901205E-0003  1.314939E-0002  0.000000E+0000  9.957669E-0003  1.379977E-0002
  6.001153E-0003  6.513866E-0003  2.694771E-0003  2.278187E-0002  2.560930E-0002  2.262213E-0002  1.886642E-0002  2.852006E-0002  9.957669E-0003  0.000000E+0000  2.484394E-0002
  8.906007E-0003  1.234955E-0002  1.934018E-0003  2.869899E-0002  2.597230E-0002  2.648687E-0002  2.813268E-0002  1.947347E-0002  1.379977E-0002  2.484394E-0002  0.000000E+0000

  0.000000E+0000  1.247357E-0004  5.939096E-0006  2.710324E-0004  7.098693E-0004  1.892532E-0004  2.223294E-0004  1.668983E-0004  6.470759E-0004  3.095631E-0004  6.656343E-0004
  1.247357E-0004  0.000000E+0000  2.084557E-0005  2.374302E-0004  4.478179E-0004  2.792039E-0004  1.958326E-0004  1.698338E-0004  3.786881E-0004  2.131283E-0004  5.031408E-0004
  5.939096E-0006  2.084557E-0005  0.000000E+0000  8.124173E-0005  1.202737E-0004  6.515666E-0005  3.636503E-0005  1.982165E-0005  8.212514E-0005  5.336146E-0005  1.808691E-0004
  2.710324E-0004  2.374302E-0004  8.124173E-0005  0.000000E+0000  1.204608E-0003  1.820899E-0003  6.616857E-0004  1.287336E-0003  1.383977E-0003  6.522125E-0004  2.312318E-0003
  7.098693E-0004  4.478179E-0004  1.202737E-0004  1.204608E-0003  0.000000E+0000  1.951558E-0003  1.447988E-0003  1.401831E-0003  1.316614E-0003  1.522935E-0003  2.772490E-0003
  1.892532E-0004  2.792039E-0004  6.515666E-0005  1.820899E-0003  1.951558E-0003  0.000000E+0000  6.991029E-0004  1.289763E-0003  1.506877E-0003  9.761322E-0004  2.673780E-0003
  2.223294E-0004  1.958326E-0004  3.636503E-0005  6.616857E-0004  1.447988E-0003  6.991029E-0004  0.000000E+0000  4.797607E-0004  9.931803E-0004  9.234544E-0004  1.696749E-0003
  1.668983E-0004  1.698338E-0004  1.982165E-0005  1.287336E-0003  1.401831E-0003  1.289763E-0003  4.797607E-0004  0.000000E+0000  1.073955E-0003  6.664577E-0004  1.864756E-0003
  6.470759E-0004  3.786881E-0004  8.212514E-0005  1.383977E-0003  1.316614E-0003  1.506877E-0003  9.931803E-0004  1.073955E-0003  0.000000E+0000  1.240038E-0003  9.765646E-0004
  3.095631E-0004  2.131283E-0004  5.336146E-0005  6.522125E-0004  1.522935E-0003  9.761322E-0004  9.234544E-0004  6.664577E-0004  1.240038E-0003  0.000000E+0000  2.053905E-0003
  6.656343E-0004  5.031408E-0004  1.808691E-0004  2.312318E-0003  2.772490E-0003  2.673780E-0003  1.696749E-0003  1.864756E-0003  9.765646E-0004  2.053905E-0003  0.000000E+0000

  0.000000E+0000  2.436326E-0004  5.976389E-0006  4.341163E-0004  1.322203E-0004  2.688809E-0004  5.991316E-0004  2.932859E-0004  4.810437E-0005  3.716364E-0004  1.415335E-0004
  2.436326E-0004  0.000000E+0000  1.537650E-0005  2.533580E-0004  3.382975E-0004  6.321403E-0004  2.569473E-0004  3.580633E-0004  1.471150E-0004  5.466115E-0004  4.193721E-0004
  5.976389E-0006  1.537650E-0005  0.000000E+0000  2.819358E-0005  2.092903E-0005  6.722655E-0005  2.942146E-0005  5.270698E-0005  3.772816E-0006  1.997584E-0005  2.004978E-0005
  4.341163E-0004  2.533580E-0004  2.819358E-0005  0.000000E+0000  5.888624E-0004  1.216727E-0003  5.054651E-0004  3.368921E-0004  3.536229E-0004  1.170946E-0003  8.475586E-0004
  1.322203E-0004  3.382975E-0004  2.092903E-0005  5.888624E-0004  0.000000E+0000  1.203652E-0003  7.151542E-0004  7.476861E-0004  7.645110E-0005  3.964249E-0004  3.146615E-0004
  2.688809E-0004  6.321403E-0004  6.722655E-0005  1.216727E-0003  1.203652E-0003  0.000000E+0000  1.372690E-0003  9.562807E-0004  3.388858E-0004  1.666719E-0003  6.227317E-0004
  5.991316E-0004  2.569473E-0004  2.942146E-0005  5.054651E-0004  7.151542E-0004  1.372690E-0003  0.000000E+0000  5.316252E-0004  4.081310E-0004  1.315721E-0003  3.910353E-0004
  2.932859E-0004  3.580633E-0004  5.270698E-0005  3.368921E-0004  7.476861E-0004  9.562807E-0004  5.316252E-0004  0.000000E+0000  1.678863E-0004  8.776667E-0004  6.019355E-0004
  4.810437E-0005  1.471150E-0004  3.772816E-0006  3.536229E-0004  7.645110E-0005  3.388858E-0004  4.081310E-0004  1.678863E-0004  0.000000E+0000  1.497244E-0004  5.573880E-0005
  3.716364E-0004  5.466115E-0004  1.997584E-0005  1.170946E-0003  3.964249E-0004  1.666719E-0003  1.315721E-0003  8.776667E-0004  1.497244E-0004  0.000000E+0000  2.120661E-0004
  1.415335E-0004  4.193721E-0004  2.004978E-0005  8.475586E-0004  3.146615E-0004  6.227317E-0004  3.910353E-0004  6.019355E-0004  5.573880E-0005  2.120661E-0004  0.000000E+0000
