6661999 = Ignore first line (new format code)
File name: E:\Folders\PhD\ISAD\ISAD_Curry_data\ISAD_EEGs\eLORETA\EEGs_128Hz_200sec-window\Clinical_v_Healthy\T1_healthy_all\H74-ROIlinLagConn-crss.txt
1 = Number of time frames in Time X Frequency decomposition
3 = Number of EEG files
11 = Number Electrodes
25600 = Number of time frames in EEG files
32768 = Number of time frames in EEG files power of 2
7 = Number of matrices
5 = Band type (1=Classical1; 2=Classical2; 3=DiscreteFreqs; 4=AllDiscreteFreqs; 5=UserDefinedBands)
 1.280000E+0002 = Sampling rate Hz
-1.000000E+0002 = Freq1 Hz
-1.000000E+0002 = Freq2 Hz
 3.906250E-0003 = Frequency resolution Hz

  0.000000E+0000  3.253414E-0002  1.162769E-0002  8.596806E-0002  5.937188E-0002  2.203373E-0001  5.477832E-0002  1.502026E-0001  3.073676E-0002  1.512665E-0001  8.992264E-0002
  3.253414E-0002  0.000000E+0000  1.052435E-0002  2.177189E-0002  2.578460E-0002  5.730773E-0002  1.090020E-0002  3.466998E-0002  4.033397E-0002  5.760556E-0002  2.607219E-0002
  1.162769E-0002  1.052435E-0002  0.000000E+0000  1.365640E-0002  3.086852E-0002  5.298533E-0002  5.204478E-0003  2.302151E-0002  1.342677E-0002  2.621496E-0002  1.108346E-0002
  8.596806E-0002  2.177189E-0002  1.365640E-0002  0.000000E+0000  8.042830E-0002  4.663967E-0002  4.434418E-0002  3.948200E-0002  1.269269E-0001  4.977561E-0002  6.705286E-0002
  5.937188E-0002  2.578460E-0002  3.086852E-0002  8.042830E-0002  0.000000E+0000  2.194937E-0001  4.005665E-0002  1.384753E-0001  6.817625E-0002  1.749898E-0001  7.678362E-0002
  2.203373E-0001  5.730773E-0002  5.298533E-0002  4.663967E-0002  2.194937E-0001  0.000000E+0000  7.271776E-0002  7.687091E-0002  2.632183E-0001  1.225729E-0001  1.072151E-0001
  5.477832E-0002  1.090020E-0002  5.204478E-0003  4.434418E-0002  4.005665E-0002  7.271776E-0002  0.000000E+0000  5.096167E-0002  3.517729E-0002  7.180848E-0002  2.571312E-0002
  1.502026E-0001  3.466998E-0002  2.302151E-0002  3.948200E-0002  1.384753E-0001  7.687091E-0002  5.096167E-0002  0.000000E+0000  2.162750E-0001  9.707522E-0002  8.909708E-0002
  3.073676E-0002  4.033397E-0002  1.342677E-0002  1.269269E-0001  6.817625E-0002  2.632183E-0001  3.517729E-0002  2.162750E-0001  0.000000E+0000  2.167885E-0001  8.150734E-0002
  1.512665E-0001  5.760556E-0002  2.621496E-0002  4.977561E-0002  1.749898E-0001  1.225729E-0001  7.180848E-0002  9.707522E-0002  2.167885E-0001  0.000000E+0000  1.348077E-0001
  8.992264E-0002  2.607219E-0002  1.108346E-0002  6.705286E-0002  7.678362E-0002  1.072151E-0001  2.571312E-0002  8.909708E-0002  8.150734E-0002  1.348077E-0001  0.000000E+0000

  0.000000E+0000  3.488810E-0003  4.036133E-0003  5.927044E-0003  8.401783E-0003  1.617819E-0002  1.014410E-0002  1.128952E-0002  1.089452E-0002  8.957196E-0003  1.154658E-0002
  3.488810E-0003  0.000000E+0000  4.075874E-0004  2.401783E-0003  8.243186E-0004  7.949254E-0003  5.878120E-0003  4.099773E-0003  2.571069E-0003  3.134740E-0003  7.627165E-0003
  4.036133E-0003  4.075874E-0004  0.000000E+0000  3.448183E-0003  8.777368E-0004  5.533744E-0003  7.415242E-0003  6.427395E-0003  3.693539E-0003  5.815815E-0003  7.264092E-0003
  5.927044E-0003  2.401783E-0003  3.448183E-0003  0.000000E+0000  3.731803E-0003  1.227999E-0002  4.100890E-0003  6.117222E-0003  5.512801E-0003  3.103407E-0003  1.362971E-0003
  8.401783E-0003  8.243186E-0004  8.777368E-0004  3.731803E-0003  0.000000E+0000  1.431660E-0002  1.618236E-0002  8.600867E-0003  6.990086E-0003  7.848538E-0003  1.531265E-0002
  1.617819E-0002  7.949254E-0003  5.533744E-0003  1.227999E-0002  1.431660E-0002  0.000000E+0000  6.191110E-0003  1.058869E-0002  2.020738E-0002  1.388685E-0002  5.614476E-0003
  1.014410E-0002  5.878120E-0003  7.415242E-0003  4.100890E-0003  1.618236E-0002  6.191110E-0003  0.000000E+0000  8.916740E-0003  1.862646E-0002  6.234528E-0003  1.456270E-0002
  1.128952E-0002  4.099773E-0003  6.427395E-0003  6.117222E-0003  8.600867E-0003  1.058869E-0002  8.916740E-0003  0.000000E+0000  1.519461E-0002  7.461712E-0003  9.403229E-0003
  1.089452E-0002  2.571069E-0003  3.693539E-0003  5.512801E-0003  6.990086E-0003  2.020738E-0002  1.862646E-0002  1.519461E-0002  0.000000E+0000  1.033755E-0002  1.810770E-0002
  8.957196E-0003  3.134740E-0003  5.815815E-0003  3.103407E-0003  7.848538E-0003  1.388685E-0002  6.234528E-0003  7.461712E-0003  1.033755E-0002  0.000000E+0000  5.566224E-0003
  1.154658E-0002  7.627165E-0003  7.264092E-0003  1.362971E-0003  1.531265E-0002  5.614476E-0003  1.456270E-0002  9.403229E-0003  1.810770E-0002  5.566224E-0003  0.000000E+0000

  0.000000E+0000  6.879488E-0004  1.066877E-0003  2.503472E-0003  1.458307E-0003  2.494304E-0003  2.103803E-0003  1.922935E-0003  2.367978E-0003  3.714498E-0003  2.152422E-0003
  6.879488E-0004  0.000000E+0000  5.919172E-0004  5.476057E-0004  2.553942E-0004  1.675506E-0003  6.320669E-0004  6.429859E-0004  6.195125E-0004  8.931056E-0004  9.822941E-0004
  1.066877E-0003  5.919172E-0004  0.000000E+0000  5.824314E-0004  1.485303E-0003  2.257345E-0003  6.920884E-0004  1.090422E-0003  3.350470E-0004  1.119464E-0003  2.701514E-0004
  2.503472E-0003  5.476057E-0004  5.824314E-0004  0.000000E+0000  7.575854E-0004  2.361984E-0003  1.526159E-0003  4.967918E-0004  8.356944E-0004  2.306495E-0003  1.021492E-0003
  1.458307E-0003  2.553942E-0004  1.485303E-0003  7.575854E-0004  0.000000E+0000  3.423469E-0003  9.901709E-0004  1.176130E-0003  1.211534E-0003  1.219856E-0003  3.542776E-0003
  2.494304E-0003  1.675506E-0003  2.257345E-0003  2.361984E-0003  3.423469E-0003  0.000000E+0000  4.395765E-0003  2.129340E-0003  4.941560E-0003  2.413132E-0003  5.692374E-0003
  2.103803E-0003  6.320669E-0004  6.920884E-0004  1.526159E-0003  9.901709E-0004  4.395765E-0003  0.000000E+0000  1.494952E-0003  8.949078E-0004  3.489632E-0003  7.594737E-0004
  1.922935E-0003  6.429859E-0004  1.090422E-0003  4.967918E-0004  1.176130E-0003  2.129340E-0003  1.494952E-0003  0.000000E+0000  1.810112E-0003  1.081326E-0003  1.438327E-0003
  2.367978E-0003  6.195125E-0004  3.350470E-0004  8.356944E-0004  1.211534E-0003  4.941560E-0003  8.949078E-0004  1.810112E-0003  0.000000E+0000  2.853644E-0003  7.829084E-0004
  3.714498E-0003  8.931056E-0004  1.119464E-0003  2.306495E-0003  1.219856E-0003  2.413132E-0003  3.489632E-0003  1.081326E-0003  2.853644E-0003  0.000000E+0000  4.321085E-0003
  2.152422E-0003  9.822941E-0004  2.701514E-0004  1.021492E-0003  3.542776E-0003  5.692374E-0003  7.594737E-0004  1.438327E-0003  7.829084E-0004  4.321085E-0003  0.000000E+0000

  0.000000E+0000  6.736089E-0004  3.213873E-0004  5.456106E-0003  7.793013E-0004  6.625021E-0003  1.529771E-0003  2.326592E-0003  1.344623E-0003  4.645484E-0003  1.903254E-0003
  6.736089E-0004  0.000000E+0000  1.477664E-0004  5.520783E-0004  5.064505E-0004  8.054693E-0004  1.438330E-0004  5.877471E-0004  6.914161E-0004  6.112907E-0004  4.898317E-0004
  3.213873E-0004  1.477664E-0004  0.000000E+0000  4.696787E-0004  4.865554E-0004  3.788204E-0004  1.133399E-0004  2.372999E-0004  2.050286E-0004  7.065500E-0004  7.663354E-0005
  5.456106E-0003  5.520783E-0004  4.696787E-0004  0.000000E+0000  5.976951E-0004  4.791175E-0003  2.431102E-0003  7.198117E-0004  6.942700E-0004  2.286246E-0003  1.786869E-0003
  7.793013E-0004  5.064505E-0004  4.865554E-0004  5.976951E-0004  0.000000E+0000  1.518195E-0003  8.466889E-0004  7.372668E-0004  5.681818E-0004  4.809955E-0004  1.008811E-0003
  6.625021E-0003  8.054693E-0004  3.788204E-0004  4.791175E-0003  1.518195E-0003  0.000000E+0000  1.161770E-0003  3.141879E-0003  2.196060E-0003  4.504345E-0003  1.256048E-0003
  1.529771E-0003  1.438330E-0004  1.133399E-0004  2.431102E-0003  8.466889E-0004  1.161770E-0003  0.000000E+0000  2.356852E-0003  1.479098E-0003  2.156011E-0003  2.439258E-0004
  2.326592E-0003  5.877471E-0004  2.372999E-0004  7.198117E-0004  7.372668E-0004  3.141879E-0003  2.356852E-0003  0.000000E+0000  8.820230E-0004  1.157135E-0003  1.940406E-0003
  1.344623E-0003  6.914161E-0004  2.050286E-0004  6.942700E-0004  5.681818E-0004  2.196060E-0003  1.479098E-0003  8.820230E-0004  0.000000E+0000  5.724430E-0004  2.264780E-0003
  4.645484E-0003  6.112907E-0004  7.065500E-0004  2.286246E-0003  4.809955E-0004  4.504345E-0003  2.156011E-0003  1.157135E-0003  5.724430E-0004  0.000000E+0000  1.644612E-0003
  1.903254E-0003  4.898317E-0004  7.663354E-0005  1.786869E-0003  1.008811E-0003  1.256048E-0003  2.439258E-0004  1.940406E-0003  2.264780E-0003  1.644612E-0003  0.000000E+0000

  0.000000E+0000  1.892228E-0003  2.766758E-0003  1.170552E-0002  8.970307E-0003  9.110149E-0003  1.211676E-0002  5.474771E-0003  1.149752E-0002  1.254151E-0002  9.173278E-0003
  1.892228E-0003  0.000000E+0000  1.300547E-0004  1.977099E-0003  3.207731E-0004  7.775557E-0004  8.203817E-0004  1.634878E-0003  8.591955E-0004  1.848446E-0003  5.026059E-0004
  2.766758E-0003  1.300547E-0004  0.000000E+0000  1.857235E-0003  1.184414E-0003  2.882784E-0003  4.548117E-0003  3.152381E-0003  3.703150E-0003  8.201962E-0004  2.693719E-0003
  1.170552E-0002  1.977099E-0003  1.857235E-0003  0.000000E+0000  1.164398E-0002  3.880065E-0003  9.861278E-0003  8.124139E-0003  1.082029E-0002  8.996144E-0003  7.900764E-0003
  8.970307E-0003  3.207731E-0004  1.184414E-0003  1.164398E-0002  0.000000E+0000  9.552283E-0003  5.076872E-0003  1.008969E-0002  5.306978E-0003  9.353374E-0003  3.926095E-0003
  9.110149E-0003  7.775557E-0004  2.882784E-0003  3.880065E-0003  9.552283E-0003  0.000000E+0000  1.465624E-0002  6.748178E-0003  1.190768E-0002  8.525842E-0003  1.257350E-0002
  1.211676E-0002  8.203817E-0004  4.548117E-0003  9.861278E-0003  5.076872E-0003  1.465624E-0002  0.000000E+0000  8.135127E-0003  1.342631E-0002  1.551130E-0002  9.928896E-0003
  5.474771E-0003  1.634878E-0003  3.152381E-0003  8.124139E-0003  1.008969E-0002  6.748178E-0003  8.135127E-0003  0.000000E+0000  1.008609E-0002  7.176623E-0003  6.845835E-0003
  1.149752E-0002  8.591955E-0004  3.703150E-0003  1.082029E-0002  5.306978E-0003  1.190768E-0002  1.342631E-0002  1.008609E-0002  0.000000E+0000  1.362925E-0002  1.317084E-0002
  1.254151E-0002  1.848446E-0003  8.201962E-0004  8.996144E-0003  9.353374E-0003  8.525842E-0003  1.551130E-0002  7.176623E-0003  1.362925E-0002  0.000000E+0000  1.245221E-0002
  9.173278E-0003  5.026059E-0004  2.693719E-0003  7.900764E-0003  3.926095E-0003  1.257350E-0002  9.928896E-0003  6.845835E-0003  1.317084E-0002  1.245221E-0002  0.000000E+0000

  0.000000E+0000  1.000680E-0003  1.898433E-0003  1.436124E-0003  1.276959E-0003  1.420374E-0003  1.307487E-0002  4.708719E-0003  3.633433E-0003  2.968815E-0003  1.433879E-0002
  1.000680E-0003  0.000000E+0000  2.361484E-0003  1.132710E-0003  2.280681E-0003  2.110434E-0003  4.369511E-0003  1.136170E-0003  3.155175E-0003  2.605900E-0003  4.603855E-0003
  1.898433E-0003  2.361484E-0003  0.000000E+0000  2.282672E-0003  2.519618E-0003  2.817856E-0003  5.983893E-0003  5.570280E-0003  2.225446E-0003  1.759385E-0003  6.669817E-0003
  1.436124E-0003  1.132710E-0003  2.282672E-0003  0.000000E+0000  1.537046E-0003  2.112548E-0003  1.100639E-0002  3.618705E-0003  4.823176E-0003  5.539457E-0003  1.125759E-0002
  1.276959E-0003  2.280681E-0003  2.519618E-0003  1.537046E-0003  0.000000E+0000  3.776179E-0003  1.318194E-0002  3.827726E-0003  5.930735E-0003  2.357848E-0003  1.325457E-0002
  1.420374E-0003  2.110434E-0003  2.817856E-0003  2.112548E-0003  3.776179E-0003  0.000000E+0000  1.882282E-0002  5.765933E-0003  5.082947E-0003  3.342457E-0003  1.850981E-0002
  1.307487E-0002  4.369511E-0003  5.983893E-0003  1.100639E-0002  1.318194E-0002  1.882282E-0002  0.000000E+0000  1.115896E-0002  7.377480E-0003  1.805658E-0002  1.813544E-0002
  4.708719E-0003  1.136170E-0003  5.570280E-0003  3.618705E-0003  3.827726E-0003  5.765933E-0003  1.115896E-0002  0.000000E+0000  6.141500E-0003  8.685101E-0003  1.177994E-0002
  3.633433E-0003  3.155175E-0003  2.225446E-0003  4.823176E-0003  5.930735E-0003  5.082947E-0003  7.377480E-0003  6.141500E-0003  0.000000E+0000  5.522678E-0003  7.920356E-0003
  2.968815E-0003  2.605900E-0003  1.759385E-0003  5.539457E-0003  2.357848E-0003  3.342457E-0003  1.805658E-0002  8.685101E-0003  5.522678E-0003  0.000000E+0000  2.098595E-0002
  1.433879E-0002  4.603855E-0003  6.669817E-0003  1.125759E-0002  1.325457E-0002  1.850981E-0002  1.813544E-0002  1.177994E-0002  7.920356E-0003  2.098595E-0002  0.000000E+0000

  0.000000E+0000  4.985167E-0004  5.845415E-0004  2.805600E-0004  9.036452E-0004  8.157369E-0004  7.509579E-0004  9.381415E-0004  9.961755E-0004  6.348120E-0004  6.495957E-0004
  4.985167E-0004  0.000000E+0000  3.317482E-0004  1.580064E-0004  1.506051E-0004  3.757466E-0004  2.999017E-0004  3.969246E-0004  3.610916E-0004  1.434173E-0004  6.492922E-0004
  5.845415E-0004  3.317482E-0004  0.000000E+0000  5.431712E-0004  1.802857E-0004  5.502124E-0004  3.158012E-0004  1.081092E-0003  1.174617E-0004  5.899699E-0004  3.729819E-0004
  2.805600E-0004  1.580064E-0004  5.431712E-0004  0.000000E+0000  3.172775E-0004  5.810533E-0004  6.483271E-0004  7.521983E-0004  8.118820E-0004  3.498514E-0004  6.495774E-0004
  9.036452E-0004  1.506051E-0004  1.802857E-0004  3.172775E-0004  0.000000E+0000  7.253278E-0004  2.254828E-0004  9.880541E-0004  1.997052E-0004  4.317899E-0004  2.506874E-0004
  8.157369E-0004  3.757466E-0004  5.502124E-0004  5.810533E-0004  7.253278E-0004  0.000000E+0000  5.437359E-0004  1.175088E-0003  7.984160E-0004  6.317321E-0004  8.377738E-0004
  7.509579E-0004  2.999017E-0004  3.158012E-0004  6.483271E-0004  2.254828E-0004  5.437359E-0004  0.000000E+0000  1.102083E-0003  9.530913E-0005  5.085543E-0004  6.456967E-0004
  9.381415E-0004  3.969246E-0004  1.081092E-0003  7.521983E-0004  9.880541E-0004  1.175088E-0003  1.102083E-0003  0.000000E+0000  1.609763E-0003  1.091241E-0003  9.356632E-0004
  9.961755E-0004  3.610916E-0004  1.174617E-0004  8.118820E-0004  1.997052E-0004  7.984160E-0004  9.530913E-0005  1.609763E-0003  0.000000E+0000  1.120678E-0003  3.204776E-0004
  6.348120E-0004  1.434173E-0004  5.899699E-0004  3.498514E-0004  4.317899E-0004  6.317321E-0004  5.085543E-0004  1.091241E-0003  1.120678E-0003  0.000000E+0000  6.584649E-0004
  6.495957E-0004  6.492922E-0004  3.729819E-0004  6.495774E-0004  2.506874E-0004  8.377738E-0004  6.456967E-0004  9.356632E-0004  3.204776E-0004  6.584649E-0004  0.000000E+0000
