6661999 = Ignore first line (new format code)
File name: E:\Folders\PhD\ISAD\ISAD_Curry_data\ISAD_EEGs\eLORETA\EEGs_128Hz_200sec-window\Clinical_v_Healthy\T1_healthy_all\H75-ROIlinLagConn-crss.txt
1 = Number of time frames in Time X Frequency decomposition
3 = Number of EEG files
11 = Number Electrodes
25600 = Number of time frames in EEG files
32768 = Number of time frames in EEG files power of 2
7 = Number of matrices
5 = Band type (1=Classical1; 2=Classical2; 3=DiscreteFreqs; 4=AllDiscreteFreqs; 5=UserDefinedBands)
 1.280000E+0002 = Sampling rate Hz
-1.000000E+0002 = Freq1 Hz
-1.000000E+0002 = Freq2 Hz
 3.906250E-0003 = Frequency resolution Hz

  0.000000E+0000  8.698420E-0003  5.518699E-0003  2.081570E-0002  1.730415E-0002  2.128993E-0002  2.584732E-0002  1.066221E-0002  8.818364E-0003  5.072712E-0002  5.008821E-0002
  8.698420E-0003  0.000000E+0000  2.180679E-0003  9.910262E-0003  6.570436E-0003  1.300551E-0002  3.427014E-0002  5.596974E-0003  3.985936E-0003  2.496031E-0002  3.602969E-0002
  5.518699E-0003  2.180679E-0003  0.000000E+0000  6.169857E-0003  8.468291E-0003  9.260274E-0003  2.428740E-0002  4.877330E-0003  4.065640E-0003  4.771965E-0002  4.374209E-0002
  2.081570E-0002  9.910262E-0003  6.169857E-0003  0.000000E+0000  3.723702E-0002  2.904503E-0002  7.570814E-0002  3.407816E-0002  8.128828E-0003  6.915690E-0002  9.695511E-0002
  1.730415E-0002  6.570436E-0003  8.468291E-0003  3.723702E-0002  0.000000E+0000  4.137633E-0002  9.983009E-0002  2.812773E-0002  4.602661E-0002  9.096220E-0002  9.861880E-0002
  2.128993E-0002  1.300551E-0002  9.260274E-0003  2.904503E-0002  4.137633E-0002  0.000000E+0000  8.425168E-0002  3.623141E-0002  2.649024E-0002  1.035037E-0001  8.643121E-0002
  2.584732E-0002  3.427014E-0002  2.428740E-0002  7.570814E-0002  9.983009E-0002  8.425168E-0002  0.000000E+0000  7.223378E-0002  7.862776E-0002  9.889764E-0002  3.303199E-0002
  1.066221E-0002  5.596974E-0003  4.877330E-0003  3.407816E-0002  2.812773E-0002  3.623141E-0002  7.223378E-0002  0.000000E+0000  1.931043E-0002  5.878419E-0002  1.165784E-0001
  8.818364E-0003  3.985936E-0003  4.065640E-0003  8.128828E-0003  4.602661E-0002  2.649024E-0002  7.862776E-0002  1.931043E-0002  0.000000E+0000  9.890921E-0002  1.218286E-0001
  5.072712E-0002  2.496031E-0002  4.771965E-0002  6.915690E-0002  9.096220E-0002  1.035037E-0001  9.889764E-0002  5.878419E-0002  9.890921E-0002  0.000000E+0000  1.738557E-0001
  5.008821E-0002  3.602969E-0002  4.374209E-0002  9.695511E-0002  9.861880E-0002  8.643121E-0002  3.303199E-0002  1.165784E-0001  1.218286E-0001  1.738557E-0001  0.000000E+0000

  0.000000E+0000  7.676682E-0002  8.913835E-0002  1.066983E-0001  3.700674E-0001  2.901315E-0001  3.987077E-0001  2.973488E-0001  1.087677E-0001  5.546625E-0001  8.318546E-0001
  7.676682E-0002  0.000000E+0000  7.928018E-0003  6.945156E-0002  6.456347E-0002  1.198832E-0001  3.677623E-0001  5.529123E-0002  2.351507E-0002  2.139680E-0001  4.444871E-0001
  8.913835E-0002  7.928018E-0003  0.000000E+0000  7.520755E-0002  1.438501E-0001  1.691969E-0001  5.377297E-0001  1.076252E-0001  2.242487E-0002  4.439619E-0001  8.429955E-0001
  1.066983E-0001  6.945156E-0002  7.520755E-0002  0.000000E+0000  5.649961E-0001  3.843504E-0001  7.275593E-0001  3.349932E-0001  1.190260E-0001  7.489023E-0001  1.293843E+0000
  3.700674E-0001  6.456347E-0002  1.438501E-0001  5.649961E-0001  0.000000E+0000  8.978531E-0001  8.150966E-0001  2.316483E-0001  2.505585E-0001  1.080039E+0000  1.231034E+0000
  2.901315E-0001  1.198832E-0001  1.691969E-0001  3.843504E-0001  8.978531E-0001  0.000000E+0000  8.477042E-0001  4.453830E-0001  2.107690E-0001  1.090044E+0000  1.560675E+0000
  3.987077E-0001  3.677623E-0001  5.377297E-0001  7.275593E-0001  8.150966E-0001  8.477042E-0001  0.000000E+0000  6.268080E-0001  6.637921E-0001  8.257465E-0001  6.840479E-0001
  2.973488E-0001  5.529123E-0002  1.076252E-0001  3.349932E-0001  2.316483E-0001  4.453830E-0001  6.268080E-0001  0.000000E+0000  1.487609E-0001  5.383542E-0001  9.848259E-0001
  1.087677E-0001  2.351507E-0002  2.242487E-0002  1.190260E-0001  2.505585E-0001  2.107690E-0001  6.637921E-0001  1.487609E-0001  0.000000E+0000  5.957856E-0001  1.105651E+0000
  5.546625E-0001  2.139680E-0001  4.439619E-0001  7.489023E-0001  1.080039E+0000  1.090044E+0000  8.257465E-0001  5.383542E-0001  5.957856E-0001  0.000000E+0000  1.604031E+0000
  8.318546E-0001  4.444871E-0001  8.429955E-0001  1.293843E+0000  1.231034E+0000  1.560675E+0000  6.840479E-0001  9.848259E-0001  1.105651E+0000  1.604031E+0000  0.000000E+0000

  0.000000E+0000  5.532309E-0002  9.992550E-0002  1.399550E-0001  3.864011E-0001  3.863901E-0001  2.382233E-0001  3.720708E-0001  1.131820E-0001  3.916197E-0001  4.281712E-0001
  5.532309E-0002  0.000000E+0000  1.035363E-0002  2.030003E-0002  7.896841E-0002  1.547146E-0001  2.145256E-0001  1.466457E-0001  3.873811E-0003  2.618281E-0001  3.074148E-0001
  9.992550E-0002  1.035363E-0002  0.000000E+0000  2.801428E-0002  1.414173E-0001  2.795612E-0001  3.900610E-0001  2.634198E-0001  2.074632E-0002  4.767967E-0001  5.717407E-0001
  1.399550E-0001  2.030003E-0002  2.801428E-0002  0.000000E+0000  3.388007E-0001  5.374240E-0001  6.683285E-0001  4.130541E-0001  4.623609E-0002  8.030743E-0001  9.908164E-0001
  3.864011E-0001  7.896841E-0002  1.414173E-0001  3.388007E-0001  0.000000E+0000  5.026596E-0001  9.068802E-0001  2.157029E-0001  2.768061E-0001  6.814836E-0001  1.037383E+0000
  3.863901E-0001  1.547146E-0001  2.795612E-0001  5.374240E-0001  5.026596E-0001  0.000000E+0000  1.147498E+0000  5.051496E-0001  3.823643E-0001  9.493371E-0001  1.485298E+0000
  2.382233E-0001  2.145256E-0001  3.900610E-0001  6.683285E-0001  9.068802E-0001  1.147498E+0000  0.000000E+0000  5.401194E-0001  5.660936E-0001  1.114197E+0000  5.081294E-0001
  3.720708E-0001  1.466457E-0001  2.634198E-0001  4.130541E-0001  2.157029E-0001  5.051496E-0001  5.401194E-0001  0.000000E+0000  3.640318E-0001  6.269844E-0001  7.555573E-0001
  1.131820E-0001  3.873811E-0003  2.074632E-0002  4.623609E-0002  2.768061E-0001  3.823643E-0001  5.660936E-0001  3.640318E-0001  0.000000E+0000  6.590587E-0001  8.462316E-0001
  3.916197E-0001  2.618281E-0001  4.767967E-0001  8.030743E-0001  6.814836E-0001  9.493371E-0001  1.114197E+0000  6.269844E-0001  6.590587E-0001  0.000000E+0000  1.542320E+0000
  4.281712E-0001  3.074148E-0001  5.717407E-0001  9.908164E-0001  1.037383E+0000  1.485298E+0000  5.081294E-0001  7.555573E-0001  8.462316E-0001  1.542320E+0000  0.000000E+0000

  0.000000E+0000  1.348377E-0002  3.796179E-0002  3.967042E-0002  1.147582E-0001  1.157356E-0001  1.050636E-0001  1.191039E-0001  5.518981E-0002  1.382309E-0001  1.405557E-0001
  1.348377E-0002  0.000000E+0000  6.093933E-0003  1.381376E-0002  5.849490E-0002  7.898765E-0002  1.146933E-0001  9.448495E-0002  3.729756E-0003  1.279877E-0001  1.445700E-0001
  3.796179E-0002  6.093933E-0003  0.000000E+0000  1.700173E-0002  6.042675E-0002  1.164677E-0001  1.882894E-0001  1.245923E-0001  1.479769E-0002  2.090385E-0001  2.134985E-0001
  3.967042E-0002  1.381376E-0002  1.700173E-0002  0.000000E+0000  2.207044E-0001  3.521997E-0001  2.759683E-0001  2.433930E-0001  8.832943E-0002  3.937961E-0001  3.818718E-0001
  1.147582E-0001  5.849490E-0002  6.042675E-0002  2.207044E-0001  0.000000E+0000  3.076764E-0001  5.398865E-0001  1.644905E-0001  2.060161E-0001  4.154736E-0001  5.973535E-0001
  1.157356E-0001  7.898765E-0002  1.164677E-0001  3.521997E-0001  3.076764E-0001  0.000000E+0000  4.977434E-0001  2.526272E-0001  2.329692E-0001  4.370822E-0001  6.146536E-0001
  1.050636E-0001  1.146933E-0001  1.882894E-0001  2.759683E-0001  5.398865E-0001  4.977434E-0001  0.000000E+0000  2.826227E-0001  3.134120E-0001  6.794869E-0001  2.456477E-0001
  1.191039E-0001  9.448495E-0002  1.245923E-0001  2.433930E-0001  1.644905E-0001  2.526272E-0001  2.826227E-0001  0.000000E+0000  2.373614E-0001  3.569992E-0001  3.770025E-0001
  5.518981E-0002  3.729756E-0003  1.479769E-0002  8.832943E-0002  2.060161E-0001  2.329692E-0001  3.134120E-0001  2.373614E-0001  0.000000E+0000  3.597829E-0001  4.184462E-0001
  1.382309E-0001  1.279877E-0001  2.090385E-0001  3.937961E-0001  4.154736E-0001  4.370822E-0001  6.794869E-0001  3.569992E-0001  3.597829E-0001  0.000000E+0000  8.689294E-0001
  1.405557E-0001  1.445700E-0001  2.134985E-0001  3.818718E-0001  5.973535E-0001  6.146536E-0001  2.456477E-0001  3.770025E-0001  4.184462E-0001  8.689294E-0001  0.000000E+0000

  0.000000E+0000  6.844832E-0003  1.386228E-0002  9.700821E-0003  8.828698E-0002  6.996888E-0002  6.261034E-0002  5.209633E-0002  1.686694E-0002  6.789877E-0002  7.586838E-0002
  6.844832E-0003  0.000000E+0000  4.160294E-0003  1.582837E-0002  4.112603E-0002  4.012923E-0002  7.479322E-0002  7.178021E-0002  1.171827E-0002  8.101194E-0002  9.473675E-0002
  1.386228E-0002  4.160294E-0003  0.000000E+0000  1.342720E-0002  3.405794E-0002  6.888527E-0002  1.353197E-0001  8.121663E-0002  1.681929E-0002  1.358297E-0001  1.440173E-0001
  9.700821E-0003  1.582837E-0002  1.342720E-0002  0.000000E+0000  1.329161E-0001  1.762817E-0001  2.388791E-0001  2.388092E-0001  3.218886E-0002  2.891914E-0001  3.173569E-0001
  8.828698E-0002  4.112603E-0002  3.405794E-0002  1.329161E-0001  0.000000E+0000  2.107418E-0001  4.360498E-0001  1.553480E-0001  1.571527E-0001  3.239720E-0001  4.587263E-0001
  6.996888E-0002  4.012923E-0002  6.888527E-0002  1.762817E-0001  2.107418E-0001  0.000000E+0000  3.865718E-0001  2.230244E-0001  1.203738E-0001  3.367952E-0001  4.722789E-0001
  6.261034E-0002  7.479322E-0002  1.353197E-0001  2.388791E-0001  4.360498E-0001  3.865718E-0001  0.000000E+0000  2.188933E-0001  2.633332E-0001  4.073229E-0001  1.226988E-0001
  5.209633E-0002  7.178021E-0002  8.121663E-0002  2.388092E-0001  1.553480E-0001  2.230244E-0001  2.188933E-0001  0.000000E+0000  1.817441E-0001  2.575725E-0001  2.735387E-0001
  1.686694E-0002  1.171827E-0002  1.681929E-0002  3.218886E-0002  1.571527E-0001  1.203738E-0001  2.633332E-0001  1.817441E-0001  0.000000E+0000  2.562831E-0001  3.206821E-0001
  6.789877E-0002  8.101194E-0002  1.358297E-0001  2.891914E-0001  3.239720E-0001  3.367952E-0001  4.073229E-0001  2.575725E-0001  2.562831E-0001  0.000000E+0000  5.098438E-0001
  7.586838E-0002  9.473675E-0002  1.440173E-0001  3.173569E-0001  4.587263E-0001  4.722789E-0001  1.226988E-0001  2.735387E-0001  3.206821E-0001  5.098438E-0001  0.000000E+0000

  0.000000E+0000  1.743601E-0002  5.055581E-0002  7.156794E-0002  1.664699E-0001  2.671985E-0001  7.285480E-0002  5.736073E-0002  5.231625E-0002  5.909450E-0002  9.593724E-0002
  1.743601E-0002  0.000000E+0000  3.811103E-0003  6.217190E-0003  5.610295E-0002  2.797626E-0002  6.866587E-0002  4.667521E-0002  7.202735E-0003  6.228232E-0002  8.126497E-0002
  5.055581E-0002  3.811103E-0003  0.000000E+0000  1.524745E-0002  9.453081E-0002  5.172782E-0002  1.593034E-0001  8.112770E-0002  1.390409E-0002  1.270728E-0001  1.796486E-0001
  7.156794E-0002  6.217190E-0003  1.524745E-0002  0.000000E+0000  2.224657E-0001  1.981243E-0001  3.449315E-0001  2.045047E-0001  1.588754E-0002  3.411532E-0001  4.338405E-0001
  1.664699E-0001  5.610295E-0002  9.453081E-0002  2.224657E-0001  0.000000E+0000  3.225414E-0001  4.452185E-0001  1.683929E-0001  2.230337E-0001  3.832681E-0001  4.672349E-0001
  2.671985E-0001  2.797626E-0002  5.172782E-0002  1.981243E-0001  3.225414E-0001  0.000000E+0000  5.485418E-0001  2.035474E-0001  8.737862E-0002  3.850627E-0001  6.304435E-0001
  7.285480E-0002  6.866587E-0002  1.593034E-0001  3.449315E-0001  4.452185E-0001  5.485418E-0001  0.000000E+0000  2.222563E-0001  2.865249E-0001  4.106225E-0001  1.224825E-0001
  5.736073E-0002  4.667521E-0002  8.112770E-0002  2.045047E-0001  1.683929E-0001  2.035474E-0001  2.222563E-0001  0.000000E+0000  1.490665E-0001  2.070387E-0001  2.682035E-0001
  5.231625E-0002  7.202735E-0003  1.390409E-0002  1.588754E-0002  2.230337E-0001  8.737862E-0002  2.865249E-0001  1.490665E-0001  0.000000E+0000  2.313791E-0001  3.475464E-0001
  5.909450E-0002  6.228232E-0002  1.270728E-0001  3.411532E-0001  3.832681E-0001  3.850627E-0001  4.106225E-0001  2.070387E-0001  2.313791E-0001  0.000000E+0000  6.836925E-0001
  9.593724E-0002  8.126497E-0002  1.796486E-0001  4.338405E-0001  4.672349E-0001  6.304435E-0001  1.224825E-0001  2.682035E-0001  3.475464E-0001  6.836925E-0001  0.000000E+0000

  0.000000E+0000  2.514303E-0002  5.758288E-0002  1.830732E-0001  1.683377E-0001  2.944271E-0001  4.440217E-0002  6.830677E-0002  9.197453E-0002  9.373143E-0002  5.477362E-0002
  2.514303E-0002  0.000000E+0000  2.764508E-0003  1.760649E-0003  3.964681E-0002  1.395270E-0002  4.852309E-0002  2.551859E-0002  2.577605E-0003  4.087064E-0002  5.409873E-0002
  5.758288E-0002  2.764508E-0003  0.000000E+0000  1.706195E-0002  8.533143E-0002  2.697843E-0002  1.040941E-0001  5.135803E-0002  8.371773E-0003  8.491711E-0002  1.152848E-0001
  1.830732E-0001  1.760649E-0003  1.706195E-0002  0.000000E+0000  2.069873E-0001  1.441741E-0001  4.063357E-0001  1.639835E-0001  1.765671E-0002  3.418021E-0001  4.593956E-0001
  1.683377E-0001  3.964681E-0002  8.533143E-0002  2.069873E-0001  0.000000E+0000  3.130417E-0001  2.803152E-0001  1.235502E-0001  1.783861E-0001  3.469208E-0001  3.020412E-0001
  2.944271E-0001  1.395270E-0002  2.697843E-0002  1.441741E-0001  3.130417E-0001  0.000000E+0000  4.146732E-0001  1.622122E-0001  6.032033E-0002  3.316039E-0001  5.466184E-0001
  4.440217E-0002  4.852309E-0002  1.040941E-0001  4.063357E-0001  2.803152E-0001  4.146732E-0001  0.000000E+0000  1.456170E-0001  2.119525E-0001  4.475762E-0001  6.903450E-0002
  6.830677E-0002  2.551859E-0002  5.135803E-0002  1.639835E-0001  1.235502E-0001  1.622122E-0001  1.456170E-0001  0.000000E+0000  9.310325E-0002  1.262735E-0001  1.624136E-0001
  9.197453E-0002  2.577605E-0003  8.371773E-0003  1.765671E-0002  1.783861E-0001  6.032033E-0002  2.119525E-0001  9.310325E-0002  0.000000E+0000  1.652983E-0001  2.425682E-0001
  9.373143E-0002  4.087064E-0002  8.491711E-0002  3.418021E-0001  3.469208E-0001  3.316039E-0001  4.475762E-0001  1.262735E-0001  1.652983E-0001  0.000000E+0000  6.293005E-0001
  5.477362E-0002  5.409873E-0002  1.152848E-0001  4.593956E-0001  3.020412E-0001  5.466184E-0001  6.903450E-0002  1.624136E-0001  2.425682E-0001  6.293005E-0001  0.000000E+0000
