6661999 = Ignore first line (new format code)
File name: E:\Folders\PhD\ISAD\ISAD_Curry_data\ISAD_EEGs\eLORETA\EEGs_128Hz_200sec-window\Clinical_v_Healthy\T1_healthy_all\H76-ROIlinLagConn-crss.txt
1 = Number of time frames in Time X Frequency decomposition
3 = Number of EEG files
11 = Number Electrodes
25600 = Number of time frames in EEG files
32768 = Number of time frames in EEG files power of 2
7 = Number of matrices
5 = Band type (1=Classical1; 2=Classical2; 3=DiscreteFreqs; 4=AllDiscreteFreqs; 5=UserDefinedBands)
 1.280000E+0002 = Sampling rate Hz
-1.000000E+0002 = Freq1 Hz
-1.000000E+0002 = Freq2 Hz
 3.906250E-0003 = Frequency resolution Hz

  0.000000E+0000  2.428619E-0001  1.172867E-0001  2.933568E-0002  1.160560E-0001  1.526616E-0001  1.971686E-0001  2.187391E-0001  3.010249E-0001  1.214867E-0001  1.356378E-0001
  2.428619E-0001  0.000000E+0000  3.561378E-0002  2.667708E-0001  8.257950E-0002  2.157126E-0001  1.685551E-0001  1.861389E-0001  1.395320E-0001  2.966406E-0001  2.345220E-0001
  1.172867E-0001  3.561378E-0002  0.000000E+0000  1.442407E-0001  1.631423E-0002  8.376701E-0002  4.525572E-0002  4.075647E-0002  1.083463E-0001  1.171841E-0001  5.724555E-0002
  2.933568E-0002  2.667708E-0001  1.442407E-0001  0.000000E+0000  1.720975E-0001  1.560252E-0001  2.337471E-0001  2.110807E-0001  3.155130E-0001  3.151972E-0001  1.753294E-0001
  1.160560E-0001  8.257950E-0002  1.631423E-0002  1.720975E-0001  0.000000E+0000  8.153409E-0002  4.722979E-0002  1.316904E-0001  1.692598E-0001  1.724773E-0001  5.469406E-0002
  1.526616E-0001  2.157126E-0001  8.376701E-0002  1.560252E-0001  8.153409E-0002  0.000000E+0000  1.294579E-0001  1.064878E-0001  1.852576E-0001  1.646437E-0001  1.632924E-0001
  1.971686E-0001  1.685551E-0001  4.525572E-0002  2.337471E-0001  4.722979E-0002  1.294579E-0001  0.000000E+0000  1.093444E-0001  1.747428E-0001  1.560737E-0001  8.968689E-0002
  2.187391E-0001  1.861389E-0001  4.075647E-0002  2.110807E-0001  1.316904E-0001  1.064878E-0001  1.093444E-0001  0.000000E+0000  9.277952E-0002  2.339812E-0001  1.038836E-0001
  3.010249E-0001  1.395320E-0001  1.083463E-0001  3.155130E-0001  1.692598E-0001  1.852576E-0001  1.747428E-0001  9.277952E-0002  0.000000E+0000  2.804104E-0001  1.451343E-0001
  1.214867E-0001  2.966406E-0001  1.171841E-0001  3.151972E-0001  1.724773E-0001  1.646437E-0001  1.560737E-0001  2.339812E-0001  2.804104E-0001  0.000000E+0000  8.881539E-0002
  1.356378E-0001  2.345220E-0001  5.724555E-0002  1.753294E-0001  5.469406E-0002  1.632924E-0001  8.968689E-0002  1.038836E-0001  1.451343E-0001  8.881539E-0002  0.000000E+0000

  0.000000E+0000  7.118936E-0003  3.095346E-0003  2.245539E-0003  8.673580E-0003  3.504988E-0003  4.208519E-0003  8.084912E-0003  3.703989E-0003  3.216591E-0003  1.044641E-0002
  7.118936E-0003  0.000000E+0000  6.918202E-0003  5.757550E-0003  1.012176E-0002  5.668632E-0003  6.154464E-0003  8.209707E-0003  5.196470E-0003  9.241140E-0003  1.158754E-0002
  3.095346E-0003  6.918202E-0003  0.000000E+0000  4.168259E-0003  2.270126E-0003  6.022308E-0003  4.424703E-0003  3.797848E-0003  3.315144E-0003  4.329258E-0003  8.830961E-0003
  2.245539E-0003  5.757550E-0003  4.168259E-0003  0.000000E+0000  9.003956E-0003  4.166900E-0003  4.657080E-0003  7.972182E-0003  4.074243E-0003  7.237345E-0003  6.084094E-0003
  8.673580E-0003  1.012176E-0002  2.270126E-0003  9.003956E-0003  0.000000E+0000  1.116715E-0002  1.265948E-0002  1.721205E-0002  6.309686E-0003  9.222370E-0003  1.970949E-0002
  3.504988E-0003  5.668632E-0003  6.022308E-0003  4.166900E-0003  1.116715E-0002  0.000000E+0000  5.437601E-0003  2.993729E-0002  9.815456E-0003  6.709950E-0003  1.119269E-0002
  4.208519E-0003  6.154464E-0003  4.424703E-0003  4.657080E-0003  1.265948E-0002  5.437601E-0003  0.000000E+0000  2.170067E-0002  9.232285E-0003  9.126362E-0003  9.727621E-0003
  8.084912E-0003  8.209707E-0003  3.797848E-0003  7.972182E-0003  1.721205E-0002  2.993729E-0002  2.170067E-0002  0.000000E+0000  5.802450E-0003  2.341268E-0002  3.013485E-0002
  3.703989E-0003  5.196470E-0003  3.315144E-0003  4.074243E-0003  6.309686E-0003  9.815456E-0003  9.232285E-0003  5.802450E-0003  0.000000E+0000  6.510024E-0003  9.849777E-0003
  3.216591E-0003  9.241140E-0003  4.329258E-0003  7.237345E-0003  9.222370E-0003  6.709950E-0003  9.126362E-0003  2.341268E-0002  6.510024E-0003  0.000000E+0000  1.228812E-0002
  1.044641E-0002  1.158754E-0002  8.830961E-0003  6.084094E-0003  1.970949E-0002  1.119269E-0002  9.727621E-0003  3.013485E-0002  9.849777E-0003  1.228812E-0002  0.000000E+0000

  0.000000E+0000  7.673263E-0003  6.285321E-0003  6.126087E-0003  6.177358E-0003  1.376892E-0002  9.955256E-0003  7.584607E-0003  3.649157E-0003  8.613602E-0003  1.329403E-0002
  7.673263E-0003  0.000000E+0000  1.169157E-0002  1.924765E-0002  1.143268E-0002  2.747047E-0002  2.170007E-0002  1.722294E-0002  8.127618E-0003  3.129374E-0002  2.908294E-0002
  6.285321E-0003  1.169157E-0002  0.000000E+0000  1.318290E-0002  5.131806E-0003  1.626923E-0002  4.653785E-0003  1.530553E-0002  2.460657E-0003  2.280985E-0002  8.193703E-0003
  6.126087E-0003  1.924765E-0002  1.318290E-0002  0.000000E+0000  1.610539E-0002  2.980787E-0002  2.478177E-0002  2.190369E-0002  9.874138E-0003  3.786083E-0002  3.135155E-0002
  6.177358E-0003  1.143268E-0002  5.131806E-0003  1.610539E-0002  0.000000E+0000  2.373889E-0002  1.185227E-0002  3.443526E-0002  3.707408E-0003  3.884562E-0002  1.937797E-0002
  1.376892E-0002  2.747047E-0002  1.626923E-0002  2.980787E-0002  2.373889E-0002  0.000000E+0000  2.810228E-0002  3.056846E-0002  1.758653E-0002  4.407236E-0002  4.070488E-0002
  9.955256E-0003  2.170007E-0002  4.653785E-0003  2.478177E-0002  1.185227E-0002  2.810228E-0002  0.000000E+0000  2.728506E-0002  6.568790E-0003  4.201362E-0002  8.763408E-0003
  7.584607E-0003  1.722294E-0002  1.530553E-0002  2.190369E-0002  3.443526E-0002  3.056846E-0002  2.728506E-0002  0.000000E+0000  4.487734E-0003  5.300075E-0002  2.828715E-0002
  3.649157E-0003  8.127618E-0003  2.460657E-0003  9.874138E-0003  3.707408E-0003  1.758653E-0002  6.568790E-0003  4.487734E-0003  0.000000E+0000  9.016295E-0003  1.512142E-0002
  8.613602E-0003  3.129374E-0002  2.280985E-0002  3.786083E-0002  3.884562E-0002  4.407236E-0002  4.201362E-0002  5.300075E-0002  9.016295E-0003  0.000000E+0000  5.434339E-0002
  1.329403E-0002  2.908294E-0002  8.193703E-0003  3.135155E-0002  1.937797E-0002  4.070488E-0002  8.763408E-0003  2.828715E-0002  1.512142E-0002  5.434339E-0002  0.000000E+0000

  0.000000E+0000  3.358436E-0003  3.416247E-0003  3.326805E-0003  7.473456E-0003  4.763690E-0003  6.059860E-0003  6.607227E-0003  3.505627E-0003  5.366147E-0003  6.968474E-0003
  3.358436E-0003  0.000000E+0000  4.211708E-0003  3.722202E-0003  8.143460E-0003  4.341860E-0003  6.564468E-0003  6.900244E-0003  3.299468E-0003  9.243444E-0003  5.546463E-0003
  3.416247E-0003  4.211708E-0003  0.000000E+0000  5.494042E-0003  3.655122E-0003  4.844137E-0003  2.521155E-0003  6.581963E-0003  1.022821E-0003  6.795470E-0003  1.667499E-0003
  3.326805E-0003  3.722202E-0003  5.494042E-0003  0.000000E+0000  9.510750E-0003  5.893362E-0003  8.628226E-0003  9.711801E-0003  2.372691E-0003  9.804034E-0003  9.398215E-0003
  7.473456E-0003  8.143460E-0003  3.655122E-0003  9.510750E-0003  0.000000E+0000  7.082046E-0003  7.792565E-0003  1.156220E-0002  3.979862E-0003  1.370537E-0002  8.598767E-0003
  4.763690E-0003  4.341860E-0003  4.844137E-0003  5.893362E-0003  7.082046E-0003  0.000000E+0000  8.780768E-0003  1.183401E-0002  7.183236E-0003  7.304034E-0003  1.226338E-0002
  6.059860E-0003  6.564468E-0003  2.521155E-0003  8.628226E-0003  7.792565E-0003  8.780768E-0003  0.000000E+0000  1.067511E-0002  4.714746E-0003  9.727507E-0003  9.095555E-0003
  6.607227E-0003  6.900244E-0003  6.581963E-0003  9.711801E-0003  1.156220E-0002  1.183401E-0002  1.067511E-0002  0.000000E+0000  6.375737E-0003  1.533426E-0002  1.031737E-0002
  3.505627E-0003  3.299468E-0003  1.022821E-0003  2.372691E-0003  3.979862E-0003  7.183236E-0003  4.714746E-0003  6.375737E-0003  0.000000E+0000  7.660150E-0003  3.875411E-0003
  5.366147E-0003  9.243444E-0003  6.795470E-0003  9.804034E-0003  1.370537E-0002  7.304034E-0003  9.727507E-0003  1.533426E-0002  7.660150E-0003  0.000000E+0000  1.115942E-0002
  6.968474E-0003  5.546463E-0003  1.667499E-0003  9.398215E-0003  8.598767E-0003  1.226338E-0002  9.095555E-0003  1.031737E-0002  3.875411E-0003  1.115942E-0002  0.000000E+0000

  0.000000E+0000  7.310524E-0003  1.471073E-0003  9.866937E-0003  5.087070E-0003  7.312396E-0003  3.244119E-0003  1.254377E-0002  3.543116E-0003  1.649893E-0002  7.832129E-0003
  7.310524E-0003  0.000000E+0000  4.209832E-0004  4.043799E-0003  2.950959E-0003  9.024234E-0003  3.533446E-0003  3.811327E-0003  2.669142E-0003  7.786151E-0003  6.453166E-0003
  1.471073E-0003  4.209832E-0004  0.000000E+0000  1.383856E-0003  7.236721E-0004  1.130388E-0003  1.253727E-0003  5.354212E-0004  7.837545E-0004  1.779230E-0003  2.730186E-0003
  9.866937E-0003  4.043799E-0003  1.383856E-0003  0.000000E+0000  1.386696E-0002  1.123994E-0002  8.050646E-0003  1.912330E-0002  6.983957E-0003  3.641381E-0002  1.520203E-0002
  5.087070E-0003  2.950959E-0003  7.236721E-0004  1.386696E-0002  0.000000E+0000  1.333917E-0002  2.308275E-0003  1.690179E-0002  5.748654E-0003  1.201479E-0002  8.616675E-0003
  7.312396E-0003  9.024234E-0003  1.130388E-0003  1.123994E-0002  1.333917E-0002  0.000000E+0000  8.337706E-0003  1.589450E-0002  9.431399E-0003  1.598613E-0002  1.414164E-0002
  3.244119E-0003  3.533446E-0003  1.253727E-0003  8.050646E-0003  2.308275E-0003  8.337706E-0003  0.000000E+0000  8.612057E-0003  3.636240E-0003  9.670600E-0003  1.956042E-0003
  1.254377E-0002  3.811327E-0003  5.354212E-0004  1.912330E-0002  1.690179E-0002  1.589450E-0002  8.612057E-0003  0.000000E+0000  7.500634E-0003  3.548678E-0002  1.074228E-0002
  3.543116E-0003  2.669142E-0003  7.837545E-0004  6.983957E-0003  5.748654E-0003  9.431399E-0003  3.636240E-0003  7.500634E-0003  0.000000E+0000  9.028663E-0003  4.202758E-0003
  1.649893E-0002  7.786151E-0003  1.779230E-0003  3.641381E-0002  1.201479E-0002  1.598613E-0002  9.670600E-0003  3.548678E-0002  9.028663E-0003  0.000000E+0000  1.536922E-0002
  7.832129E-0003  6.453166E-0003  2.730186E-0003  1.520203E-0002  8.616675E-0003  1.414164E-0002  1.956042E-0003  1.074228E-0002  4.202758E-0003  1.536922E-0002  0.000000E+0000

  0.000000E+0000  3.952275E-0003  4.308723E-0004  5.258166E-0004  8.091143E-0004  1.062329E-0003  7.025512E-0004  9.601970E-0004  8.397587E-0004  8.354411E-0004  1.201051E-0003
  3.952275E-0003  0.000000E+0000  7.994524E-0004  2.753253E-0003  9.676687E-0004  3.000930E-0003  1.735698E-0003  3.016751E-0003  1.024505E-0003  4.246490E-0003  2.328722E-0003
  4.308723E-0004  7.994524E-0004  0.000000E+0000  1.786198E-0004  5.429019E-0004  5.081084E-0004  4.294565E-0004  9.411880E-0004  2.642898E-0004  5.564646E-0004  7.307393E-0004
  5.258166E-0004  2.753253E-0003  1.786198E-0004  0.000000E+0000  6.225055E-0004  1.888487E-0003  7.077904E-0004  1.642415E-0003  2.280139E-0004  2.517979E-0003  1.683030E-0003
  8.091143E-0004  9.676687E-0004  5.429019E-0004  6.225055E-0004  0.000000E+0000  2.434674E-0003  1.852196E-0003  1.728034E-0003  1.765823E-0003  7.438377E-0004  4.962292E-0004
  1.062329E-0003  3.000930E-0003  5.081084E-0004  1.888487E-0003  2.434674E-0003  0.000000E+0000  1.355549E-0003  2.420940E-0003  7.892170E-0004  3.502056E-0003  1.173442E-0003
  7.025512E-0004  1.735698E-0003  4.294565E-0004  7.077904E-0004  1.852196E-0003  1.355549E-0003  0.000000E+0000  8.179773E-0004  1.103589E-0003  8.850445E-0004  7.402884E-0004
  9.601970E-0004  3.016751E-0003  9.411880E-0004  1.642415E-0003  1.728034E-0003  2.420940E-0003  8.179773E-0004  0.000000E+0000  1.216552E-0003  1.634764E-0003  1.440699E-0003
  8.397587E-0004  1.024505E-0003  2.642898E-0004  2.280139E-0004  1.765823E-0003  7.892170E-0004  1.103589E-0003  1.216552E-0003  0.000000E+0000  4.167241E-0004  3.726672E-0004
  8.354411E-0004  4.246490E-0003  5.564646E-0004  2.517979E-0003  7.438377E-0004  3.502056E-0003  8.850445E-0004  1.634764E-0003  4.167241E-0004  0.000000E+0000  2.787180E-0003
  1.201051E-0003  2.328722E-0003  7.307393E-0004  1.683030E-0003  4.962292E-0004  1.173442E-0003  7.402884E-0004  1.440699E-0003  3.726672E-0004  2.787180E-0003  0.000000E+0000

  0.000000E+0000  7.761861E-0003  2.710204E-0003  3.821889E-0003  8.697188E-0003  1.039690E-0002  9.690459E-0003  1.432737E-0002  3.969929E-0003  7.178513E-0003  1.348262E-0002
  7.761861E-0003  0.000000E+0000  3.227180E-0003  8.702477E-0003  8.290843E-0003  1.709629E-0002  6.453903E-0003  1.220365E-0002  6.108650E-0003  1.811942E-0002  8.169753E-0003
  2.710204E-0003  3.227180E-0003  0.000000E+0000  3.620133E-0003  5.449719E-0003  2.844166E-0003  2.649453E-0003  6.632262E-0003  1.264460E-0003  3.691787E-0003  2.568578E-0003
  3.821889E-0003  8.702477E-0003  3.620133E-0003  0.000000E+0000  1.019725E-0002  1.362130E-0002  1.250476E-0002  1.166247E-0002  4.334963E-0003  1.200590E-0002  1.651406E-0002
  8.697188E-0003  8.290843E-0003  5.449719E-0003  1.019725E-0002  0.000000E+0000  1.480706E-0002  1.192367E-0002  1.494449E-0002  7.137582E-0003  1.082086E-0002  1.412475E-0002
  1.039690E-0002  1.709629E-0002  2.844166E-0003  1.362130E-0002  1.480706E-0002  0.000000E+0000  9.720283E-0003  2.290571E-0002  1.720830E-0002  1.694521E-0002  8.671428E-0003
  9.690459E-0003  6.453903E-0003  2.649453E-0003  1.250476E-0002  1.192367E-0002  9.720283E-0003  0.000000E+0000  1.340865E-0002  7.180752E-0003  1.277556E-0002  5.185029E-0003
  1.432737E-0002  1.220365E-0002  6.632262E-0003  1.166247E-0002  1.494449E-0002  2.290571E-0002  1.340865E-0002  0.000000E+0000  1.112197E-0002  1.958787E-0002  1.620645E-0002
  3.969929E-0003  6.108650E-0003  1.264460E-0003  4.334963E-0003  7.137582E-0003  1.720830E-0002  7.180752E-0003  1.112197E-0002  0.000000E+0000  1.549639E-0002  3.186819E-0003
  7.178513E-0003  1.811942E-0002  3.691787E-0003  1.200590E-0002  1.082086E-0002  1.694521E-0002  1.277556E-0002  1.958787E-0002  1.549639E-0002  0.000000E+0000  1.823014E-0002
  1.348262E-0002  8.169753E-0003  2.568578E-0003  1.651406E-0002  1.412475E-0002  8.671428E-0003  5.185029E-0003  1.620645E-0002  3.186819E-0003  1.823014E-0002  0.000000E+0000
