6661999 = Ignore first line (new format code)
File name: E:\Folders\PhD\ISAD\ISAD_Curry_data\ISAD_EEGs\eLORETA\EEGs_128Hz_200sec-window\Clinical_v_Healthy\T1_healthy_all\H8-ROIlinLagConn-crss.txt
1 = Number of time frames in Time X Frequency decomposition
3 = Number of EEG files
11 = Number Electrodes
25600 = Number of time frames in EEG files
32768 = Number of time frames in EEG files power of 2
7 = Number of matrices
5 = Band type (1=Classical1; 2=Classical2; 3=DiscreteFreqs; 4=AllDiscreteFreqs; 5=UserDefinedBands)
 1.280000E+0002 = Sampling rate Hz
-1.000000E+0002 = Freq1 Hz
-1.000000E+0002 = Freq2 Hz
 3.906250E-0003 = Frequency resolution Hz

  0.000000E+0000  5.849190E-0003  7.095881E-0004  5.872651E-0002  2.861330E-0002  4.460804E-0002  1.425129E-0002  4.880572E-0002  4.115659E-0002  6.792992E-0002  6.580539E-0002
  5.849190E-0003  0.000000E+0000  1.314908E-0003  4.604409E-0002  2.130846E-0002  3.159360E-0002  2.436825E-0002  5.343307E-0002  2.205733E-0002  6.070519E-0002  8.581664E-0002
  7.095881E-0004  1.314908E-0003  0.000000E+0000  2.320731E-0003  1.370644E-0003  4.680803E-0003  1.452743E-0003  5.065368E-0003  3.068128E-0003  3.018977E-0003  2.557414E-0003
  5.872651E-0002  4.604409E-0002  2.320731E-0003  0.000000E+0000  1.415985E-0001  9.323426E-0002  8.022811E-0002  5.082172E-0002  8.961128E-0002  7.259066E-0002  2.536725E-0001
  2.861330E-0002  2.130846E-0002  1.370644E-0003  1.415985E-0001  0.000000E+0000  1.079645E-0001  7.136556E-0002  1.461287E-0001  4.629005E-0002  1.905041E-0001  2.516734E-0001
  4.460804E-0002  3.159360E-0002  4.680803E-0003  9.323426E-0002  1.079645E-0001  0.000000E+0000  7.570119E-0002  6.769329E-0002  1.112528E-0001  1.385908E-0001  3.042267E-0001
  1.425129E-0002  2.436825E-0002  1.452743E-0003  8.022811E-0002  7.136556E-0002  7.570119E-0002  0.000000E+0000  6.508373E-0002  9.522604E-0002  1.076296E-0001  6.684145E-0002
  4.880572E-0002  5.343307E-0002  5.065368E-0003  5.082172E-0002  1.461287E-0001  6.769329E-0002  6.508373E-0002  0.000000E+0000  5.869910E-0002  4.877603E-0002  8.393992E-0002
  4.115659E-0002  2.205733E-0002  3.068128E-0003  8.961128E-0002  4.629005E-0002  1.112528E-0001  9.522604E-0002  5.869910E-0002  0.000000E+0000  1.087194E-0001  2.622149E-0001
  6.792992E-0002  6.070519E-0002  3.018977E-0003  7.259066E-0002  1.905041E-0001  1.385908E-0001  1.076296E-0001  4.877603E-0002  1.087194E-0001  0.000000E+0000  2.848968E-0001
  6.580539E-0002  8.581664E-0002  2.557414E-0003  2.536725E-0001  2.516734E-0001  3.042267E-0001  6.684145E-0002  8.393992E-0002  2.622149E-0001  2.848968E-0001  0.000000E+0000

  0.000000E+0000  9.177865E-0003  7.236358E-0003  3.411161E-0003  1.911343E-0002  1.937298E-0002  1.401734E-0002  9.933746E-0003  8.570040E-0003  3.272342E-0003  3.372042E-0003
  9.177865E-0003  0.000000E+0000  4.150621E-0003  8.954622E-0003  1.072021E-0002  3.609593E-0003  6.788725E-0003  8.096330E-0003  6.620532E-0003  9.752996E-0003  7.342457E-0003
  7.236358E-0003  4.150621E-0003  0.000000E+0000  3.481849E-0003  3.524436E-0003  6.672092E-0003  3.996324E-0003  3.766405E-0003  3.057008E-0003  5.047644E-0003  6.275102E-0003
  3.411161E-0003  8.954622E-0003  3.481849E-0003  0.000000E+0000  1.097921E-0002  1.710059E-0002  2.579449E-0002  1.933691E-0002  8.422364E-0003  1.336529E-0002  3.845752E-0002
  1.911343E-0002  1.072021E-0002  3.524436E-0003  1.097921E-0002  0.000000E+0000  1.554559E-0002  1.215527E-0002  9.272966E-0003  1.146069E-0002  1.621662E-0002  5.223883E-0003
  1.937298E-0002  3.609593E-0003  6.672092E-0003  1.710059E-0002  1.554559E-0002  0.000000E+0000  4.047522E-0003  1.290442E-0002  1.346131E-0002  1.394388E-0002  1.579414E-0002
  1.401734E-0002  6.788725E-0003  3.996324E-0003  2.579449E-0002  1.215527E-0002  4.047522E-0003  0.000000E+0000  2.132574E-0002  7.600582E-0003  1.664080E-0002  9.775060E-0003
  9.933746E-0003  8.096330E-0003  3.766405E-0003  1.933691E-0002  9.272966E-0003  1.290442E-0002  2.132574E-0002  0.000000E+0000  1.148159E-0002  1.214060E-0002  4.435371E-0002
  8.570040E-0003  6.620532E-0003  3.057008E-0003  8.422364E-0003  1.146069E-0002  1.346131E-0002  7.600582E-0003  1.148159E-0002  0.000000E+0000  7.023784E-0003  1.210235E-0002
  3.272342E-0003  9.752996E-0003  5.047644E-0003  1.336529E-0002  1.621662E-0002  1.394388E-0002  1.664080E-0002  1.214060E-0002  7.023784E-0003  0.000000E+0000  3.462236E-0002
  3.372042E-0003  7.342457E-0003  6.275102E-0003  3.845752E-0002  5.223883E-0003  1.579414E-0002  9.775060E-0003  4.435371E-0002  1.210235E-0002  3.462236E-0002  0.000000E+0000

  0.000000E+0000  1.562981E-0003  7.563520E-0004  7.602322E-0003  6.111345E-0003  4.155091E-0003  5.229650E-0003  1.124465E-0002  3.146905E-0003  1.094914E-0002  5.970208E-0003
  1.562981E-0003  0.000000E+0000  3.897264E-0004  1.009769E-0003  4.335669E-0003  1.967822E-0003  1.883838E-0003  6.449567E-0004  5.208648E-0004  2.137768E-0003  2.969588E-0003
  7.563520E-0004  3.897264E-0004  0.000000E+0000  3.349474E-0003  1.997701E-0003  4.900932E-0003  2.388857E-0003  2.941534E-0003  1.423815E-0003  4.368102E-0003  4.970788E-0003
  7.602322E-0003  1.009769E-0003  3.349474E-0003  0.000000E+0000  1.075891E-0002  3.632077E-0003  6.991993E-0004  2.505762E-0003  4.277392E-0003  2.557825E-0003  4.089167E-0003
  6.111345E-0003  4.335669E-0003  1.997701E-0003  1.075891E-0002  0.000000E+0000  8.709649E-0003  7.186552E-0003  1.893376E-0002  7.324796E-0003  3.032079E-0002  1.617865E-0002
  4.155091E-0003  1.967822E-0003  4.900932E-0003  3.632077E-0003  8.709649E-0003  0.000000E+0000  3.611537E-0003  1.456989E-0002  5.699453E-0003  1.978422E-0002  8.877096E-0003
  5.229650E-0003  1.883838E-0003  2.388857E-0003  6.991993E-0004  7.186552E-0003  3.611537E-0003  0.000000E+0000  1.025460E-0002  1.529232E-0003  3.880964E-0003  2.476321E-0003
  1.124465E-0002  6.449567E-0004  2.941534E-0003  2.505762E-0003  1.893376E-0002  1.456989E-0002  1.025460E-0002  0.000000E+0000  5.739916E-0003  4.165264E-0003  6.078827E-0003
  3.146905E-0003  5.208648E-0004  1.423815E-0003  4.277392E-0003  7.324796E-0003  5.699453E-0003  1.529232E-0003  5.739916E-0003  0.000000E+0000  7.874573E-0003  2.331303E-0003
  1.094914E-0002  2.137768E-0003  4.368102E-0003  2.557825E-0003  3.032079E-0002  1.978422E-0002  3.880964E-0003  4.165264E-0003  7.874573E-0003  0.000000E+0000  1.529398E-0002
  5.970208E-0003  2.969588E-0003  4.970788E-0003  4.089167E-0003  1.617865E-0002  8.877096E-0003  2.476321E-0003  6.078827E-0003  2.331303E-0003  1.529398E-0002  0.000000E+0000

  0.000000E+0000  1.090033E-0002  1.498626E-0003  1.749809E-0002  1.719022E-0002  1.432949E-0002  2.338876E-0002  2.424212E-0002  8.331450E-0003  1.519559E-0002  1.699377E-0002
  1.090033E-0002  0.000000E+0000  1.622103E-0003  3.264191E-0003  1.199342E-0002  8.043256E-0003  1.693670E-0003  6.998645E-0003  1.206951E-0002  3.389317E-0003  6.661132E-0003
  1.498626E-0003  1.622103E-0003  0.000000E+0000  7.340929E-0003  2.220275E-0003  1.806055E-0002  1.757572E-0003  5.112924E-0003  8.212704E-0004  1.901718E-0002  3.942048E-0003
  1.749809E-0002  3.264191E-0003  7.340929E-0003  0.000000E+0000  3.703769E-0002  4.432087E-0002  1.326031E-0002  6.632956E-0003  1.148977E-0002  1.248396E-0002  2.725847E-0002
  1.719022E-0002  1.199342E-0002  2.220275E-0003  3.703769E-0002  0.000000E+0000  1.661846E-0002  3.595136E-0002  2.267162E-0002  3.035239E-0002  2.864680E-0002  3.733242E-0002
  1.432949E-0002  8.043256E-0003  1.806055E-0002  4.432087E-0002  1.661846E-0002  0.000000E+0000  1.635749E-0002  5.086676E-0002  2.302156E-0002  4.562037E-0002  5.492788E-0002
  2.338876E-0002  1.693670E-0003  1.757572E-0003  1.326031E-0002  3.595136E-0002  1.635749E-0002  0.000000E+0000  1.133400E-0002  2.254686E-0002  5.468592E-0003  1.759820E-0002
  2.424212E-0002  6.998645E-0003  5.112924E-0003  6.632956E-0003  2.267162E-0002  5.086676E-0002  1.133400E-0002  0.000000E+0000  1.264461E-0002  3.549859E-0002  2.243857E-0002
  8.331450E-0003  1.206951E-0002  8.212704E-0004  1.148977E-0002  3.035239E-0002  2.302156E-0002  2.254686E-0002  1.264461E-0002  0.000000E+0000  1.679787E-0002  2.643310E-0002
  1.519559E-0002  3.389317E-0003  1.901718E-0002  1.248396E-0002  2.864680E-0002  4.562037E-0002  5.468592E-0003  3.549859E-0002  1.679787E-0002  0.000000E+0000  1.483704E-0002
  1.699377E-0002  6.661132E-0003  3.942048E-0003  2.725847E-0002  3.733242E-0002  5.492788E-0002  1.759820E-0002  2.243857E-0002  2.643310E-0002  1.483704E-0002  0.000000E+0000

  0.000000E+0000  2.830038E-0003  1.575830E-0002  6.613330E-0002  6.786270E-0002  3.437667E-0002  8.829529E-0002  7.324054E-0002  5.974901E-0002  3.631920E-0002  1.107920E-0001
  2.830038E-0003  0.000000E+0000  8.999126E-0004  4.217181E-0003  3.825604E-0003  9.929066E-0003  3.228841E-0003  2.594089E-0003  4.516145E-0003  3.154442E-0003  3.810328E-0003
  1.575830E-0002  8.999126E-0004  0.000000E+0000  3.365624E-0002  2.404401E-0002  6.899001E-0002  3.142894E-0002  4.101017E-0002  1.671903E-0002  6.333021E-0002  2.530829E-0002
  6.613330E-0002  4.217181E-0003  3.365624E-0002  0.000000E+0000  2.491446E-0001  5.810276E-0002  7.727788E-0002  5.257472E-0002  4.479172E-0002  2.632639E-0002  1.088168E-0001
  6.786270E-0002  3.825604E-0003  2.404401E-0002  2.491446E-0001  0.000000E+0000  9.222902E-0002  2.301442E-0001  1.096194E-0001  1.826505E-0001  1.698707E-0001  1.859912E-0001
  3.437667E-0002  9.929066E-0003  6.899001E-0002  5.810276E-0002  9.222902E-0002  0.000000E+0000  7.569844E-0002  1.555095E-0001  7.029964E-0002  6.324236E-0002  1.193652E-0001
  8.829529E-0002  3.228841E-0003  3.142894E-0002  7.727788E-0002  2.301442E-0001  7.569844E-0002  0.000000E+0000  3.131024E-0002  6.350066E-0002  4.834446E-0002  1.024982E-0001
  7.324054E-0002  2.594089E-0003  4.101017E-0002  5.257472E-0002  1.096194E-0001  1.555095E-0001  3.131024E-0002  0.000000E+0000  3.240366E-0002  1.064010E-0001  8.828069E-0002
  5.974901E-0002  4.516145E-0003  1.671903E-0002  4.479172E-0002  1.826505E-0001  7.029964E-0002  6.350066E-0002  3.240366E-0002  0.000000E+0000  5.965818E-0002  1.009066E-0001
  3.631920E-0002  3.154442E-0003  6.333021E-0002  2.632639E-0002  1.698707E-0001  6.324236E-0002  4.834446E-0002  1.064010E-0001  5.965818E-0002  0.000000E+0000  5.213374E-0002
  1.107920E-0001  3.810328E-0003  2.530829E-0002  1.088168E-0001  1.859912E-0001  1.193652E-0001  1.024982E-0001  8.828069E-0002  1.009066E-0001  5.213374E-0002  0.000000E+0000

  0.000000E+0000  3.572097E-0003  1.097198E-0003  1.190084E-0002  3.082352E-0003  6.584240E-0003  1.140297E-0002  8.331873E-0003  4.015945E-0003  5.758022E-0003  1.326715E-0002
  3.572097E-0003  0.000000E+0000  6.882740E-0004  1.153004E-0003  5.118003E-0003  3.102087E-0003  1.688075E-0003  2.036640E-0003  3.063767E-0003  3.130544E-0003  1.457746E-0003
  1.097198E-0003  6.882740E-0004  0.000000E+0000  2.112831E-0003  3.537407E-0004  8.494951E-0003  1.487619E-0003  1.847301E-0003  3.959695E-0004  8.338580E-0003  1.852959E-0003
  1.190084E-0002  1.153004E-0003  2.112831E-0003  0.000000E+0000  8.425010E-0003  5.554872E-0003  2.961551E-0003  3.901520E-0003  9.398413E-0003  5.748149E-0003  1.611215E-0002
  3.082352E-0003  5.118003E-0003  3.537407E-0004  8.425010E-0003  0.000000E+0000  4.085432E-0003  1.371291E-0002  1.058978E-0002  4.794286E-0003  6.684683E-0003  1.217692E-0002
  6.584240E-0003  3.102087E-0003  8.494951E-0003  5.554872E-0003  4.085432E-0003  0.000000E+0000  1.094444E-0002  2.129859E-0002  8.488634E-0003  1.313781E-0002  2.471015E-0002
  1.140297E-0002  1.688075E-0003  1.487619E-0003  2.961551E-0003  1.371291E-0002  1.094444E-0002  0.000000E+0000  6.448969E-0003  6.376866E-0003  3.065860E-0003  9.597763E-0003
  8.331873E-0003  2.036640E-0003  1.847301E-0003  3.901520E-0003  1.058978E-0002  2.129859E-0002  6.448969E-0003  0.000000E+0000  5.560453E-0003  1.525348E-0002  6.248993E-0003
  4.015945E-0003  3.063767E-0003  3.959695E-0004  9.398413E-0003  4.794286E-0003  8.488634E-0003  6.376866E-0003  5.560453E-0003  0.000000E+0000  6.156321E-0003  8.701369E-0003
  5.758022E-0003  3.130544E-0003  8.338580E-0003  5.748149E-0003  6.684683E-0003  1.313781E-0002  3.065860E-0003  1.525348E-0002  6.156321E-0003  0.000000E+0000  9.953010E-0003
  1.326715E-0002  1.457746E-0003  1.852959E-0003  1.611215E-0002  1.217692E-0002  2.471015E-0002  9.597763E-0003  6.248993E-0003  8.701369E-0003  9.953010E-0003  0.000000E+0000

  0.000000E+0000  1.638111E-0003  9.643970E-0004  8.786169E-0004  3.828876E-0003  1.376657E-0003  2.283000E-0003  1.653684E-0003  4.849199E-0003  1.980491E-0003  2.860928E-0003
  1.638111E-0003  0.000000E+0000  1.357624E-0003  4.310730E-0004  1.465268E-0004  9.857276E-0004  3.073888E-0004  1.141373E-0003  1.705778E-0003  7.757784E-0004  2.180549E-0003
  9.643970E-0004  1.357624E-0003  0.000000E+0000  1.860647E-0004  1.974333E-0003  2.451535E-0004  6.578112E-0004  6.207119E-0004  1.803477E-0003  3.140257E-0004  5.526447E-0004
  8.786169E-0004  4.310730E-0004  1.860647E-0004  0.000000E+0000  3.636602E-0003  1.798395E-0003  7.879173E-0004  1.035616E-0003  3.277141E-0004  2.090662E-0003  1.353414E-0003
  3.828876E-0003  1.465268E-0004  1.974333E-0003  3.636602E-0003  0.000000E+0000  1.187797E-0003  4.853955E-0003  2.877540E-0003  3.971592E-0003  2.091414E-0003  5.520913E-0003
  1.376657E-0003  9.857276E-0004  2.451535E-0004  1.798395E-0003  1.187797E-0003  0.000000E+0000  1.055014E-0003  7.804700E-0004  1.000050E-0003  2.339327E-0003  3.158617E-0003
  2.283000E-0003  3.073888E-0004  6.578112E-0004  7.879173E-0004  4.853955E-0003  1.055014E-0003  0.000000E+0000  2.426679E-0003  1.005780E-0003  1.617588E-0003  2.023166E-0003
  1.653684E-0003  1.141373E-0003  6.207119E-0004  1.035616E-0003  2.877540E-0003  7.804700E-0004  2.426679E-0003  0.000000E+0000  2.711417E-0003  8.290111E-0004  2.219955E-0003
  4.849199E-0003  1.705778E-0003  1.803477E-0003  3.277141E-0004  3.971592E-0003  1.000050E-0003  1.005780E-0003  2.711417E-0003  0.000000E+0000  1.034872E-0003  1.985928E-0003
  1.980491E-0003  7.757784E-0004  3.140257E-0004  2.090662E-0003  2.091414E-0003  2.339327E-0003  1.617588E-0003  8.290111E-0004  1.034872E-0003  0.000000E+0000  3.685915E-0003
  2.860928E-0003  2.180549E-0003  5.526447E-0004  1.353414E-0003  5.520913E-0003  3.158617E-0003  2.023166E-0003  2.219955E-0003  1.985928E-0003  3.685915E-0003  0.000000E+0000
