6661999 = Ignore first line (new format code)
File name: E:\Folders\PhD\ISAD\ISAD_Curry_data\ISAD_EEGs\eLORETA\EEGs_128Hz_200sec-window\Clinical_v_Healthy\T1_healthy_all\H9-ROIlinLagConn-crss.txt
1 = Number of time frames in Time X Frequency decomposition
3 = Number of EEG files
11 = Number Electrodes
25600 = Number of time frames in EEG files
32768 = Number of time frames in EEG files power of 2
7 = Number of matrices
5 = Band type (1=Classical1; 2=Classical2; 3=DiscreteFreqs; 4=AllDiscreteFreqs; 5=UserDefinedBands)
 1.280000E+0002 = Sampling rate Hz
-1.000000E+0002 = Freq1 Hz
-1.000000E+0002 = Freq2 Hz
 3.906250E-0003 = Frequency resolution Hz

  0.000000E+0000  2.142730E-0014  4.329870E-0015  2.464695E-0014  6.328271E-0015  2.022826E-0013  1.126876E-0013  1.688649E-0013  2.908784E-0014  2.919887E-0014  7.926992E-0014
  2.142730E-0014  0.000000E+0000  6.439294E-0015  2.353673E-0014  2.098322E-0014  1.689759E-0013  6.028511E-0014  1.046940E-0013  2.153833E-0014  2.919887E-0014  6.228351E-0014
  4.329870E-0015  6.439294E-0015  0.000000E+0000  3.330669E-0015  4.551914E-0015  3.574918E-0014  2.997602E-0015  1.776357E-0014  4.773959E-0015  1.076916E-0014  2.253753E-0014
  2.464695E-0014  2.353673E-0014  3.330669E-0015  0.000000E+0000  2.109424E-0014  2.162714E-0013  7.938095E-0014  1.783018E-0013  2.464695E-0014  4.629630E-0014  6.850076E-0014
  6.328271E-0015  2.098322E-0014  4.551914E-0015  2.109424E-0014  0.000000E+0000  2.478018E-0013  1.215694E-0013  3.225198E-0013  2.942091E-0014  8.482104E-0014  7.938095E-0014
  2.022826E-0013  1.689759E-0013  3.574918E-0014  2.162714E-0013  2.478018E-0013  0.000000E+0000  3.608225E-0013  5.315748E-0013  3.024248E-0013  3.238521E-0013  2.612355E-0013
  1.126876E-0013  6.028511E-0014  2.997602E-0015  7.938095E-0014  1.215694E-0013  3.608225E-0013  0.000000E+0000  3.465006E-0013  1.062483E-0013  2.123857E-0013  1.276756E-0013
  1.688649E-0013  1.046940E-0013  1.776357E-0014  1.783018E-0013  3.225198E-0013  5.315748E-0013  3.465006E-0013  0.000000E+0000  3.635980E-0013  5.359047E-0013  3.702594E-0013
  2.908784E-0014  2.153833E-0014  4.773959E-0015  2.464695E-0014  2.942091E-0014  3.024248E-0013  1.062483E-0013  3.635980E-0013  0.000000E+0000  1.512124E-0013  8.526513E-0014
  2.919887E-0014  2.919887E-0014  1.076916E-0014  4.629630E-0014  8.482104E-0014  3.238521E-0013  2.123857E-0013  5.359047E-0013  1.512124E-0013  0.000000E+0000  1.135758E-0013
  7.926992E-0014  6.228351E-0014  2.253753E-0014  6.850076E-0014  7.938095E-0014  2.612355E-0013  1.276756E-0013  3.702594E-0013  8.526513E-0014  1.135758E-0013  0.000000E+0000

  0.000000E+0000  3.110734E-0012  1.312284E-0012  3.110878E-0011  1.279188E-0011  2.877376E-0011  1.947087E-0011  7.143186E-0011  4.937106E-0011  7.738810E-0012  2.482314E-0011
  3.110734E-0012  0.000000E+0000  1.294964E-0012  1.439227E-0011  1.313338E-0011  2.785305E-0011  1.950817E-0011  6.297540E-0011  4.057610E-0011  8.428036E-0012  1.679512E-0011
  1.312284E-0012  1.294964E-0012  0.000000E+0000  2.237321E-0012  2.208789E-0012  5.405343E-0012  3.791079E-0012  1.014266E-0011  5.138001E-0012  1.353695E-0012  3.326783E-0012
  3.110878E-0011  1.439227E-0011  2.237321E-0012  0.000000E+0000  4.527689E-0011  5.714396E-0011  4.869849E-0011  9.312273E-0011  7.526590E-0011  4.234235E-0011  5.255241E-0011
  1.279188E-0011  1.313338E-0011  2.208789E-0012  4.527689E-0011  0.000000E+0000  1.916656E-0011  1.029121E-0011  6.444634E-0011  4.495737E-0011  1.667522E-0011  3.313438E-0011
  2.877376E-0011  2.785305E-0011  5.405343E-0012  5.714396E-0011  1.916656E-0011  0.000000E+0000  2.394696E-0011  6.772261E-0011  4.607559E-0011  3.342437E-0011  4.159229E-0011
  1.947087E-0011  1.950817E-0011  3.791079E-0012  4.869849E-0011  1.029121E-0011  2.394696E-0011  0.000000E+0000  9.918399E-0012  6.290524E-0012  2.211487E-0011  3.630507E-0011
  7.143186E-0011  6.297540E-0011  1.014266E-0011  9.312273E-0011  6.444634E-0011  6.772261E-0011  9.918399E-0012  0.000000E+0000  4.333334E-0011  9.612278E-0011  6.112599E-0011
  4.937106E-0011  4.057610E-0011  5.138001E-0012  7.526590E-0011  4.495737E-0011  4.607559E-0011  6.290524E-0012  4.333334E-0011  0.000000E+0000  1.088860E-0010  4.858336E-0011
  7.738810E-0012  8.428036E-0012  1.353695E-0012  4.234235E-0011  1.667522E-0011  3.342437E-0011  2.211487E-0011  9.612278E-0011  1.088860E-0010  0.000000E+0000  5.361767E-0011
  2.482314E-0011  1.679512E-0011  3.326783E-0012  5.255241E-0011  3.313438E-0011  4.159229E-0011  3.630507E-0011  6.112599E-0011  4.858336E-0011  5.361767E-0011  0.000000E+0000

  0.000000E+0000  7.063072E-0011  3.698253E-0011  5.039980E-0010  1.492554E-0010  2.170810E-0009  3.658657E-0010  6.165614E-0010  1.818002E-0010  8.058655E-0010  2.141375E-0009
  7.063072E-0011  0.000000E+0000  1.591571E-0011  3.680399E-0010  6.960188E-0011  1.127226E-0009  2.282111E-0010  3.722046E-0010  7.058165E-0011  6.069972E-0010  1.787555E-0009
  3.698253E-0011  1.591571E-0011  0.000000E+0000  2.410938E-0011  3.073097E-0011  4.795897E-0011  6.974421E-0012  1.041467E-0011  4.447065E-0011  2.419489E-0010  5.767844E-0010
  5.039980E-0010  3.680399E-0010  2.410938E-0011  0.000000E+0000  5.978127E-0010  8.356478E-0010  9.322121E-0011  2.797722E-0010  7.551412E-0010  7.362819E-0010  2.561879E-0009
  1.492554E-0010  6.960188E-0011  3.073097E-0011  5.978127E-0010  0.000000E+0000  3.016417E-0009  4.832558E-0010  1.030150E-0009  4.861848E-0010  2.023901E-0009  2.406346E-0009
  2.170810E-0009  1.127226E-0009  4.795897E-0011  8.356478E-0010  3.016417E-0009  0.000000E+0000  2.511539E-0010  1.587757E-0009  3.154106E-0009  2.989001E-0009  3.630612E-0009
  3.658657E-0010  2.282111E-0010  6.974421E-0012  9.322121E-0011  4.832558E-0010  2.511539E-0010  0.000000E+0000  1.205167E-0010  6.801301E-0010  6.997417E-0010  2.404568E-0009
  6.165614E-0010  3.722046E-0010  1.041467E-0011  2.797722E-0010  1.030150E-0009  1.587757E-0009  1.205167E-0010  0.000000E+0000  1.254888E-0009  9.757812E-0010  2.797913E-0009
  1.818002E-0010  7.058165E-0011  4.447065E-0011  7.551412E-0010  4.861848E-0010  3.154106E-0009  6.801301E-0010  1.254888E-0009  0.000000E+0000  1.899639E-0009  2.548528E-0009
  8.058655E-0010  6.069972E-0010  2.419489E-0010  7.362819E-0010  2.023901E-0009  2.989001E-0009  6.997417E-0010  9.757812E-0010  1.899639E-0009  0.000000E+0000  2.961198E-0009
  2.141375E-0009  1.787555E-0009  5.767844E-0010  2.561879E-0009  2.406346E-0009  3.630612E-0009  2.404568E-0009  2.797913E-0009  2.548528E-0009  2.961198E-0009  0.000000E+0000

  0.000000E+0000  1.008592E-0010  4.919509E-0011  6.118737E-0010  3.151648E-0010  2.535256E-0009  2.809428E-0010  1.596442E-0009  5.558390E-0010  1.135595E-0009  3.000257E-0010
  1.008592E-0010  0.000000E+0000  1.961176E-0011  3.102917E-0010  3.208313E-0010  1.008011E-0009  5.125789E-0011  3.566571E-0010  1.350710E-0010  2.348572E-0010  1.145711E-0010
  4.919509E-0011  1.961176E-0011  0.000000E+0000  2.884470E-0011  1.365619E-0010  2.286962E-0010  3.818124E-0011  2.047496E-0011  5.411849E-0011  9.841361E-0011  4.537615E-0011
  6.118737E-0010  3.102917E-0010  2.884470E-0011  0.000000E+0000  5.706020E-0010  1.666787E-0009  3.865184E-0010  3.804963E-0010  6.877876E-0010  3.753682E-0010  4.002376E-0010
  3.151648E-0010  3.208313E-0010  1.365619E-0010  5.706020E-0010  0.000000E+0000  3.362846E-0009  3.876141E-0010  2.852122E-0009  6.934865E-0010  2.524974E-0009  3.944043E-0010
  2.535256E-0009  1.008011E-0009  2.286962E-0010  1.666787E-0009  3.362846E-0009  0.000000E+0000  1.275811E-0009  3.358382E-0009  3.414062E-0009  2.962431E-0009  2.385073E-0009
  2.809428E-0010  5.125789E-0011  3.818124E-0011  3.865184E-0010  3.876141E-0010  1.275811E-0009  0.000000E+0000  4.426269E-0010  3.564692E-0010  3.003462E-0010  1.771412E-0010
  1.596442E-0009  3.566571E-0010  2.047496E-0011  3.804963E-0010  2.852122E-0009  3.358382E-0009  4.426269E-0010  0.000000E+0000  2.636157E-0009  1.562974E-0009  1.513332E-0009
  5.558390E-0010  1.350710E-0010  5.411849E-0011  6.877876E-0010  6.934865E-0010  3.414062E-0009  3.564692E-0010  2.636157E-0009  0.000000E+0000  2.169583E-0009  5.657899E-0010
  1.135595E-0009  2.348572E-0010  9.841361E-0011  3.753682E-0010  2.524974E-0009  2.962431E-0009  3.003462E-0010  1.562974E-0009  2.169583E-0009  0.000000E+0000  1.032231E-0009
  3.000257E-0010  1.145711E-0010  4.537615E-0011  4.002376E-0010  3.944043E-0010  2.385073E-0009  1.771412E-0010  1.513332E-0009  5.657899E-0010  1.032231E-0009  0.000000E+0000

  0.000000E+0000  1.219308E-0010  1.439029E-0010  7.835792E-0010  5.682480E-0010  3.300241E-0010  2.980612E-0010  4.331350E-0010  2.315744E-0010  2.985936E-0010  4.888874E-0010
  1.219308E-0010  0.000000E+0000  1.253209E-0010  4.175499E-0010  1.850077E-0010  2.923762E-0010  1.570249E-0010  1.669330E-0010  1.509436E-0010  1.554646E-0010  1.709688E-0010
  1.439029E-0010  1.253209E-0010  0.000000E+0000  1.344013E-0010  1.380538E-0010  1.532683E-0010  1.209148E-0010  1.431469E-0010  1.416168E-0010  1.504394E-0010  1.370795E-0010
  7.835792E-0010  4.175499E-0010  1.344013E-0010  0.000000E+0000  4.458676E-0010  1.174877E-0009  3.698509E-0010  7.164142E-0010  6.224921E-0010  8.320724E-0010  4.948364E-0010
  5.682480E-0010  1.850077E-0010  1.380538E-0010  4.458676E-0010  0.000000E+0000  1.224370E-0009  9.827206E-0011  4.660913E-0010  3.469073E-0010  8.774947E-0010  3.320242E-0010
  3.300241E-0010  2.923762E-0010  1.532683E-0010  1.174877E-0009  1.224370E-0009  0.000000E+0000  5.570467E-0010  1.227449E-0009  7.986931E-0010  1.025604E-0009  1.317050E-0009
  2.980612E-0010  1.570249E-0010  1.209148E-0010  3.698509E-0010  9.827206E-0011  5.570467E-0010  0.000000E+0000  2.879368E-0010  1.821999E-0010  2.810173E-0010  2.738855E-0010
  4.331350E-0010  1.669330E-0010  1.431469E-0010  7.164142E-0010  4.660913E-0010  1.227449E-0009  2.879368E-0010  0.000000E+0000  1.990776E-0010  1.044511E-0009  3.661522E-0010
  2.315744E-0010  1.509436E-0010  1.416168E-0010  6.224921E-0010  3.469073E-0010  7.986931E-0010  1.821999E-0010  1.990776E-0010  0.000000E+0000  3.132526E-0010  2.470910E-0010
  2.985936E-0010  1.554646E-0010  1.504394E-0010  8.320724E-0010  8.774947E-0010  1.025604E-0009  2.810173E-0010  1.044511E-0009  3.132526E-0010  0.000000E+0000  1.218255E-0009
  4.888874E-0010  1.709688E-0010  1.370795E-0010  4.948364E-0010  3.320242E-0010  1.317050E-0009  2.738855E-0010  3.661522E-0010  2.470910E-0010  1.218255E-0009  0.000000E+0000

  0.000000E+0000  1.540434E-0011  3.477940E-0011  1.176620E-0009  2.005746E-0010  3.495220E-0009  4.093816E-0010  2.865002E-0010  1.585508E-0010  1.713564E-0009  2.932659E-0010
  1.540434E-0011  0.000000E+0000  2.938438E-0011  7.902372E-0010  1.578057E-0010  1.652875E-0009  2.047915E-0010  1.182404E-0010  5.871970E-0011  6.689049E-0010  2.452838E-0010
  3.477940E-0011  2.938438E-0011  0.000000E+0000  1.271548E-0010  4.287870E-0011  1.549912E-0010  5.910994E-0011  3.350764E-0011  3.612766E-0011  2.429946E-0010  7.982404E-0011
  1.176620E-0009  7.902372E-0010  1.271548E-0010  0.000000E+0000  1.186913E-0009  1.458983E-0009  3.328340E-0010  1.662632E-0009  1.467596E-0009  1.195612E-0009  9.527048E-0010
  2.005746E-0010  1.578057E-0010  4.287870E-0011  1.186913E-0009  0.000000E+0000  4.144692E-0009  3.910573E-0010  4.738907E-0010  2.421452E-0010  2.936279E-0009  2.919813E-0010
  3.495220E-0009  1.652875E-0009  1.549912E-0010  1.458983E-0009  4.144692E-0009  0.000000E+0000  5.164836E-0010  5.676756E-0009  4.737838E-0009  4.466448E-0009  3.317500E-0009
  4.093816E-0010  2.047915E-0010  5.910994E-0011  3.328340E-0010  3.910573E-0010  5.164836E-0010  0.000000E+0000  8.321128E-0010  6.505920E-0010  7.600101E-0010  4.481748E-0010
  2.865002E-0010  1.182404E-0010  3.350764E-0011  1.662632E-0009  4.738907E-0010  5.676756E-0009  8.321128E-0010  0.000000E+0000  2.771803E-0010  5.253452E-0009  1.208798E-0009
  1.585508E-0010  5.871970E-0011  3.612766E-0011  1.467596E-0009  2.421452E-0010  4.737838E-0009  6.505920E-0010  2.771803E-0010  0.000000E+0000  3.419627E-0009  6.543526E-0010
  1.713564E-0009  6.689049E-0010  2.429946E-0010  1.195612E-0009  2.936279E-0009  4.466448E-0009  7.600101E-0010  5.253452E-0009  3.419627E-0009  0.000000E+0000  1.688028E-0009
  2.932659E-0010  2.452838E-0010  7.982404E-0011  9.527048E-0010  2.919813E-0010  3.317500E-0009  4.481748E-0010  1.208798E-0009  6.543526E-0010  1.688028E-0009  0.000000E+0000

  0.000000E+0000  3.822762E-0010  1.746286E-0010  1.942465E-0009  3.910106E-0009  4.152366E-0009  1.105985E-0009  8.291967E-0009  5.179554E-0009  2.817104E-0009  1.022949E-0008
  3.822762E-0010  0.000000E+0000  1.411141E-0010  1.548670E-0009  3.472401E-0009  2.870422E-0009  8.071058E-0010  3.436391E-0009  3.406836E-0009  1.604523E-0009  8.880213E-0009
  1.746286E-0010  1.411141E-0010  0.000000E+0000  3.908718E-0010  1.182534E-0009  5.420669E-0010  1.896663E-0010  4.250316E-0010  5.930528E-0010  5.315091E-0010  2.735037E-0009
  1.942465E-0009  1.548670E-0009  3.908718E-0010  0.000000E+0000  3.632294E-0009  4.168149E-0009  7.316188E-0010  5.132473E-0009  3.989375E-0009  2.784360E-0009  9.565171E-0009
  3.910106E-0009  3.472401E-0009  1.182534E-0009  3.632294E-0009  0.000000E+0000  5.597374E-0009  2.363890E-0009  1.730356E-0008  7.120095E-0009  8.887882E-0009  1.107606E-0008
  4.152366E-0009  2.870422E-0009  5.420669E-0010  4.168149E-0009  5.597374E-0009  0.000000E+0000  3.721778E-0009  1.473574E-0008  9.525827E-0009  8.755226E-0009  1.206461E-0008
  1.105985E-0009  8.071058E-0010  1.896663E-0010  7.316188E-0010  2.363890E-0009  3.721778E-0009  0.000000E+0000  3.201506E-0010  7.269407E-0010  2.052789E-0009  6.531635E-0009
  8.291967E-0009  3.436391E-0009  4.250316E-0010  5.132473E-0009  1.730356E-0008  1.473574E-0008  3.201506E-0010  0.000000E+0000  5.258803E-0009  2.372624E-0008  8.241064E-0009
  5.179554E-0009  3.406836E-0009  5.930528E-0010  3.989375E-0009  7.120095E-0009  9.525827E-0009  7.269407E-0010  5.258803E-0009  0.000000E+0000  8.091916E-0009  9.491960E-0009
  2.817104E-0009  1.604523E-0009  5.315091E-0010  2.784360E-0009  8.887882E-0009  8.755226E-0009  2.052789E-0009  2.372624E-0008  8.091916E-0009  0.000000E+0000  1.142973E-0008
  1.022949E-0008  8.880213E-0009  2.735037E-0009  9.565171E-0009  1.107606E-0008  1.206461E-0008  6.531635E-0009  8.241064E-0009  9.491960E-0009  1.142973E-0008  0.000000E+0000
