6661999 = Ignore first line (new format code)
File name: E:\Folders\PhD\ISAD\ISAD_Curry_data\ISAD_EEGs\eLORETA\EEGs_128Hz_200sec-window\Clinical_v_Healthy\T1_clinical_all\F10-ROIlinLagConn-crss.txt
1 = Number of time frames in Time X Frequency decomposition
3 = Number of EEG files
11 = Number Electrodes
25600 = Number of time frames in EEG files
32768 = Number of time frames in EEG files power of 2
7 = Number of matrices
5 = Band type (1=Classical1; 2=Classical2; 3=DiscreteFreqs; 4=AllDiscreteFreqs; 5=UserDefinedBands)
 1.280000E+0002 = Sampling rate Hz
-1.000000E+0002 = Freq1 Hz
-1.000000E+0002 = Freq2 Hz
 3.906250E-0003 = Frequency resolution Hz

  0.000000E+0000  7.079159E-0004  3.408323E-0004  9.052695E-0004  2.298966E-0003  2.568588E-0003  7.451481E-0003  3.315537E-0003  7.780077E-0004  2.389369E-0003  4.871256E-0003
  7.079159E-0004  0.000000E+0000  2.969998E-0004  2.433808E-0003  2.822495E-0003  6.714909E-0003  7.554332E-0003  2.494876E-0002  1.808509E-0003  4.264782E-0003  2.591275E-0003
  3.408323E-0004  2.969998E-0004  0.000000E+0000  1.175482E-0003  8.308656E-0004  2.738889E-0003  2.521219E-0004  2.082074E-0003  2.273936E-0004  5.972792E-0003  3.627995E-0004
  9.052695E-0004  2.433808E-0003  1.175482E-0003  0.000000E+0000  9.568081E-0004  3.048801E-0003  3.154078E-0003  1.065304E-0002  4.240305E-0003  4.064357E-0003  1.268360E-0002
  2.298966E-0003  2.822495E-0003  8.308656E-0004  9.568081E-0004  0.000000E+0000  1.217125E-0002  2.512487E-0003  2.040509E-0002  2.748790E-0003  9.235793E-0003  2.930861E-0003
  2.568588E-0003  6.714909E-0003  2.738889E-0003  3.048801E-0003  1.217125E-0002  0.000000E+0000  4.969507E-0003  1.703388E-0002  8.709851E-0003  9.999873E-0003  1.042853E-0002
  7.451481E-0003  7.554332E-0003  2.521219E-0004  3.154078E-0003  2.512487E-0003  4.969507E-0003  0.000000E+0000  1.603525E-0002  1.303290E-0002  1.546279E-0002  5.077288E-0003
  3.315537E-0003  2.494876E-0002  2.082074E-0003  1.065304E-0002  2.040509E-0002  1.703388E-0002  1.603525E-0002  0.000000E+0000  1.013468E-0002  3.652480E-0002  2.727555E-0002
  7.780077E-0004  1.808509E-0003  2.273936E-0004  4.240305E-0003  2.748790E-0003  8.709851E-0003  1.303290E-0002  1.013468E-0002  0.000000E+0000  7.925889E-0003  7.172653E-0003
  2.389369E-0003  4.264782E-0003  5.972792E-0003  4.064357E-0003  9.235793E-0003  9.999873E-0003  1.546279E-0002  3.652480E-0002  7.925889E-0003  0.000000E+0000  1.220068E-0002
  4.871256E-0003  2.591275E-0003  3.627995E-0004  1.268360E-0002  2.930861E-0003  1.042853E-0002  5.077288E-0003  2.727555E-0002  7.172653E-0003  1.220068E-0002  0.000000E+0000

  0.000000E+0000  3.102478E-0004  2.523693E-0005  3.888275E-0003  1.701965E-0003  3.567518E-0003  1.185361E-0003  3.222361E-0004  2.475324E-0004  2.285160E-0002  1.125997E-0003
  3.102478E-0004  0.000000E+0000  9.265250E-0006  4.890509E-0003  1.939876E-0003  4.180116E-0003  1.356750E-0003  2.390025E-0004  5.114051E-0004  2.399052E-0002  8.595341E-0004
  2.523693E-0005  9.265250E-0006  0.000000E+0000  2.558558E-0004  1.074099E-0004  9.241352E-0004  3.867086E-0004  4.225004E-0004  2.163644E-0005  9.290562E-0004  2.428172E-0004
  3.888275E-0003  4.890509E-0003  2.558558E-0004  0.000000E+0000  4.577799E-0003  5.344851E-0003  1.488631E-0003  1.086586E-0002  4.689666E-0003  4.042369E-0003  2.972129E-0003
  1.701965E-0003  1.939876E-0003  1.074099E-0004  4.577799E-0003  0.000000E+0000  5.560100E-0003  2.129717E-0003  1.491642E-0003  3.433581E-0003  2.058507E-0002  1.875296E-0003
  3.567518E-0003  4.180116E-0003  9.241352E-0004  5.344851E-0003  5.560100E-0003  0.000000E+0000  5.802508E-0003  1.044151E-0002  1.344081E-0002  1.904777E-0002  7.427101E-0003
  1.185361E-0003  1.356750E-0003  3.867086E-0004  1.488631E-0003  2.129717E-0003  5.802508E-0003  0.000000E+0000  2.542539E-0003  3.098229E-0003  1.221891E-0002  4.587603E-0003
  3.222361E-0004  2.390025E-0004  4.225004E-0004  1.086586E-0002  1.491642E-0003  1.044151E-0002  2.542539E-0003  0.000000E+0000  8.673198E-0004  3.488493E-0002  2.391654E-0003
  2.475324E-0004  5.114051E-0004  2.163644E-0005  4.689666E-0003  3.433581E-0003  1.344081E-0002  3.098229E-0003  8.673198E-0004  0.000000E+0000  4.554215E-0002  4.132058E-0003
  2.285160E-0002  2.399052E-0002  9.290562E-0004  4.042369E-0003  2.058507E-0002  1.904777E-0002  1.221891E-0002  3.488493E-0002  4.554215E-0002  0.000000E+0000  1.655963E-0002
  1.125997E-0003  8.595341E-0004  2.428172E-0004  2.972129E-0003  1.875296E-0003  7.427101E-0003  4.587603E-0003  2.391654E-0003  4.132058E-0003  1.655963E-0002  0.000000E+0000

  0.000000E+0000  1.024405E-0004  8.081906E-0005  9.421523E-0005  3.768394E-0004  4.453326E-0004  5.790025E-0004  1.158370E-0003  1.653654E-0004  8.527595E-0004  1.054895E-0004
  1.024405E-0004  0.000000E+0000  1.602403E-0005  1.354547E-0004  1.894115E-0005  2.243346E-0004  7.249413E-0005  4.397378E-0004  1.671140E-0004  8.977752E-0004  1.491758E-0004
  8.081906E-0005  1.602403E-0005  0.000000E+0000  1.347342E-0004  9.685165E-0005  9.800442E-0005  1.634984E-0004  1.732698E-0004  5.233246E-0005  1.726016E-0004  2.840905E-0004
  9.421523E-0005  1.354547E-0004  1.347342E-0004  0.000000E+0000  1.209122E-0003  1.164751E-0003  1.768269E-0003  1.993414E-0003  1.963729E-0004  1.881004E-0003  1.206444E-0003
  3.768394E-0004  1.894115E-0005  9.685165E-0005  1.209122E-0003  0.000000E+0000  1.121195E-0003  3.437500E-0004  2.869972E-0004  7.225300E-0004  2.245046E-0003  1.287172E-0003
  4.453326E-0004  2.243346E-0004  9.800442E-0005  1.164751E-0003  1.121195E-0003  0.000000E+0000  1.299527E-0003  1.738848E-0003  6.284331E-0004  2.829574E-0003  1.832044E-0003
  5.790025E-0004  7.249413E-0005  1.634984E-0004  1.768269E-0003  3.437500E-0004  1.299527E-0003  0.000000E+0000  1.572190E-0003  7.869856E-0004  2.025442E-0003  2.695445E-0003
  1.158370E-0003  4.397378E-0004  1.732698E-0004  1.993414E-0003  2.869972E-0004  1.738848E-0003  1.572190E-0003  0.000000E+0000  8.361794E-0004  2.605481E-0003  2.156267E-0003
  1.653654E-0004  1.671140E-0004  5.233246E-0005  1.963729E-0004  7.225300E-0004  6.284331E-0004  7.869856E-0004  8.361794E-0004  0.000000E+0000  4.984307E-0004  1.638737E-0004
  8.527595E-0004  8.977752E-0004  1.726016E-0004  1.881004E-0003  2.245046E-0003  2.829574E-0003  2.025442E-0003  2.605481E-0003  4.984307E-0004  0.000000E+0000  2.003712E-0003
  1.054895E-0004  1.491758E-0004  2.840905E-0004  1.206444E-0003  1.287172E-0003  1.832044E-0003  2.695445E-0003  2.156267E-0003  1.638737E-0004  2.003712E-0003  0.000000E+0000

  0.000000E+0000  1.055302E-0004  1.467282E-0005  8.328676E-0004  7.071254E-0005  3.005112E-0003  3.734604E-0004  3.310541E-0004  2.195141E-0004  2.348065E-0003  4.521263E-0004
  1.055302E-0004  0.000000E+0000  3.256611E-0005  2.396201E-0004  1.484633E-0004  3.345119E-0004  1.582748E-0004  4.090585E-0004  1.605113E-0004  4.401687E-0004  2.216957E-0004
  1.467282E-0005  3.256611E-0005  0.000000E+0000  6.136002E-0005  1.076360E-0004  6.346618E-0005  5.409708E-0005  4.970529E-0005  6.495645E-0005  9.651743E-0005  5.648792E-0005
  8.328676E-0004  2.396201E-0004  6.136002E-0005  0.000000E+0000  5.322142E-0004  3.336954E-0003  3.783495E-0004  1.109489E-0003  2.093548E-0004  1.517753E-0003  5.467877E-0004
  7.071254E-0005  1.484633E-0004  1.076360E-0004  5.322142E-0004  0.000000E+0000  1.880309E-0003  6.431279E-0004  1.182669E-0003  5.936717E-0004  1.053577E-0003  8.265147E-0004
  3.005112E-0003  3.345119E-0004  6.346618E-0005  3.336954E-0003  1.880309E-0003  0.000000E+0000  2.287744E-0003  1.685755E-0003  1.839785E-0003  3.853190E-0003  3.270881E-0003
  3.734604E-0004  1.582748E-0004  5.409708E-0005  3.783495E-0004  6.431279E-0004  2.287744E-0003  0.000000E+0000  5.931602E-0004  2.732897E-0004  1.118865E-0003  1.716438E-0004
  3.310541E-0004  4.090585E-0004  4.970529E-0005  1.109489E-0003  1.182669E-0003  1.685755E-0003  5.931602E-0004  0.000000E+0000  8.104286E-0004  1.918836E-0003  4.888917E-0004
  2.195141E-0004  1.605113E-0004  6.495645E-0005  2.093548E-0004  5.936717E-0004  1.839785E-0003  2.732897E-0004  8.104286E-0004  0.000000E+0000  1.266222E-0003  2.880421E-0004
  2.348065E-0003  4.401687E-0004  9.651743E-0005  1.517753E-0003  1.053577E-0003  3.853190E-0003  1.118865E-0003  1.918836E-0003  1.266222E-0003  0.000000E+0000  2.679153E-0003
  4.521263E-0004  2.216957E-0004  5.648792E-0005  5.467877E-0004  8.265147E-0004  3.270881E-0003  1.716438E-0004  4.888917E-0004  2.880421E-0004  2.679153E-0003  0.000000E+0000

  0.000000E+0000  2.247049E-0003  2.242322E-0003  2.549071E-0002  2.805091E-0002  2.752107E-0002  5.971260E-0003  3.027066E-0003  8.909933E-0003  9.849538E-0003  5.854798E-0003
  2.247049E-0003  0.000000E+0000  1.308553E-0003  1.810690E-0002  5.543454E-0003  1.826325E-0002  1.746305E-0002  9.325500E-0003  4.829896E-0003  1.776186E-0002  9.405786E-0003
  2.242322E-0003  1.308553E-0003  0.000000E+0000  5.193985E-0003  4.192221E-0003  6.656707E-0003  4.201590E-0003  3.969088E-0003  2.362161E-0003  7.296103E-0003  3.617325E-0003
  2.549071E-0002  1.810690E-0002  5.193985E-0003  0.000000E+0000  3.654747E-0002  9.855700E-0002  4.260873E-0002  3.467559E-0002  7.847498E-0003  9.389884E-0002  4.160630E-0002
  2.805091E-0002  5.543454E-0003  4.192221E-0003  3.654747E-0002  0.000000E+0000  4.263108E-0002  1.362485E-0002  2.494877E-0002  3.348147E-0002  2.582677E-0002  3.106632E-0002
  2.752107E-0002  1.826325E-0002  6.656707E-0003  9.855700E-0002  4.263108E-0002  0.000000E+0000  4.540164E-0002  2.020933E-0002  8.903890E-0003  3.164193E-0002  2.327374E-0002
  5.971260E-0003  1.746305E-0002  4.201590E-0003  4.260873E-0002  1.362485E-0002  4.540164E-0002  0.000000E+0000  2.793136E-0002  1.548965E-0002  3.465156E-0002  1.903384E-0002
  3.027066E-0003  9.325500E-0003  3.969088E-0003  3.467559E-0002  2.494877E-0002  2.020933E-0002  2.793136E-0002  0.000000E+0000  1.577918E-0002  2.895605E-0002  1.789527E-0002
  8.909933E-0003  4.829896E-0003  2.362161E-0003  7.847498E-0003  3.348147E-0002  8.903890E-0003  1.548965E-0002  1.577918E-0002  0.000000E+0000  1.125366E-0002  2.533776E-0002
  9.849538E-0003  1.776186E-0002  7.296103E-0003  9.389884E-0002  2.582677E-0002  3.164193E-0002  3.465156E-0002  2.895605E-0002  1.125366E-0002  0.000000E+0000  2.448254E-0002
  5.854798E-0003  9.405786E-0003  3.617325E-0003  4.160630E-0002  3.106632E-0002  2.327374E-0002  1.903384E-0002  1.789527E-0002  2.533776E-0002  2.448254E-0002  0.000000E+0000

  0.000000E+0000  2.494524E-0003  7.978870E-0005  1.332314E-0003  5.597365E-0004  4.287028E-0003  2.248777E-0003  6.942965E-0003  1.339799E-0003  2.109220E-0003  2.922770E-0003
  2.494524E-0003  0.000000E+0000  1.895289E-0004  1.695567E-0003  2.562847E-0003  2.642608E-0003  1.781800E-0003  1.042380E-0003  2.386863E-0003  3.748998E-0003  1.212454E-0003
  7.978870E-0005  1.895289E-0004  0.000000E+0000  1.739949E-0004  3.418502E-0004  3.369556E-0004  5.520494E-0004  2.706420E-0004  3.444119E-0004  4.974562E-0004  2.513500E-0004
  1.332314E-0003  1.695567E-0003  1.739949E-0004  0.000000E+0000  1.343961E-0003  4.833552E-0003  1.602490E-0003  2.328760E-0003  2.506825E-0003  7.139348E-0003  4.821247E-0003
  5.597365E-0004  2.562847E-0003  3.418502E-0004  1.343961E-0003  0.000000E+0000  1.398520E-0003  5.624974E-0004  4.096453E-0003  2.101070E-0003  1.043809E-0003  2.029617E-0003
  4.287028E-0003  2.642608E-0003  3.369556E-0004  4.833552E-0003  1.398520E-0003  0.000000E+0000  3.849175E-0003  1.136192E-0002  4.119393E-0003  1.023808E-0002  7.562990E-0003
  2.248777E-0003  1.781800E-0003  5.520494E-0004  1.602490E-0003  5.624974E-0004  3.849175E-0003  0.000000E+0000  2.691356E-0003  1.486206E-0003  4.394407E-0003  1.871050E-0003
  6.942965E-0003  1.042380E-0003  2.706420E-0004  2.328760E-0003  4.096453E-0003  1.136192E-0002  2.691356E-0003  0.000000E+0000  4.451895E-0003  1.608360E-0002  5.920617E-0003
  1.339799E-0003  2.386863E-0003  3.444119E-0004  2.506825E-0003  2.101070E-0003  4.119393E-0003  1.486206E-0003  4.451895E-0003  0.000000E+0000  5.502783E-0003  2.690215E-0003
  2.109220E-0003  3.748998E-0003  4.974562E-0004  7.139348E-0003  1.043809E-0003  1.023808E-0002  4.394407E-0003  1.608360E-0002  5.502783E-0003  0.000000E+0000  1.605183E-0002
  2.922770E-0003  1.212454E-0003  2.513500E-0004  4.821247E-0003  2.029617E-0003  7.562990E-0003  1.871050E-0003  5.920617E-0003  2.690215E-0003  1.605183E-0002  0.000000E+0000

  0.000000E+0000  4.378308E-0004  1.921698E-0004  3.410270E-0004  1.715683E-0003  1.064299E-0003  3.575392E-0004  5.207481E-0004  1.020331E-0003  7.152789E-0004  3.696655E-0004
  4.378308E-0004  0.000000E+0000  8.896026E-0004  5.609175E-0004  2.833525E-0003  7.097534E-0004  1.131004E-0003  1.392221E-0003  3.232501E-0003  8.287132E-0004  1.277243E-0003
  1.921698E-0004  8.896026E-0004  0.000000E+0000  4.235985E-0004  1.401399E-0004  9.283009E-0004  4.023808E-0004  1.256019E-0003  3.799441E-0005  1.632253E-0003  1.077441E-0003
  3.410270E-0004  5.609175E-0004  4.235985E-0004  0.000000E+0000  9.260529E-0004  4.382545E-0003  2.334436E-0003  1.317065E-0003  4.447622E-0003  7.784693E-0004  4.698249E-0003
  1.715683E-0003  2.833525E-0003  1.401399E-0004  9.260529E-0004  0.000000E+0000  2.057983E-0003  7.947251E-0004  4.240868E-0003  6.910029E-0004  3.799091E-0003  2.195184E-0003
  1.064299E-0003  7.097534E-0004  9.283009E-0004  4.382545E-0003  2.057983E-0003  0.000000E+0000  2.574029E-0003  3.027484E-0003  5.790644E-0003  1.491761E-0003  3.321978E-0003
  3.575392E-0004  1.131004E-0003  4.023808E-0004  2.334436E-0003  7.947251E-0004  2.574029E-0003  0.000000E+0000  3.135768E-0003  1.088299E-0003  4.683611E-0003  2.005003E-0003
  5.207481E-0004  1.392221E-0003  1.256019E-0003  1.317065E-0003  4.240868E-0003  3.027484E-0003  3.135768E-0003  0.000000E+0000  1.822040E-0003  2.961750E-0003  3.900938E-0003
  1.020331E-0003  3.232501E-0003  3.799441E-0005  4.447622E-0003  6.910029E-0004  5.790644E-0003  1.088299E-0003  1.822040E-0003  0.000000E+0000  9.216561E-0003  2.646916E-0003
  7.152789E-0004  8.287132E-0004  1.632253E-0003  7.784693E-0004  3.799091E-0003  1.491761E-0003  4.683611E-0003  2.961750E-0003  9.216561E-0003  0.000000E+0000  5.063072E-0003
  3.696655E-0004  1.277243E-0003  1.077441E-0003  4.698249E-0003  2.195184E-0003  3.321978E-0003  2.005003E-0003  3.900938E-0003  2.646916E-0003  5.063072E-0003  0.000000E+0000
