6661999 = Ignore first line (new format code)
File name: E:\Folders\PhD\ISAD\ISAD_Curry_data\ISAD_EEGs\eLORETA\EEGs_128Hz_200sec-window\Clinical_v_Healthy\T1_clinical_all\F12-ROIlinLagConn-crss.txt
1 = Number of time frames in Time X Frequency decomposition
2 = Number of EEG files
11 = Number Electrodes
25600 = Number of time frames in EEG files
32768 = Number of time frames in EEG files power of 2
7 = Number of matrices
5 = Band type (1=Classical1; 2=Classical2; 3=DiscreteFreqs; 4=AllDiscreteFreqs; 5=UserDefinedBands)
 1.280000E+0002 = Sampling rate Hz
-1.000000E+0002 = Freq1 Hz
-1.000000E+0002 = Freq2 Hz
 3.906250E-0003 = Frequency resolution Hz

  0.000000E+0000  1.207040E-0002  5.408499E-0003  1.078061E-0001  2.261106E-0002  9.233107E-0002  5.157452E-0002  6.194086E-0002  2.199908E-0002  1.047670E-0001  4.827793E-0002
  1.207040E-0002  0.000000E+0000  7.592141E-0003  1.034667E-0001  3.438063E-0002  6.717623E-0002  7.322007E-0002  9.072412E-0002  3.836147E-0002  8.425947E-0002  7.461128E-0002
  5.408499E-0003  7.592141E-0003  0.000000E+0000  1.009001E-0002  8.648564E-0003  9.867008E-0003  7.558112E-0003  7.892014E-0003  3.221362E-0003  1.030817E-0002  9.487455E-0003
  1.078061E-0001  1.034667E-0001  1.009001E-0002  0.000000E+0000  1.370744E-0001  1.487661E-0001  1.399385E-0001  1.439126E-0001  6.371567E-0002  1.388271E-0001  1.638509E-0001
  2.261106E-0002  3.438063E-0002  8.648564E-0003  1.370744E-0001  0.000000E+0000  1.010408E-0001  8.498771E-0002  1.263841E-0001  4.725445E-0002  1.284327E-0001  1.206915E-0001
  9.233107E-0002  6.717623E-0002  9.867008E-0003  1.487661E-0001  1.010408E-0001  0.000000E+0000  1.355331E-0001  1.625789E-0001  6.685078E-0002  1.045751E-0001  1.832522E-0001
  5.157452E-0002  7.322007E-0002  7.558112E-0003  1.399385E-0001  8.498771E-0002  1.355331E-0001  0.000000E+0000  9.693425E-0002  3.755045E-0002  1.410747E-0001  8.158163E-0002
  6.194086E-0002  9.072412E-0002  7.892014E-0003  1.439126E-0001  1.263841E-0001  1.625789E-0001  9.693425E-0002  0.000000E+0000  4.038270E-0002  1.599004E-0001  1.344118E-0001
  2.199908E-0002  3.836147E-0002  3.221362E-0003  6.371567E-0002  4.725445E-0002  6.685078E-0002  3.755045E-0002  4.038270E-0002  0.000000E+0000  6.815121E-0002  5.431926E-0002
  1.047670E-0001  8.425947E-0002  1.030817E-0002  1.388271E-0001  1.284327E-0001  1.045751E-0001  1.410747E-0001  1.599004E-0001  6.815121E-0002  0.000000E+0000  1.862051E-0001
  4.827793E-0002  7.461128E-0002  9.487455E-0003  1.638509E-0001  1.206915E-0001  1.832522E-0001  8.158163E-0002  1.344118E-0001  5.431926E-0002  1.862051E-0001  0.000000E+0000

  0.000000E+0000  2.210434E-0005  1.585522E-0005  1.445709E-0003  4.810091E-0005  8.156269E-0004  1.402095E-0004  2.927023E-0004  1.705414E-0004  2.595719E-0003  6.586995E-0004
  2.210434E-0005  0.000000E+0000  6.060142E-0006  1.297759E-0003  6.168313E-0005  8.709891E-0004  2.087512E-0004  2.633357E-0004  4.567637E-0005  2.041681E-0003  8.371733E-0004
  1.585522E-0005  6.060142E-0006  0.000000E+0000  2.036513E-0004  2.079374E-0005  1.126648E-0004  2.799976E-0005  5.273055E-0005  1.302566E-0004  4.545125E-0004  9.298160E-0005
  1.445709E-0003  1.297759E-0003  2.036513E-0004  0.000000E+0000  2.261744E-0003  1.644161E-0003  4.899403E-0004  7.719846E-0004  6.596783E-0004  2.154582E-0003  5.276196E-0004
  4.810091E-0005  6.168313E-0005  2.079374E-0005  2.261744E-0003  0.000000E+0000  1.691993E-0003  2.355545E-0004  3.501006E-0004  8.852954E-0005  3.452141E-0003  1.383396E-0003
  8.156269E-0004  8.709891E-0004  1.126648E-0004  1.644161E-0003  1.691993E-0003  0.000000E+0000  7.328829E-0004  2.712280E-0004  5.836444E-0004  3.154996E-0003  1.235862E-0004
  1.402095E-0004  2.087512E-0004  2.799976E-0005  4.899403E-0004  2.355545E-0004  7.328829E-0004  0.000000E+0000  2.262518E-0004  3.876621E-0004  1.368278E-0003  1.560936E-0004
  2.927023E-0004  2.633357E-0004  5.273055E-0005  7.719846E-0004  3.501006E-0004  2.712280E-0004  2.262518E-0004  0.000000E+0000  1.388294E-0004  1.356863E-0003  4.735661E-0004
  1.705414E-0004  4.567637E-0005  1.302566E-0004  6.596783E-0004  8.852954E-0005  5.836444E-0004  3.876621E-0004  1.388294E-0004  0.000000E+0000  1.440597E-0003  4.817715E-0004
  2.595719E-0003  2.041681E-0003  4.545125E-0004  2.154582E-0003  3.452141E-0003  3.154996E-0003  1.368278E-0003  1.356863E-0003  1.440597E-0003  0.000000E+0000  2.447119E-0003
  6.586995E-0004  8.371733E-0004  9.298160E-0005  5.276196E-0004  1.383396E-0003  1.235862E-0004  1.560936E-0004  4.735661E-0004  4.817715E-0004  2.447119E-0003  0.000000E+0000

  0.000000E+0000  3.792848E-0004  8.888882E-0005  5.629991E-0003  5.111030E-0004  3.693020E-0003  1.243818E-0003  2.220260E-0003  2.716068E-0004  1.141695E-0002  1.907486E-0003
  3.792848E-0004  0.000000E+0000  1.163951E-0004  1.118046E-0002  8.875743E-0004  7.062785E-0003  2.479164E-0003  3.385767E-0003  3.232318E-0004  1.516620E-0002  1.909692E-0003
  8.888882E-0005  1.163951E-0004  0.000000E+0000  3.083606E-0004  7.756538E-0005  1.699857E-0004  1.715480E-0004  2.807172E-0004  6.086494E-0005  1.054819E-0003  5.804441E-0004
  5.629991E-0003  1.118046E-0002  3.083606E-0004  0.000000E+0000  1.758485E-0002  8.356242E-0003  1.273291E-0002  7.373274E-0003  1.429464E-0003  1.383593E-0002  2.835944E-0002
  5.111030E-0004  8.875743E-0004  7.756538E-0005  1.758485E-0002  0.000000E+0000  1.386472E-0002  2.493528E-0003  3.561404E-0003  3.600836E-0004  2.047109E-0002  3.279800E-0003
  3.693020E-0003  7.062785E-0003  1.699857E-0004  8.356242E-0003  1.386472E-0002  0.000000E+0000  9.191150E-0003  3.936494E-0003  1.010314E-0003  1.578424E-0002  1.912370E-0002
  1.243818E-0003  2.479164E-0003  1.715480E-0004  1.273291E-0002  2.493528E-0003  9.191150E-0003  0.000000E+0000  6.175958E-0003  5.913161E-0004  2.260380E-0002  4.645157E-0003
  2.220260E-0003  3.385767E-0003  2.807172E-0004  7.373274E-0003  3.561404E-0003  3.936494E-0003  6.175958E-0003  0.000000E+0000  6.428477E-0004  1.049525E-0002  9.165321E-0003
  2.716068E-0004  3.232318E-0004  6.086494E-0005  1.429464E-0003  3.600836E-0004  1.010314E-0003  5.913161E-0004  6.428477E-0004  0.000000E+0000  2.605867E-0003  1.329133E-0003
  1.141695E-0002  1.516620E-0002  1.054819E-0003  1.383593E-0002  2.047109E-0002  1.578424E-0002  2.260380E-0002  1.049525E-0002  2.605867E-0003  0.000000E+0000  3.815035E-0002
  1.907486E-0003  1.909692E-0003  5.804441E-0004  2.835944E-0002  3.279800E-0003  1.912370E-0002  4.645157E-0003  9.165321E-0003  1.329133E-0003  3.815035E-0002  0.000000E+0000

  0.000000E+0000  2.274817E-0004  4.376260E-0005  1.736691E-0003  2.363801E-0004  1.094256E-0003  9.247881E-0004  9.737704E-0004  5.083036E-0004  2.831626E-0003  2.182548E-0003
  2.274817E-0004  0.000000E+0000  7.546152E-0005  3.229057E-0003  4.063420E-0004  1.974118E-0003  1.484508E-0003  1.413220E-0003  2.547308E-0004  2.629028E-0003  1.786284E-0003
  4.376260E-0005  7.546152E-0005  0.000000E+0000  1.154965E-0004  7.482656E-0005  1.367385E-0004  1.632716E-0004  1.651920E-0004  9.042777E-0005  2.868526E-0004  4.967951E-0004
  1.736691E-0003  3.229057E-0003  1.154965E-0004  0.000000E+0000  5.669227E-0003  3.258492E-0003  3.540859E-0003  1.831932E-0003  5.380292E-0004  3.353706E-0003  6.620732E-0003
  2.363801E-0004  4.063420E-0004  7.482656E-0005  5.669227E-0003  0.000000E+0000  4.228606E-0003  1.895588E-0003  1.702924E-0003  3.812226E-0004  5.419399E-0003  3.163610E-0003
  1.094256E-0003  1.974118E-0003  1.367385E-0004  3.258492E-0003  4.228606E-0003  0.000000E+0000  2.499786E-0003  1.431577E-0003  4.485932E-0004  3.761759E-0003  6.525640E-0003
  9.247881E-0004  1.484508E-0003  1.632716E-0004  3.540859E-0003  1.895588E-0003  2.499786E-0003  0.000000E+0000  2.115499E-0003  6.578290E-0004  3.078126E-0003  2.708440E-0003
  9.737704E-0004  1.413220E-0003  1.651920E-0004  1.831932E-0003  1.702924E-0003  1.431577E-0003  2.115499E-0003  0.000000E+0000  2.844638E-0004  1.495026E-0003  3.034747E-0003
  5.083036E-0004  2.547308E-0004  9.042777E-0005  5.380292E-0004  3.812226E-0004  4.485932E-0004  6.578290E-0004  2.844638E-0004  0.000000E+0000  5.437679E-0004  1.430144E-0003
  2.831626E-0003  2.629028E-0003  2.868526E-0004  3.353706E-0003  5.419399E-0003  3.761759E-0003  3.078126E-0003  1.495026E-0003  5.437679E-0004  0.000000E+0000  6.722541E-0003
  2.182548E-0003  1.786284E-0003  4.967951E-0004  6.620732E-0003  3.163610E-0003  6.525640E-0003  2.708440E-0003  3.034747E-0003  1.430144E-0003  6.722541E-0003  0.000000E+0000

  0.000000E+0000  2.936881E-0002  9.901861E-0003  1.363920E-0001  3.266671E-0002  8.222012E-0002  1.583757E-0001  3.548745E-0002  5.595699E-0002  1.315588E-0001  1.970039E-0001
  2.936881E-0002  0.000000E+0000  1.158833E-0002  1.281938E-0001  1.864332E-0002  3.215020E-0002  1.179769E-0001  1.176643E-0002  8.198381E-0002  1.711644E-0001  1.694178E-0001
  9.901861E-0003  1.158833E-0002  0.000000E+0000  2.262657E-0002  1.283548E-0002  1.381474E-0002  2.520023E-0002  1.083553E-0002  1.072280E-0002  2.620870E-0002  3.182567E-0002
  1.363920E-0001  1.281938E-0001  2.262657E-0002  0.000000E+0000  1.925098E-0001  1.386732E-0001  6.345222E-0002  9.755911E-0002  1.027417E-0001  2.080066E-0001  2.246327E-0002
  3.266671E-0002  1.864332E-0002  1.283548E-0002  1.925098E-0001  0.000000E+0000  8.450180E-0002  2.060609E-0001  1.697750E-0002  9.606190E-0002  2.144516E-0001  3.301542E-0001
  8.222012E-0002  3.215020E-0002  1.381474E-0002  1.386732E-0001  8.450180E-0002  0.000000E+0000  5.137088E-0002  2.076574E-0002  9.257290E-0002  2.004530E-0001  1.107434E-0001
  1.583757E-0001  1.179769E-0001  2.520023E-0002  6.345222E-0002  2.060609E-0001  5.137088E-0002  0.000000E+0000  6.001774E-0002  1.234372E-0001  1.061029E-0001  8.653437E-0002
  3.548745E-0002  1.176643E-0002  1.083553E-0002  9.755911E-0002  1.697750E-0002  2.076574E-0002  6.001774E-0002  0.000000E+0000  7.274456E-0002  1.493456E-0001  9.476565E-0002
  5.595699E-0002  8.198381E-0002  1.072280E-0002  1.027417E-0001  9.606190E-0002  9.257290E-0002  1.234372E-0001  7.274456E-0002  0.000000E+0000  9.565834E-0002  1.513991E-0001
  1.315588E-0001  1.711644E-0001  2.620870E-0002  2.080066E-0001  2.144516E-0001  2.004530E-0001  1.061029E-0001  1.493456E-0001  9.565834E-0002  0.000000E+0000  1.682839E-0001
  1.970039E-0001  1.694178E-0001  3.182567E-0002  2.246327E-0002  3.301542E-0001  1.107434E-0001  8.653437E-0002  9.476565E-0002  1.513991E-0001  1.682839E-0001  0.000000E+0000

  0.000000E+0000  1.042606E-0003  5.561181E-0004  9.653065E-0004  1.759401E-0003  1.009118E-0003  5.203419E-0003  1.912589E-0003  2.487117E-0003  1.550431E-0003  7.772372E-0003
  1.042606E-0003  0.000000E+0000  5.055775E-0004  6.240549E-0004  1.459576E-0003  4.716446E-0004  3.584883E-0003  1.884631E-0003  2.884292E-0003  9.581997E-0004  5.866221E-0003
  5.561181E-0004  5.055775E-0004  0.000000E+0000  2.760682E-0004  5.978673E-0004  3.421498E-0004  1.082505E-0003  3.571720E-0004  2.161560E-0004  3.226968E-0004  1.632774E-0003
  9.653065E-0004  6.240549E-0004  2.760682E-0004  0.000000E+0000  9.218173E-0004  1.171443E-0003  1.629872E-0003  1.159784E-0003  1.712907E-0003  1.401601E-0003  2.180679E-0003
  1.759401E-0003  1.459576E-0003  5.978673E-0004  9.218173E-0004  0.000000E+0000  1.206048E-0003  6.135338E-0003  2.499477E-0003  3.540586E-0003  1.278056E-0003  9.669657E-0003
  1.009118E-0003  4.716446E-0004  3.421498E-0004  1.171443E-0003  1.206048E-0003  0.000000E+0000  2.964434E-0003  1.899300E-0003  2.153110E-0003  1.068753E-0003  4.333436E-0003
  5.203419E-0003  3.584883E-0003  1.082505E-0003  1.629872E-0003  6.135338E-0003  2.964434E-0003  0.000000E+0000  2.238600E-0003  3.892740E-0003  4.065983E-0003  4.647105E-0003
  1.912589E-0003  1.884631E-0003  3.571720E-0004  1.159784E-0003  2.499477E-0003  1.899300E-0003  2.238600E-0003  0.000000E+0000  1.969670E-0003  2.142635E-0003  3.404338E-0003
  2.487117E-0003  2.884292E-0003  2.161560E-0004  1.712907E-0003  3.540586E-0003  2.153110E-0003  3.892740E-0003  1.969670E-0003  0.000000E+0000  2.108240E-0003  5.322624E-0003
  1.550431E-0003  9.581997E-0004  3.226968E-0004  1.401601E-0003  1.278056E-0003  1.068753E-0003  4.065983E-0003  2.142635E-0003  2.108240E-0003  0.000000E+0000  5.781153E-0003
  7.772372E-0003  5.866221E-0003  1.632774E-0003  2.180679E-0003  9.669657E-0003  4.333436E-0003  4.647105E-0003  3.404338E-0003  5.322624E-0003  5.781153E-0003  0.000000E+0000

  0.000000E+0000  2.037149E-0003  1.135706E-0003  4.939110E-0003  3.350043E-0003  3.789230E-0003  5.063221E-0003  5.186001E-0003  3.895933E-0003  3.252482E-0003  1.127444E-0002
  2.037149E-0003  0.000000E+0000  5.741274E-0004  7.470732E-0003  3.285005E-0003  4.118635E-0003  4.646952E-0003  4.408903E-0003  3.625105E-0003  5.373834E-0003  6.610943E-0003
  1.135706E-0003  5.741274E-0004  0.000000E+0000  9.230270E-0004  5.504056E-0004  7.855625E-0004  1.051671E-0003  1.053828E-0003  1.221439E-0004  1.955991E-0003  2.525367E-0003
  4.939110E-0003  7.470732E-0003  9.230270E-0004  0.000000E+0000  7.979502E-0003  3.522774E-0003  1.556656E-0003  5.677955E-0003  2.875726E-0003  7.894850E-0003  1.591432E-0003
  3.350043E-0003  3.285005E-0003  5.504056E-0004  7.979502E-0003  0.000000E+0000  4.274643E-0003  5.312930E-0003  5.244724E-0003  4.053412E-0003  6.167909E-0003  1.254374E-0002
  3.789230E-0003  4.118635E-0003  7.855625E-0004  3.522774E-0003  4.274643E-0003  0.000000E+0000  3.264046E-0003  2.789000E-0003  4.053788E-0003  9.778046E-0003  5.098297E-0003
  5.063221E-0003  4.646952E-0003  1.051671E-0003  1.556656E-0003  5.312930E-0003  3.264046E-0003  0.000000E+0000  1.868361E-0003  2.877410E-0003  6.546876E-0003  5.686490E-0003
  5.186001E-0003  4.408903E-0003  1.053828E-0003  5.677955E-0003  5.244724E-0003  2.789000E-0003  1.868361E-0003  0.000000E+0000  4.936091E-0003  1.156898E-0002  3.264979E-0003
  3.895933E-0003  3.625105E-0003  1.221439E-0004  2.875726E-0003  4.053412E-0003  4.053788E-0003  2.877410E-0003  4.936091E-0003  0.000000E+0000  8.397148E-0003  7.191766E-0003
  3.252482E-0003  5.373834E-0003  1.955991E-0003  7.894850E-0003  6.167909E-0003  9.778046E-0003  6.546876E-0003  1.156898E-0002  8.397148E-0003  0.000000E+0000  8.621939E-0003
  1.127444E-0002  6.610943E-0003  2.525367E-0003  1.591432E-0003  1.254374E-0002  5.098297E-0003  5.686490E-0003  3.264979E-0003  7.191766E-0003  8.621939E-0003  0.000000E+0000
