6661999 = Ignore first line (new format code)
File name: E:\Folders\PhD\ISAD\ISAD_Curry_data\ISAD_EEGs\eLORETA\EEGs_128Hz_200sec-window\Clinical_v_Healthy\T1_clinical_all\F13-ROIlinLagConn-crss.txt
1 = Number of time frames in Time X Frequency decomposition
3 = Number of EEG files
11 = Number Electrodes
25600 = Number of time frames in EEG files
32768 = Number of time frames in EEG files power of 2
7 = Number of matrices
5 = Band type (1=Classical1; 2=Classical2; 3=DiscreteFreqs; 4=AllDiscreteFreqs; 5=UserDefinedBands)
 1.280000E+0002 = Sampling rate Hz
-1.000000E+0002 = Freq1 Hz
-1.000000E+0002 = Freq2 Hz
 3.906250E-0003 = Frequency resolution Hz

  0.000000E+0000  7.173755E-0003  4.679392E-0003  8.345582E-0002  1.560267E-0002  4.528954E-0002  3.778027E-0002  1.679055E-0002  8.173028E-0003  6.302771E-0002  5.365356E-0002
  7.173755E-0003  0.000000E+0000  1.143251E-0003  9.113936E-0003  4.658892E-0003  2.315857E-0003  5.343645E-0003  7.268915E-0003  9.435857E-0003  2.835537E-0003  1.639162E-0002
  4.679392E-0003  1.143251E-0003  0.000000E+0000  1.328694E-0002  3.978301E-0003  5.960688E-0003  5.766409E-0003  2.849031E-0003  3.923767E-0003  7.725016E-0003  1.134125E-0002
  8.345582E-0002  9.113936E-0003  1.328694E-0002  0.000000E+0000  3.862615E-0002  9.611438E-0002  6.413051E-0002  1.148658E-0001  1.145317E-0001  1.190415E-0001  1.191631E-0001
  1.560267E-0002  4.658892E-0003  3.978301E-0003  3.862615E-0002  0.000000E+0000  5.063387E-0003  1.788520E-0002  2.669397E-0002  2.323391E-0002  4.295941E-0003  4.976896E-0002
  4.528954E-0002  2.315857E-0003  5.960688E-0003  9.611438E-0002  5.063387E-0003  0.000000E+0000  3.117718E-0002  5.015719E-0002  6.496248E-0002  2.660010E-0002  1.093714E-0001
  3.778027E-0002  5.343645E-0003  5.766409E-0003  6.413051E-0002  1.788520E-0002  3.117718E-0002  0.000000E+0000  4.292122E-0002  5.166237E-0002  5.327384E-0002  5.556174E-0002
  1.679055E-0002  7.268915E-0003  2.849031E-0003  1.148658E-0001  2.669397E-0002  5.015719E-0002  4.292122E-0002  0.000000E+0000  2.501820E-0002  7.496721E-0002  7.773243E-0002
  8.173028E-0003  9.435857E-0003  3.923767E-0003  1.145317E-0001  2.323391E-0002  6.496248E-0002  5.166237E-0002  2.501820E-0002  0.000000E+0000  8.476041E-0002  7.257164E-0002
  6.302771E-0002  2.835537E-0003  7.725016E-0003  1.190415E-0001  4.295941E-0003  2.660010E-0002  5.327384E-0002  7.496721E-0002  8.476041E-0002  0.000000E+0000  1.315248E-0001
  5.365356E-0002  1.639162E-0002  1.134125E-0002  1.191631E-0001  4.976896E-0002  1.093714E-0001  5.556174E-0002  7.773243E-0002  7.257164E-0002  1.315248E-0001  0.000000E+0000

  0.000000E+0000  2.565404E-0003  2.528226E-0003  5.343802E-0003  7.954775E-0003  4.573034E-0003  6.862730E-0003  7.975678E-0003  5.671476E-0003  4.812843E-0003  9.492189E-0003
  2.565404E-0003  0.000000E+0000  4.475238E-0004  3.492412E-0003  1.379488E-0003  9.172128E-0004  3.303068E-0003  1.561281E-0003  2.202617E-0003  1.229847E-0003  6.200602E-0003
  2.528226E-0003  4.475238E-0004  0.000000E+0000  3.080617E-0003  1.288788E-0003  3.753839E-0003  4.325036E-0003  2.061891E-0003  3.789368E-0003  1.717767E-0003  6.781926E-0003
  5.343802E-0003  3.492412E-0003  3.080617E-0003  0.000000E+0000  7.149238E-0003  2.568996E-0002  2.682673E-0003  1.105652E-0002  5.803269E-0003  2.927812E-0002  1.258895E-0002
  7.954775E-0003  1.379488E-0003  1.288788E-0003  7.149238E-0003  0.000000E+0000  2.661291E-0003  6.345373E-0003  8.396043E-0003  7.705373E-0003  3.110683E-0003  1.217898E-0002
  4.573034E-0003  9.172128E-0004  3.753839E-0003  2.568996E-0002  2.661291E-0003  0.000000E+0000  1.097353E-0002  4.990415E-0003  4.755464E-0003  1.304936E-0002  2.688489E-0002
  6.862730E-0003  3.303068E-0003  4.325036E-0003  2.682673E-0003  6.345373E-0003  1.097353E-0002  0.000000E+0000  1.474907E-0002  1.750397E-0002  4.652475E-0003  5.415628E-0003
  7.975678E-0003  1.561281E-0003  2.061891E-0003  1.105652E-0002  8.396043E-0003  4.990415E-0003  1.474907E-0002  0.000000E+0000  9.541110E-0003  6.655124E-0003  1.979611E-0002
  5.671476E-0003  2.202617E-0003  3.789368E-0003  5.803269E-0003  7.705373E-0003  4.755464E-0003  1.750397E-0002  9.541110E-0003  0.000000E+0000  4.967699E-0003  1.876446E-0002
  4.812843E-0003  1.229847E-0003  1.717767E-0003  2.927812E-0002  3.110683E-0003  1.304936E-0002  4.652475E-0003  6.655124E-0003  4.967699E-0003  0.000000E+0000  1.602093E-0002
  9.492189E-0003  6.200602E-0003  6.781926E-0003  1.258895E-0002  1.217898E-0002  2.688489E-0002  5.415628E-0003  1.979611E-0002  1.876446E-0002  1.602093E-0002  0.000000E+0000

  0.000000E+0000  1.726120E-0003  5.796446E-0003  1.234402E-0002  6.729914E-0003  3.641950E-0003  7.357170E-0003  1.069738E-0002  8.835605E-0003  5.560132E-0003  1.353657E-0002
  1.726120E-0003  0.000000E+0000  9.103383E-0004  3.322793E-0003  4.107332E-0004  1.976049E-0003  1.541399E-0003  5.180297E-0004  5.909218E-0004  5.040918E-0004  2.487178E-0003
  5.796446E-0003  9.103383E-0004  0.000000E+0000  5.099028E-0003  2.965372E-0003  2.192018E-0003  6.029581E-0003  2.742218E-0003  5.500501E-0003  1.455790E-0003  4.716347E-0003
  1.234402E-0002  3.322793E-0003  5.099028E-0003  0.000000E+0000  9.139248E-0003  5.331139E-0003  7.753364E-0003  1.748206E-0002  1.746882E-0002  7.187728E-0003  8.712332E-0003
  6.729914E-0003  4.107332E-0004  2.965372E-0003  9.139248E-0003  0.000000E+0000  3.121777E-0003  4.869691E-0003  1.948059E-0003  2.549984E-0003  3.435545E-0003  8.948931E-0003
  3.641950E-0003  1.976049E-0003  2.192018E-0003  5.331139E-0003  3.121777E-0003  0.000000E+0000  3.308283E-0003  5.710552E-0003  4.634493E-0003  7.912556E-0003  1.490046E-0002
  7.357170E-0003  1.541399E-0003  6.029581E-0003  7.753364E-0003  4.869691E-0003  3.308283E-0003  0.000000E+0000  1.252017E-0002  9.849492E-0003  2.503674E-0003  6.471083E-0003
  1.069738E-0002  5.180297E-0004  2.742218E-0003  1.748206E-0002  1.948059E-0003  5.710552E-0003  1.252017E-0002  0.000000E+0000  1.502533E-0002  7.698158E-0003  1.884543E-0002
  8.835605E-0003  5.909218E-0004  5.500501E-0003  1.746882E-0002  2.549984E-0003  4.634493E-0003  9.849492E-0003  1.502533E-0002  0.000000E+0000  5.070015E-0003  1.309314E-0002
  5.560132E-0003  5.040918E-0004  1.455790E-0003  7.187728E-0003  3.435545E-0003  7.912556E-0003  2.503674E-0003  7.698158E-0003  5.070015E-0003  0.000000E+0000  1.603776E-0002
  1.353657E-0002  2.487178E-0003  4.716347E-0003  8.712332E-0003  8.948931E-0003  1.490046E-0002  6.471083E-0003  1.884543E-0002  1.309314E-0002  1.603776E-0002  0.000000E+0000

  0.000000E+0000  1.390050E-0003  4.967226E-0003  4.559479E-0003  5.846347E-0003  1.125900E-0002  1.790020E-0003  7.735766E-0003  7.858764E-0003  3.223453E-0003  2.747572E-0003
  1.390050E-0003  0.000000E+0000  4.180950E-0004  1.679118E-0003  5.814171E-0004  3.502686E-0003  4.673614E-0004  8.487841E-0004  8.584845E-0004  1.033099E-0003  5.753982E-0004
  4.967226E-0003  4.180950E-0004  0.000000E+0000  6.017246E-0003  1.257026E-0003  1.144137E-0002  6.558959E-0004  1.371225E-0003  1.284667E-0003  2.260954E-0003  1.276021E-0003
  4.559479E-0003  1.679118E-0003  6.017246E-0003  0.000000E+0000  8.902952E-0003  5.005921E-0003  6.156088E-0003  8.614852E-0003  8.392208E-0003  7.363765E-0003  4.562766E-0003
  5.846347E-0003  5.814171E-0004  1.257026E-0003  8.902952E-0003  0.000000E+0000  1.693835E-0002  2.830213E-0004  5.086464E-0003  2.872908E-0003  4.961334E-0003  9.367740E-0004
  1.125900E-0002  3.502686E-0003  1.144137E-0002  5.005921E-0003  1.693835E-0002  0.000000E+0000  3.493625E-0003  2.190061E-0002  2.169678E-0002  6.734566E-0003  8.675490E-0003
  1.790020E-0003  4.673614E-0004  6.558959E-0004  6.156088E-0003  2.830213E-0004  3.493625E-0003  0.000000E+0000  9.347402E-0004  5.487624E-0004  6.381576E-0004  3.472971E-0003
  7.735766E-0003  8.487841E-0004  1.371225E-0003  8.614852E-0003  5.086464E-0003  2.190061E-0002  9.347402E-0004  0.000000E+0000  1.064508E-0002  3.384311E-0003  1.142398E-0003
  7.858764E-0003  8.584845E-0004  1.284667E-0003  8.392208E-0003  2.872908E-0003  2.169678E-0002  5.487624E-0004  1.064508E-0002  0.000000E+0000  4.004070E-0003  6.974821E-0004
  3.223453E-0003  1.033099E-0003  2.260954E-0003  7.363765E-0003  4.961334E-0003  6.734566E-0003  6.381576E-0004  3.384311E-0003  4.004070E-0003  0.000000E+0000  4.272383E-0003
  2.747572E-0003  5.753982E-0004  1.276021E-0003  4.562766E-0003  9.367740E-0004  8.675490E-0003  3.472971E-0003  1.142398E-0003  6.974821E-0004  4.272383E-0003  0.000000E+0000

  0.000000E+0000  9.548919E-0003  3.194112E-0002  4.733011E-0002  9.574262E-0003  5.185789E-0002  6.670783E-0002  1.887682E-0002  1.330521E-0002  3.224804E-0002  7.289454E-0002
  9.548919E-0003  0.000000E+0000  2.907965E-0003  8.133860E-0003  1.509074E-0003  1.137127E-0002  1.529371E-0002  6.671142E-0003  8.185496E-0003  8.284794E-0003  1.601215E-0002
  3.194112E-0002  2.907965E-0003  0.000000E+0000  2.767435E-0002  8.317923E-0003  2.128106E-0002  5.844907E-0002  3.040064E-0002  4.452102E-0002  1.502676E-0002  6.124139E-0002
  4.733011E-0002  8.133860E-0003  2.767435E-0002  0.000000E+0000  9.021203E-0003  1.046716E-0001  1.357196E-0001  5.345579E-0002  7.414106E-0002  8.046860E-0002  7.842743E-0002
  9.574262E-0003  1.509074E-0003  8.317923E-0003  9.021203E-0003  0.000000E+0000  1.800513E-0002  1.068101E-0002  9.633631E-0003  8.660822E-0003  3.460131E-0003  2.052975E-0002
  5.185789E-0002  1.137127E-0002  2.128106E-0002  1.046716E-0001  1.800513E-0002  0.000000E+0000  3.546758E-0002  5.474740E-0002  6.197987E-0002  3.469917E-0002  9.894043E-0002
  6.670783E-0002  1.529371E-0002  5.844907E-0002  1.357196E-0001  1.068101E-0002  3.546758E-0002  0.000000E+0000  8.056604E-0002  9.248991E-0002  1.862997E-0002  1.596277E-0001
  1.887682E-0002  6.671142E-0003  3.040064E-0002  5.345579E-0002  9.633631E-0003  5.474740E-0002  8.056604E-0002  0.000000E+0000  4.837969E-0002  3.915589E-0002  5.714198E-0002
  1.330521E-0002  8.185496E-0003  4.452102E-0002  7.414106E-0002  8.660822E-0003  6.197987E-0002  9.248991E-0002  4.837969E-0002  0.000000E+0000  4.216016E-0002  7.916215E-0002
  3.224804E-0002  8.284794E-0003  1.502676E-0002  8.046860E-0002  3.460131E-0003  3.469917E-0002  1.862997E-0002  3.915589E-0002  4.216016E-0002  0.000000E+0000  6.046718E-0002
  7.289454E-0002  1.601215E-0002  6.124139E-0002  7.842743E-0002  2.052975E-0002  9.894043E-0002  1.596277E-0001  5.714198E-0002  7.916215E-0002  6.046718E-0002  0.000000E+0000

  0.000000E+0000  5.958152E-0004  2.143683E-0003  4.577301E-0003  5.998365E-0003  3.693679E-0003  7.008848E-0004  5.360257E-0003  4.904428E-0003  3.844931E-0003  8.514322E-0003
  5.958152E-0004  0.000000E+0000  6.504737E-0005  1.601138E-0003  6.864473E-0004  1.024656E-0003  1.311736E-0004  1.624394E-0004  1.832176E-0004  6.569253E-0004  1.881626E-0003
  2.143683E-0003  6.504737E-0005  0.000000E+0000  5.433374E-0003  1.603158E-0003  3.957409E-0003  6.472164E-0004  1.640059E-0004  7.957211E-0004  2.326904E-0003  3.898760E-0003
  4.577301E-0003  1.601138E-0003  5.433374E-0003  0.000000E+0000  7.785223E-0003  3.404213E-0003  9.542282E-0004  8.414557E-0003  8.204122E-0003  9.469354E-0003  2.228013E-0003
  5.998365E-0003  6.864473E-0004  1.603158E-0003  7.785223E-0003  0.000000E+0000  5.027153E-0003  4.739730E-0003  7.174047E-0003  9.514879E-0003  2.900779E-0003  8.094802E-0003
  3.693679E-0003  1.024656E-0003  3.957409E-0003  3.404213E-0003  5.027153E-0003  0.000000E+0000  5.939168E-0004  7.319848E-0003  6.197857E-0003  4.516073E-0003  3.661526E-0003
  7.008848E-0004  1.311736E-0004  6.472164E-0004  9.542282E-0004  4.739730E-0003  5.939168E-0004  0.000000E+0000  2.927422E-0003  2.289139E-0003  5.020915E-0004  7.173401E-0003
  5.360257E-0003  1.624394E-0004  1.640059E-0004  8.414557E-0003  7.174047E-0003  7.319848E-0003  2.927422E-0003  0.000000E+0000  1.358006E-0002  2.731963E-0003  1.101701E-0002
  4.904428E-0003  1.832176E-0004  7.957211E-0004  8.204122E-0003  9.514879E-0003  6.197857E-0003  2.289139E-0003  1.358006E-0002  0.000000E+0000  3.285351E-0003  1.256429E-0002
  3.844931E-0003  6.569253E-0004  2.326904E-0003  9.469354E-0003  2.900779E-0003  4.516073E-0003  5.020915E-0004  2.731963E-0003  3.285351E-0003  0.000000E+0000  4.897280E-0003
  8.514322E-0003  1.881626E-0003  3.898760E-0003  2.228013E-0003  8.094802E-0003  3.661526E-0003  7.173401E-0003  1.101701E-0002  1.256429E-0002  4.897280E-0003  0.000000E+0000

  0.000000E+0000  3.257343E-0004  7.330465E-0004  4.521587E-0003  8.543307E-0004  2.899989E-0003  1.950078E-0003  1.440315E-0003  2.121783E-0003  4.235868E-0003  2.811034E-0003
  3.257343E-0004  0.000000E+0000  1.519995E-0004  1.274277E-0003  6.143363E-0004  1.576326E-0003  4.591917E-0004  4.750994E-0004  2.760018E-0004  1.116927E-0003  7.624273E-0004
  7.330465E-0004  1.519995E-0004  0.000000E+0000  1.498362E-0003  5.768554E-0004  1.451817E-0003  8.873026E-0004  7.964430E-0004  8.945427E-0004  1.838894E-0003  8.283494E-0004
  4.521587E-0003  1.274277E-0003  1.498362E-0003  0.000000E+0000  3.966142E-0003  1.271454E-0003  1.607431E-0003  7.981611E-0003  7.843852E-0003  1.779469E-0003  2.514873E-0003
  8.543307E-0004  6.143363E-0004  5.768554E-0004  3.966142E-0003  0.000000E+0000  3.980141E-0003  8.272474E-0004  1.429268E-0003  2.525562E-0003  3.147825E-0003  1.359617E-0003
  2.899989E-0003  1.576326E-0003  1.451817E-0003  1.271454E-0003  3.980141E-0003  0.000000E+0000  9.135266E-0004  5.796973E-0003  5.439520E-0003  1.424141E-0003  2.899615E-0003
  1.950078E-0003  4.591917E-0004  8.873026E-0004  1.607431E-0003  8.272474E-0004  9.135266E-0004  0.000000E+0000  1.652833E-0003  1.637249E-0003  1.114813E-0003  4.056265E-0003
  1.440315E-0003  4.750994E-0004  7.964430E-0004  7.981611E-0003  1.429268E-0003  5.796973E-0003  1.652833E-0003  0.000000E+0000  7.017189E-0003  7.502604E-0003  3.363126E-0003
  2.121783E-0003  2.760018E-0004  8.945427E-0004  7.843852E-0003  2.525562E-0003  5.439520E-0003  1.637249E-0003  7.017189E-0003  0.000000E+0000  7.349456E-0003  3.388724E-0003
  4.235868E-0003  1.116927E-0003  1.838894E-0003  1.779469E-0003  3.147825E-0003  1.424141E-0003  1.114813E-0003  7.502604E-0003  7.349456E-0003  0.000000E+0000  2.842334E-0003
  2.811034E-0003  7.624273E-0004  8.283494E-0004  2.514873E-0003  1.359617E-0003  2.899615E-0003  4.056265E-0003  3.363126E-0003  3.388724E-0003  2.842334E-0003  0.000000E+0000
