6661999 = Ignore first line (new format code)
File name: E:\Folders\PhD\ISAD\ISAD_Curry_data\ISAD_EEGs\eLORETA\EEGs_128Hz_200sec-window\Clinical_v_Healthy\T1_clinical_all\F14-ROIlinLagConn-crss.txt
1 = Number of time frames in Time X Frequency decomposition
3 = Number of EEG files
11 = Number Electrodes
25600 = Number of time frames in EEG files
32768 = Number of time frames in EEG files power of 2
7 = Number of matrices
5 = Band type (1=Classical1; 2=Classical2; 3=DiscreteFreqs; 4=AllDiscreteFreqs; 5=UserDefinedBands)
 1.280000E+0002 = Sampling rate Hz
-1.000000E+0002 = Freq1 Hz
-1.000000E+0002 = Freq2 Hz
 3.906250E-0003 = Frequency resolution Hz

  0.000000E+0000  3.212421E-0002  2.172183E-0002  6.098989E-0002  1.406695E-0001  8.192712E-0002  1.061172E-0002  9.860699E-0003  1.258854E-0001  4.453318E-0002  1.323308E-0002
  3.212421E-0002  0.000000E+0000  5.913012E-0002  3.162760E-0002  3.034744E-0002  8.581308E-0002  1.363056E-0002  2.584400E-0002  3.346591E-0002  7.027871E-0002  1.905948E-0002
  2.172183E-0002  5.913012E-0002  0.000000E+0000  8.422788E-0002  4.721337E-0002  5.149264E-0002  1.969043E-0002  1.902944E-0002  8.412357E-0002  5.280410E-0002  1.308825E-0002
  6.098989E-0002  3.162760E-0002  8.422788E-0002  0.000000E+0000  1.433394E-0001  1.353249E-0001  1.674832E-0002  6.770695E-0002  6.405240E-0002  5.024003E-0002  2.690161E-0002
  1.406695E-0001  3.034744E-0002  4.721337E-0002  1.433394E-0001  0.000000E+0000  8.075413E-0002  4.499273E-0002  5.926108E-0002  2.346936E-0001  2.318806E-0001  6.827967E-0002
  8.192712E-0002  8.581308E-0002  5.149264E-0002  1.353249E-0001  8.075413E-0002  0.000000E+0000  1.084854E-0001  1.336158E-0001  1.095849E-0001  1.796511E-0001  9.924603E-0002
  1.061172E-0002  1.363056E-0002  1.969043E-0002  1.674832E-0002  4.499273E-0002  1.084854E-0001  0.000000E+0000  5.200434E-0002  2.806706E-0002  1.227376E-0002  1.791572E-0002
  9.860699E-0003  2.584400E-0002  1.902944E-0002  6.770695E-0002  5.926108E-0002  1.336158E-0001  5.200434E-0002  0.000000E+0000  2.365820E-0002  1.416511E-0001  5.344889E-0002
  1.258854E-0001  3.346591E-0002  8.412357E-0002  6.405240E-0002  2.346936E-0001  1.095849E-0001  2.806706E-0002  2.365820E-0002  0.000000E+0000  6.522554E-0002  3.043303E-0002
  4.453318E-0002  7.027871E-0002  5.280410E-0002  5.024003E-0002  2.318806E-0001  1.796511E-0001  1.227376E-0002  1.416511E-0001  6.522554E-0002  0.000000E+0000  5.305246E-0002
  1.323308E-0002  1.905948E-0002  1.308825E-0002  2.690161E-0002  6.827967E-0002  9.924603E-0002  1.791572E-0002  5.344889E-0002  3.043303E-0002  5.305246E-0002  0.000000E+0000

  0.000000E+0000  5.581012E-0003  1.650236E-0002  1.329793E-0002  6.288055E-0003  2.248187E-0002  5.780547E-0003  1.534617E-0002  1.326633E-0002  1.539727E-0002  3.264326E-0003
  5.581012E-0003  0.000000E+0000  5.349410E-0003  5.325268E-0003  2.299813E-0002  1.945246E-0002  3.743994E-0003  5.979246E-0003  1.087886E-0002  9.989308E-0003  1.206453E-0002
  1.650236E-0002  5.349410E-0003  0.000000E+0000  7.788577E-0003  7.132163E-0003  6.887997E-0003  7.732197E-0003  1.631200E-0002  4.019633E-0003  2.751538E-0002  1.715374E-0002
  1.329793E-0002  5.325268E-0003  7.788577E-0003  0.000000E+0000  1.199143E-0002  9.718354E-0003  1.787726E-0002  2.339989E-0002  1.033976E-0002  8.174201E-0003  5.770750E-0003
  6.288055E-0003  2.299813E-0002  7.132163E-0003  1.199143E-0002  0.000000E+0000  5.459987E-0002  1.592189E-0002  2.939584E-0002  2.425506E-0002  2.171484E-0002  1.914832E-0002
  2.248187E-0002  1.945246E-0002  6.887997E-0003  9.718354E-0003  5.459987E-0002  0.000000E+0000  1.466450E-0002  6.965853E-0002  1.594096E-0002  7.587331E-0003  2.138049E-0002
  5.780547E-0003  3.743994E-0003  7.732197E-0003  1.787726E-0002  1.592189E-0002  1.466450E-0002  0.000000E+0000  1.456336E-0002  2.142058E-0002  1.536375E-0002  2.513268E-0003
  1.534617E-0002  5.979246E-0003  1.631200E-0002  2.339989E-0002  2.939584E-0002  6.965853E-0002  1.456336E-0002  0.000000E+0000  3.733190E-0002  3.678714E-0002  1.959663E-0002
  1.326633E-0002  1.087886E-0002  4.019633E-0003  1.033976E-0002  2.425506E-0002  1.594096E-0002  2.142058E-0002  3.733190E-0002  0.000000E+0000  2.293394E-0002  2.789421E-0002
  1.539727E-0002  9.989308E-0003  2.751538E-0002  8.174201E-0003  2.171484E-0002  7.587331E-0003  1.536375E-0002  3.678714E-0002  2.293394E-0002  0.000000E+0000  7.195148E-0003
  3.264326E-0003  1.206453E-0002  1.715374E-0002  5.770750E-0003  1.914832E-0002  2.138049E-0002  2.513268E-0003  1.959663E-0002  2.789421E-0002  7.195148E-0003  0.000000E+0000

  0.000000E+0000  1.496839E-0002  8.667984E-0003  3.425950E-0002  5.534268E-0002  2.508212E-0002  2.281186E-0002  4.510144E-0002  3.410717E-0002  2.427656E-0002  2.668422E-0002
  1.496839E-0002  0.000000E+0000  1.913097E-0003  4.222580E-0003  4.366255E-0003  1.626072E-0002  1.060996E-0002  9.178492E-0003  1.035282E-0002  9.707623E-0003  1.670466E-0003
  8.667984E-0003  1.913097E-0003  0.000000E+0000  5.880740E-0003  5.719154E-0003  1.047639E-0002  1.219429E-0002  2.095346E-0003  8.828294E-0003  4.938689E-0003  9.782735E-0003
  3.425950E-0002  4.222580E-0003  5.880740E-0003  0.000000E+0000  1.807924E-0002  1.932944E-0002  4.418880E-0002  2.557710E-0002  3.525308E-0002  1.267546E-0002  8.459759E-0003
  5.534268E-0002  4.366255E-0003  5.719154E-0003  1.807924E-0002  0.000000E+0000  6.550386E-0002  4.252996E-0002  3.197656E-0002  3.312029E-0002  4.455548E-0002  1.469949E-0002
  2.508212E-0002  1.626072E-0002  1.047639E-0002  1.932944E-0002  6.550386E-0002  0.000000E+0000  3.666533E-0002  6.574396E-0002  2.478874E-0002  1.503148E-0002  2.045860E-0002
  2.281186E-0002  1.060996E-0002  1.219429E-0002  4.418880E-0002  4.252996E-0002  3.666533E-0002  0.000000E+0000  3.340088E-0002  3.106054E-0002  3.052034E-0002  3.702913E-0002
  4.510144E-0002  9.178492E-0003  2.095346E-0003  2.557710E-0002  3.197656E-0002  6.574396E-0002  3.340088E-0002  0.000000E+0000  2.157094E-0002  3.409903E-0002  1.971777E-0002
  3.410717E-0002  1.035282E-0002  8.828294E-0003  3.525308E-0002  3.312029E-0002  2.478874E-0002  3.106054E-0002  2.157094E-0002  0.000000E+0000  1.915480E-0002  1.836859E-0002
  2.427656E-0002  9.707623E-0003  4.938689E-0003  1.267546E-0002  4.455548E-0002  1.503148E-0002  3.052034E-0002  3.409903E-0002  1.915480E-0002  0.000000E+0000  1.839340E-0002
  2.668422E-0002  1.670466E-0003  9.782735E-0003  8.459759E-0003  1.469949E-0002  2.045860E-0002  3.702913E-0002  1.971777E-0002  1.836859E-0002  1.839340E-0002  0.000000E+0000

  0.000000E+0000  2.109483E-0002  3.103344E-0002  3.392018E-0002  6.247552E-0002  6.441244E-0002  3.389734E-0002  8.211712E-0002  5.747332E-0002  4.828432E-0002  6.204383E-0002
  2.109483E-0002  0.000000E+0000  3.599613E-0003  3.515781E-0003  5.796559E-0003  2.511319E-0002  1.188669E-0002  7.009514E-0003  1.137993E-0002  5.079489E-0003  1.013174E-0002
  3.103344E-0002  3.599613E-0003  0.000000E+0000  1.046987E-0002  2.188441E-0002  6.022862E-0002  3.675207E-0002  1.642040E-0002  4.042846E-0002  2.379645E-0002  4.518526E-0002
  3.392018E-0002  3.515781E-0003  1.046987E-0002  0.000000E+0000  4.162577E-0002  5.119212E-0002  4.851777E-0002  3.402171E-0002  5.339702E-0002  3.175632E-0002  2.708011E-0002
  6.247552E-0002  5.796559E-0003  2.188441E-0002  4.162577E-0002  0.000000E+0000  1.266383E-0001  6.154159E-0002  5.185133E-0002  7.325707E-0002  4.598096E-0002  6.833288E-0002
  6.441244E-0002  2.511319E-0002  6.022862E-0002  5.119212E-0002  1.266383E-0001  0.000000E+0000  1.094178E-0001  1.300764E-0001  8.185893E-0002  2.354062E-0002  3.588623E-0002
  3.389734E-0002  1.188669E-0002  3.675207E-0002  4.851777E-0002  6.154159E-0002  1.094178E-0001  0.000000E+0000  5.797176E-0002  3.651548E-0002  7.316864E-0002  9.993893E-0002
  8.211712E-0002  7.009514E-0003  1.642040E-0002  3.402171E-0002  5.185133E-0002  1.300764E-0001  5.797176E-0002  0.000000E+0000  4.767423E-0002  3.675040E-0002  6.107235E-0002
  5.747332E-0002  1.137993E-0002  4.042846E-0002  5.339702E-0002  7.325707E-0002  8.185893E-0002  3.651548E-0002  4.767423E-0002  0.000000E+0000  5.768507E-0002  6.142963E-0002
  4.828432E-0002  5.079489E-0003  2.379645E-0002  3.175632E-0002  4.598096E-0002  2.354062E-0002  7.316864E-0002  3.675040E-0002  5.768507E-0002  0.000000E+0000  2.359094E-0002
  6.204383E-0002  1.013174E-0002  4.518526E-0002  2.708011E-0002  6.833288E-0002  3.588623E-0002  9.993893E-0002  6.107235E-0002  6.142963E-0002  2.359094E-0002  0.000000E+0000

  0.000000E+0000  3.252149E-0002  9.656882E-0002  3.492217E-0001  1.559507E-0001  4.723369E-0001  1.234652E-0001  1.042672E-0001  2.332389E-0001  3.601971E-0001  3.240992E-0001
  3.252149E-0002  0.000000E+0000  9.341652E-0003  5.665180E-0002  9.843034E-0003  1.448546E-0001  5.998810E-0002  6.694961E-0003  3.189575E-0002  5.234741E-0002  9.519980E-0002
  9.656882E-0002  9.341652E-0003  0.000000E+0000  1.619099E-0002  6.850273E-0002  1.342143E-0001  1.032407E-0001  6.867462E-0002  9.624437E-0002  4.412790E-0002  1.081386E-0001
  3.492217E-0001  5.665180E-0002  1.619099E-0002  0.000000E+0000  4.410934E-0001  5.213440E-0001  4.973721E-0001  5.107009E-0001  4.541296E-0001  7.650047E-0002  3.855696E-0001
  1.559507E-0001  9.843034E-0003  6.850273E-0002  4.410934E-0001  0.000000E+0000  5.974922E-0001  2.160210E-0001  1.292027E-0001  2.258043E-0001  3.920948E-0001  3.737134E-0001
  4.723369E-0001  1.448546E-0001  1.342143E-0001  5.213440E-0001  5.974922E-0001  0.000000E+0000  6.393786E-0001  7.467914E-0001  5.367486E-0001  5.293328E-0001  5.115376E-0001
  1.234652E-0001  5.998810E-0002  1.032407E-0001  4.973721E-0001  2.160210E-0001  6.393786E-0001  0.000000E+0000  2.195444E-0001  3.044463E-0001  5.235780E-0001  4.836794E-0001
  1.042672E-0001  6.694961E-0003  6.867462E-0002  5.107009E-0001  1.292027E-0001  7.467914E-0001  2.195444E-0001  0.000000E+0000  2.480188E-0001  4.927444E-0001  4.611258E-0001
  2.332389E-0001  3.189575E-0002  9.624437E-0002  4.541296E-0001  2.258043E-0001  5.367486E-0001  3.044463E-0001  2.480188E-0001  0.000000E+0000  4.254771E-0001  3.760234E-0001
  3.601971E-0001  5.234741E-0002  4.412790E-0002  7.650047E-0002  3.920948E-0001  5.293328E-0001  5.235780E-0001  4.927444E-0001  4.254771E-0001  0.000000E+0000  3.664428E-0001
  3.240992E-0001  9.519980E-0002  1.081386E-0001  3.855696E-0001  3.737134E-0001  5.115376E-0001  4.836794E-0001  4.611258E-0001  3.760234E-0001  3.664428E-0001  0.000000E+0000

  0.000000E+0000  1.381877E-0002  2.005011E-0002  1.153881E-0001  3.284020E-0002  1.135781E-0001  2.921891E-0002  4.486048E-0002  7.543032E-0002  1.151099E-0001  1.006405E-0001
  1.381877E-0002  0.000000E+0000  1.627672E-0003  1.542026E-0002  2.931438E-0003  3.402367E-0002  1.509973E-0002  3.097767E-0003  1.436067E-0002  9.078783E-0003  1.304613E-0002
  2.005011E-0002  1.627672E-0003  0.000000E+0000  2.289838E-0002  7.394622E-0003  4.434473E-0002  1.957735E-0002  8.464186E-0003  1.403129E-0002  1.734782E-0002  2.275207E-0002
  1.153881E-0001  1.542026E-0002  2.289838E-0002  0.000000E+0000  9.546495E-0002  7.285856E-0002  1.504503E-0001  9.764330E-0002  1.077331E-0001  4.439769E-0002  7.867653E-0002
  3.284020E-0002  2.931438E-0003  7.394622E-0003  9.546495E-0002  0.000000E+0000  1.346149E-0001  4.981866E-0002  1.428465E-0002  3.322599E-0002  6.864677E-0002  6.610397E-0002
  1.135781E-0001  3.402367E-0002  4.434473E-0002  7.285856E-0002  1.346149E-0001  0.000000E+0000  1.612099E-0001  1.625342E-0001  1.032302E-0001  9.142270E-0002  9.446923E-0002
  2.921891E-0002  1.509973E-0002  1.957735E-0002  1.504503E-0001  4.981866E-0002  1.612099E-0001  0.000000E+0000  5.708609E-0002  7.988259E-0002  1.483842E-0001  1.320928E-0001
  4.486048E-0002  3.097767E-0003  8.464186E-0003  9.764330E-0002  1.428465E-0002  1.625342E-0001  5.708609E-0002  0.000000E+0000  4.525959E-0002  6.505146E-0002  6.064536E-0002
  7.543032E-0002  1.436067E-0002  1.403129E-0002  1.077331E-0001  3.322599E-0002  1.032302E-0001  7.988259E-0002  4.525959E-0002  0.000000E+0000  9.408107E-0002  8.145243E-0002
  1.151099E-0001  9.078783E-0003  1.734782E-0002  4.439769E-0002  6.864677E-0002  9.142270E-0002  1.483842E-0001  6.505146E-0002  9.408107E-0002  0.000000E+0000  7.833575E-0002
  1.006405E-0001  1.304613E-0002  2.275207E-0002  7.867653E-0002  6.610397E-0002  9.446923E-0002  1.320928E-0001  6.064536E-0002  8.145243E-0002  7.833575E-0002  0.000000E+0000

  0.000000E+0000  1.475690E-0002  7.746454E-0003  6.938802E-0002  1.546287E-0002  8.008608E-0002  1.799796E-0002  3.105838E-0002  2.271616E-0002  5.972890E-0002  6.188496E-0002
  1.475690E-0002  0.000000E+0000  1.001432E-0003  7.321188E-0003  6.144414E-0003  2.235222E-0002  1.408992E-0002  3.653870E-0003  1.471047E-0002  9.328028E-0003  8.801206E-0003
  7.746454E-0003  1.001432E-0003  0.000000E+0000  1.640536E-0002  1.540051E-0002  1.840598E-0002  1.244189E-0002  1.050434E-0002  1.672363E-0002  1.169404E-0002  9.722144E-0003
  6.938802E-0002  7.321188E-0003  1.640536E-0002  0.000000E+0000  2.214790E-0002  5.223244E-0002  8.216696E-0002  3.059026E-0002  4.749689E-0002  4.297577E-0002  1.501628E-0002
  1.546287E-0002  6.144414E-0003  1.540051E-0002  2.214790E-0002  0.000000E+0000  4.979458E-0002  1.806168E-0002  1.534477E-0002  3.072883E-0002  2.555854E-0002  1.614377E-0002
  8.008608E-0002  2.235222E-0002  1.840598E-0002  5.223244E-0002  4.979458E-0002  0.000000E+0000  7.538759E-0002  7.999021E-0002  3.729972E-0002  5.589999E-0002  3.952485E-0002
  1.799796E-0002  1.408992E-0002  1.244189E-0002  8.216696E-0002  1.806168E-0002  7.538759E-0002  0.000000E+0000  2.969364E-0002  2.826530E-0002  6.760777E-0002  5.758192E-0002
  3.105838E-0002  3.653870E-0003  1.050434E-0002  3.059026E-0002  1.534477E-0002  7.999021E-0002  2.969364E-0002  0.000000E+0000  4.634968E-0002  4.362788E-0002  3.879137E-0002
  2.271616E-0002  1.471047E-0002  1.672363E-0002  4.749689E-0002  3.072883E-0002  3.729972E-0002  2.826530E-0002  4.634968E-0002  0.000000E+0000  5.172900E-0002  3.535010E-0002
  5.972890E-0002  9.328028E-0003  1.169404E-0002  4.297577E-0002  2.555854E-0002  5.589999E-0002  6.760777E-0002  4.362788E-0002  5.172900E-0002  0.000000E+0000  4.566761E-0002
  6.188496E-0002  8.801206E-0003  9.722144E-0003  1.501628E-0002  1.614377E-0002  3.952485E-0002  5.758192E-0002  3.879137E-0002  3.535010E-0002  4.566761E-0002  0.000000E+0000
