6661999 = Ignore first line (new format code)
File name: E:\Folders\PhD\ISAD\ISAD_Curry_data\ISAD_EEGs\eLORETA\EEGs_128Hz_200sec-window\Clinical_v_Healthy\T1_clinical_all\F15-ROIlinLagConn-crss.txt
1 = Number of time frames in Time X Frequency decomposition
3 = Number of EEG files
11 = Number Electrodes
25600 = Number of time frames in EEG files
32768 = Number of time frames in EEG files power of 2
7 = Number of matrices
5 = Band type (1=Classical1; 2=Classical2; 3=DiscreteFreqs; 4=AllDiscreteFreqs; 5=UserDefinedBands)
 1.280000E+0002 = Sampling rate Hz
-1.000000E+0002 = Freq1 Hz
-1.000000E+0002 = Freq2 Hz
 3.906250E-0003 = Frequency resolution Hz

  0.000000E+0000  1.220759E-0002  1.245853E-0002  1.006718E-0002  4.232185E-0002  2.019087E-0002  1.900952E-0002  4.135894E-0002  1.748620E-0002  2.684767E-0002  2.441799E-0002
  1.220759E-0002  0.000000E+0000  6.934549E-0004  1.090988E-0003  2.836454E-0002  1.402610E-0002  1.725337E-0003  3.564186E-0002  5.581698E-0004  1.144955E-0002  8.892027E-0003
  1.245853E-0002  6.934549E-0004  0.000000E+0000  1.857744E-0003  3.014768E-0002  1.516102E-0002  1.439983E-0003  3.208880E-0002  8.404954E-0004  1.569799E-0002  1.236435E-0002
  1.006718E-0002  1.090988E-0003  1.857744E-0003  0.000000E+0000  2.181146E-0002  1.123118E-0002  5.433828E-0003  3.474319E-0002  1.349423E-0003  9.216668E-0003  7.644774E-0003
  4.232185E-0002  2.836454E-0002  3.014768E-0002  2.181146E-0002  0.000000E+0000  7.905961E-0003  4.067602E-0002  5.830314E-0002  4.464769E-0002  3.429499E-0002  3.991499E-0002
  2.019087E-0002  1.402610E-0002  1.516102E-0002  1.123118E-0002  7.905961E-0003  0.000000E+0000  1.857111E-0002  2.665253E-0002  1.852173E-0002  1.794734E-0002  2.715106E-0002
  1.900952E-0002  1.725337E-0003  1.439983E-0003  5.433828E-0003  4.067602E-0002  1.857111E-0002  0.000000E+0000  5.139372E-0002  7.463291E-0003  2.482669E-0002  3.240741E-0002
  4.135894E-0002  3.564186E-0002  3.208880E-0002  3.474319E-0002  5.830314E-0002  2.665253E-0002  5.139372E-0002  0.000000E+0000  5.482472E-0002  9.005799E-0002  6.873029E-0002
  1.748620E-0002  5.581698E-0004  8.404954E-0004  1.349423E-0003  4.464769E-0002  1.852173E-0002  7.463291E-0003  5.482472E-0002  0.000000E+0000  2.100813E-0002  2.900007E-0002
  2.684767E-0002  1.144955E-0002  1.569799E-0002  9.216668E-0003  3.429499E-0002  1.794734E-0002  2.482669E-0002  9.005799E-0002  2.100813E-0002  0.000000E+0000  2.150292E-0002
  2.441799E-0002  8.892027E-0003  1.236435E-0002  7.644774E-0003  3.991499E-0002  2.715106E-0002  3.240741E-0002  6.873029E-0002  2.900007E-0002  2.150292E-0002  0.000000E+0000

  0.000000E+0000  8.528058E-0004  1.684973E-0004  1.118762E-0003  3.235578E-0003  7.652939E-0003  6.350365E-0004  5.315491E-0003  1.551306E-0004  7.988175E-0003  2.412287E-0003
  8.528058E-0004  0.000000E+0000  5.201389E-0004  4.381569E-0004  4.610730E-0004  1.667001E-0003  1.085456E-0003  8.004109E-0004  9.329925E-0004  2.754196E-0004  2.809066E-0003
  1.684973E-0004  5.201389E-0004  0.000000E+0000  6.172426E-0004  2.002551E-0003  4.850355E-0003  5.350254E-0004  2.084025E-0003  2.532227E-0005  4.800942E-0003  1.116600E-0003
  1.118762E-0003  4.381569E-0004  6.172426E-0004  0.000000E+0000  3.607407E-0003  6.642314E-0003  5.588766E-0004  1.999715E-0003  9.580035E-0004  7.100215E-0003  1.754120E-0003
  3.235578E-0003  4.610730E-0004  2.002551E-0003  3.607407E-0003  0.000000E+0000  1.107002E-0002  2.148026E-0003  5.484045E-0003  2.690906E-0003  1.343817E-0002  2.441746E-0003
  7.652939E-0003  1.667001E-0003  4.850355E-0003  6.642314E-0003  1.107002E-0002  0.000000E+0000  1.889146E-0003  4.505146E-0003  5.134691E-0003  4.050754E-0003  3.369737E-0003
  6.350365E-0004  1.085456E-0003  5.350254E-0004  5.588766E-0004  2.148026E-0003  1.889146E-0003  0.000000E+0000  3.041076E-0003  1.236460E-0003  2.881687E-0003  5.159194E-0003
  5.315491E-0003  8.004109E-0004  2.084025E-0003  1.999715E-0003  5.484045E-0003  4.505146E-0003  3.041076E-0003  0.000000E+0000  3.067876E-0003  5.327637E-0003  4.604941E-0003
  1.551306E-0004  9.329925E-0004  2.532227E-0005  9.580035E-0004  2.690906E-0003  5.134691E-0003  1.236460E-0003  3.067876E-0003  0.000000E+0000  5.984657E-0003  3.892107E-0003
  7.988175E-0003  2.754196E-0004  4.800942E-0003  7.100215E-0003  1.343817E-0002  4.050754E-0003  2.881687E-0003  5.327637E-0003  5.984657E-0003  0.000000E+0000  7.528204E-0003
  2.412287E-0003  2.809066E-0003  1.116600E-0003  1.754120E-0003  2.441746E-0003  3.369737E-0003  5.159194E-0003  4.604941E-0003  3.892107E-0003  7.528204E-0003  0.000000E+0000

  0.000000E+0000  2.495324E-0003  1.147341E-0003  1.718686E-0003  3.366582E-0003  4.767812E-0003  1.575578E-0003  3.816595E-0003  2.376777E-0003  7.858257E-0003  5.051752E-0003
  2.495324E-0003  0.000000E+0000  1.512516E-0003  1.576600E-0003  2.007775E-0003  1.574604E-0003  1.498695E-0003  5.824016E-0004  2.120567E-0003  1.672195E-0004  4.372871E-0003
  1.147341E-0003  1.512516E-0003  0.000000E+0000  1.139406E-0003  1.380250E-0003  2.816055E-0003  1.179446E-0003  1.429416E-0003  3.089080E-0004  4.723899E-0003  1.115508E-0003
  1.718686E-0003  1.576600E-0003  1.139406E-0003  0.000000E+0000  2.385861E-0003  2.131077E-0003  2.261891E-0003  1.873799E-0003  2.291274E-0003  3.361424E-0003  1.744977E-0003
  3.366582E-0003  2.007775E-0003  1.380250E-0003  2.385861E-0003  0.000000E+0000  2.672972E-0003  1.957087E-0003  3.224769E-0003  1.712913E-0003  3.433697E-0003  4.548569E-0003
  4.767812E-0003  1.574604E-0003  2.816055E-0003  2.131077E-0003  2.672972E-0003  0.000000E+0000  2.559603E-0003  1.599556E-0003  4.625911E-0003  1.901248E-0003  3.199028E-0003
  1.575578E-0003  1.498695E-0003  1.179446E-0003  2.261891E-0003  1.957087E-0003  2.559603E-0003  0.000000E+0000  7.770224E-0004  2.438809E-0003  4.291732E-0003  5.390768E-0003
  3.816595E-0003  5.824016E-0004  1.429416E-0003  1.873799E-0003  3.224769E-0003  1.599556E-0003  7.770224E-0004  0.000000E+0000  1.938142E-0003  4.706640E-0004  5.945674E-0003
  2.376777E-0003  2.120567E-0003  3.089080E-0004  2.291274E-0003  1.712913E-0003  4.625911E-0003  2.438809E-0003  1.938142E-0003  0.000000E+0000  8.061672E-0003  6.389230E-0003
  7.858257E-0003  1.672195E-0004  4.723899E-0003  3.361424E-0003  3.433697E-0003  1.901248E-0003  4.291732E-0003  4.706640E-0004  8.061672E-0003  0.000000E+0000  5.829231E-0003
  5.051752E-0003  4.372871E-0003  1.115508E-0003  1.744977E-0003  4.548569E-0003  3.199028E-0003  5.390768E-0003  5.945674E-0003  6.389230E-0003  5.829231E-0003  0.000000E+0000

  0.000000E+0000  1.558225E-0003  6.795304E-0004  4.050098E-0004  2.622964E-0003  2.253006E-0003  1.390333E-0003  2.410120E-0003  1.192330E-0003  7.890569E-0004  1.017737E-0003
  1.558225E-0003  0.000000E+0000  8.704318E-0004  9.760543E-0004  2.677732E-0003  9.020853E-0004  7.594717E-0004  2.735999E-0003  9.000125E-0004  4.362421E-0004  1.946353E-0003
  6.795304E-0004  8.704318E-0004  0.000000E+0000  2.013445E-0004  6.237848E-0004  1.590959E-0003  1.108025E-0003  4.243665E-0004  4.137003E-0004  6.819811E-0004  6.428395E-0004
  4.050098E-0004  9.760543E-0004  2.013445E-0004  0.000000E+0000  5.277692E-0004  1.670280E-0003  1.483653E-0003  8.671951E-0004  4.218351E-0004  5.590809E-0004  7.160126E-0004
  2.622964E-0003  2.677732E-0003  6.237848E-0004  5.277692E-0004  0.000000E+0000  2.929311E-0003  2.885384E-0003  7.333423E-0004  1.363541E-0003  3.022212E-0003  1.908810E-0003
  2.253006E-0003  9.020853E-0004  1.590959E-0003  1.670280E-0003  2.929311E-0003  0.000000E+0000  3.918546E-0004  4.047492E-0003  1.764029E-0003  4.930106E-0004  9.924573E-0004
  1.390333E-0003  7.594717E-0004  1.108025E-0003  1.483653E-0003  2.885384E-0003  3.918546E-0004  0.000000E+0000  3.210094E-0003  1.773767E-0003  5.659840E-0004  1.297843E-0003
  2.410120E-0003  2.735999E-0003  4.243665E-0004  8.671951E-0004  7.333423E-0004  4.047492E-0003  3.210094E-0003  0.000000E+0000  9.983560E-0004  2.273235E-0003  1.100110E-0003
  1.192330E-0003  9.000125E-0004  4.137003E-0004  4.218351E-0004  1.363541E-0003  1.764029E-0003  1.773767E-0003  9.983560E-0004  0.000000E+0000  5.811326E-0004  1.937683E-0003
  7.890569E-0004  4.362421E-0004  6.819811E-0004  5.590809E-0004  3.022212E-0003  4.930106E-0004  5.659840E-0004  2.273235E-0003  5.811326E-0004  0.000000E+0000  2.402942E-0004
  1.017737E-0003  1.946353E-0003  6.428395E-0004  7.160126E-0004  1.908810E-0003  9.924573E-0004  1.297843E-0003  1.100110E-0003  1.937683E-0003  2.402942E-0004  0.000000E+0000

  0.000000E+0000  4.548519E-0003  1.737176E-0003  5.244942E-0003  5.530876E-0003  1.362445E-0002  8.846599E-0003  6.871556E-0003  6.502173E-0003  2.225810E-0002  1.575032E-0002
  4.548519E-0003  0.000000E+0000  1.480999E-0003  2.389084E-0003  7.681609E-0003  1.065426E-0002  5.987659E-0003  7.171530E-0003  3.656712E-0003  1.047557E-0002  3.346864E-0003
  1.737176E-0003  1.480999E-0003  0.000000E+0000  2.683935E-0003  3.054175E-0003  7.597469E-0003  3.406070E-0003  3.845031E-0003  1.962890E-0003  1.032095E-0002  5.416401E-0003
  5.244942E-0003  2.389084E-0003  2.683935E-0003  0.000000E+0000  7.969921E-0003  4.466548E-0003  6.457579E-0003  6.164319E-0003  2.141990E-0003  3.294568E-0003  2.126454E-0003
  5.530876E-0003  7.681609E-0003  3.054175E-0003  7.969921E-0003  0.000000E+0000  2.901719E-0002  1.325310E-0002  1.420702E-0002  1.074599E-0002  4.262229E-0002  1.676651E-0002
  1.362445E-0002  1.065426E-0002  7.597469E-0003  4.466548E-0003  2.901719E-0002  0.000000E+0000  2.294832E-0002  2.211717E-0002  1.095628E-0002  2.770596E-0002  1.238064E-0002
  8.846599E-0003  5.987659E-0003  3.406070E-0003  6.457579E-0003  1.325310E-0002  2.294832E-0002  0.000000E+0000  1.202106E-0002  5.242219E-0003  2.438955E-0002  9.351638E-0003
  6.871556E-0003  7.171530E-0003  3.845031E-0003  6.164319E-0003  1.420702E-0002  2.211717E-0002  1.202106E-0002  0.000000E+0000  1.071021E-0002  2.375333E-0002  1.319811E-0002
  6.502173E-0003  3.656712E-0003  1.962890E-0003  2.141990E-0003  1.074599E-0002  1.095628E-0002  5.242219E-0003  1.071021E-0002  0.000000E+0000  1.094422E-0002  9.377223E-0003
  2.225810E-0002  1.047557E-0002  1.032095E-0002  3.294568E-0003  4.262229E-0002  2.770596E-0002  2.438955E-0002  2.375333E-0002  1.094422E-0002  0.000000E+0000  9.198991E-0003
  1.575032E-0002  3.346864E-0003  5.416401E-0003  2.126454E-0003  1.676651E-0002  1.238064E-0002  9.351638E-0003  1.319811E-0002  9.377223E-0003  9.198991E-0003  0.000000E+0000

  0.000000E+0000  1.938946E-0003  1.949845E-0003  2.631183E-0003  4.769643E-0003  1.255712E-0002  9.789435E-0004  8.379290E-0003  2.992988E-0003  1.445306E-0002  6.197515E-0003
  1.938946E-0003  0.000000E+0000  5.884525E-0004  1.534473E-0003  2.307493E-0003  3.387936E-0003  1.873930E-0003  2.601717E-0003  1.320608E-0003  5.737253E-0003  2.166175E-0003
  1.949845E-0003  5.884525E-0004  0.000000E+0000  8.672057E-0004  2.155901E-0003  4.014141E-0003  2.939183E-0004  1.660349E-0003  1.120803E-0003  4.284423E-0003  3.656671E-0003
  2.631183E-0003  1.534473E-0003  8.672057E-0004  0.000000E+0000  3.231537E-0003  9.681360E-0004  7.344843E-0004  3.280287E-0003  4.225294E-0003  1.207498E-0003  4.927894E-0003
  4.769643E-0003  2.307493E-0003  2.155901E-0003  3.231537E-0003  0.000000E+0000  1.669717E-0002  1.578978E-0003  1.020142E-0002  3.953787E-0003  1.828693E-0002  6.826435E-0003
  1.255712E-0002  3.387936E-0003  4.014141E-0003  9.681360E-0004  1.669717E-0002  0.000000E+0000  4.573748E-0003  1.140046E-0002  4.807109E-0003  1.131071E-0002  1.527055E-0003
  9.789435E-0004  1.873930E-0003  2.939183E-0004  7.344843E-0004  1.578978E-0003  4.573748E-0003  0.000000E+0000  1.150019E-0003  1.849291E-0003  4.438000E-0003  3.880568E-0003
  8.379290E-0003  2.601717E-0003  1.660349E-0003  3.280287E-0003  1.020142E-0002  1.140046E-0002  1.150019E-0003  0.000000E+0000  2.881502E-0003  1.143466E-0002  6.592051E-0003
  2.992988E-0003  1.320608E-0003  1.120803E-0003  4.225294E-0003  3.953787E-0003  4.807109E-0003  1.849291E-0003  2.881502E-0003  0.000000E+0000  6.536323E-0003  5.286864E-0003
  1.445306E-0002  5.737253E-0003  4.284423E-0003  1.207498E-0003  1.828693E-0002  1.131071E-0002  4.438000E-0003  1.143466E-0002  6.536323E-0003  0.000000E+0000  2.159873E-0003
  6.197515E-0003  2.166175E-0003  3.656671E-0003  4.927894E-0003  6.826435E-0003  1.527055E-0003  3.880568E-0003  6.592051E-0003  5.286864E-0003  2.159873E-0003  0.000000E+0000

  0.000000E+0000  1.327917E-0003  4.649960E-0004  3.923402E-0004  2.179697E-0003  1.990528E-0003  4.281646E-0004  1.951487E-0003  1.188175E-0003  2.294417E-0003  8.551787E-0004
  1.327917E-0003  0.000000E+0000  3.221227E-0004  5.351668E-0004  1.293190E-0003  1.536599E-0003  5.740596E-0004  2.329666E-0003  8.794832E-0004  1.760120E-0003  1.546160E-0003
  4.649960E-0004  3.221227E-0004  0.000000E+0000  1.667968E-0004  5.787911E-0004  3.132218E-0004  1.677087E-0004  3.264923E-0004  1.606325E-0004  3.841685E-0004  3.270697E-0004
  3.923402E-0004  5.351668E-0004  1.667968E-0004  0.000000E+0000  5.171613E-0004  7.528159E-0004  2.362705E-0004  6.585910E-0004  3.592370E-0004  7.166901E-0004  5.671438E-0004
  2.179697E-0003  1.293190E-0003  5.787911E-0004  5.171613E-0004  0.000000E+0000  2.173205E-0003  6.757414E-0004  3.884477E-0003  1.797404E-0003  2.615501E-0003  1.746368E-0003
  1.990528E-0003  1.536599E-0003  3.132218E-0004  7.528159E-0004  2.173205E-0003  0.000000E+0000  1.862090E-0003  6.478664E-0003  1.259518E-0003  3.513309E-0004  2.338240E-0003
  4.281646E-0004  5.740596E-0004  1.677087E-0004  2.362705E-0004  6.757414E-0004  1.862090E-0003  0.000000E+0000  3.178106E-0004  1.894697E-0004  2.145462E-0003  3.014680E-0004
  1.951487E-0003  2.329666E-0003  3.264923E-0004  6.585910E-0004  3.884477E-0003  6.478664E-0003  3.178106E-0004  0.000000E+0000  6.901062E-0004  7.445807E-0003  6.434313E-0004
  1.188175E-0003  8.794832E-0004  1.606325E-0004  3.592370E-0004  1.797404E-0003  1.259518E-0003  1.894697E-0004  6.901062E-0004  0.000000E+0000  1.427707E-0003  4.240002E-0004
  2.294417E-0003  1.760120E-0003  3.841685E-0004  7.166901E-0004  2.615501E-0003  3.513309E-0004  2.145462E-0003  7.445807E-0003  1.427707E-0003  0.000000E+0000  2.667366E-0003
  8.551787E-0004  1.546160E-0003  3.270697E-0004  5.671438E-0004  1.746368E-0003  2.338240E-0003  3.014680E-0004  6.434313E-0004  4.240002E-0004  2.667366E-0003  0.000000E+0000
