6661999 = Ignore first line (new format code)
File name: E:\Folders\PhD\ISAD\ISAD_Curry_data\ISAD_EEGs\eLORETA\EEGs_128Hz_200sec-window\Clinical_v_Healthy\T1_clinical_all\F16-ROIlinLagConn-crss.txt
1 = Number of time frames in Time X Frequency decomposition
3 = Number of EEG files
11 = Number Electrodes
25600 = Number of time frames in EEG files
32768 = Number of time frames in EEG files power of 2
7 = Number of matrices
5 = Band type (1=Classical1; 2=Classical2; 3=DiscreteFreqs; 4=AllDiscreteFreqs; 5=UserDefinedBands)
 1.280000E+0002 = Sampling rate Hz
-1.000000E+0002 = Freq1 Hz
-1.000000E+0002 = Freq2 Hz
 3.906250E-0003 = Frequency resolution Hz

  0.000000E+0000  4.487183E-0003  5.128831E-0003  1.174718E-0003  7.480305E-0003  5.801835E-0003  6.415133E-0003  1.282961E-0002  7.410205E-0003  9.627351E-0003  1.370282E-0002
  4.487183E-0003  0.000000E+0000  4.336117E-0003  1.840771E-0002  1.314633E-0002  3.348400E-0003  6.643048E-0003  1.833475E-0002  1.903227E-0002  1.070647E-0002  2.898000E-0003
  5.128831E-0003  4.336117E-0003  0.000000E+0000  3.693234E-0003  6.668101E-0003  6.561748E-0003  3.777300E-0003  7.515176E-0003  7.216367E-0003  9.281089E-0003  5.949690E-0003
  1.174718E-0003  1.840771E-0002  3.693234E-0003  0.000000E+0000  1.924405E-0002  3.023073E-0002  9.797270E-0003  3.364166E-0002  3.914083E-0002  2.076137E-0002  4.775931E-0003
  7.480305E-0003  1.314633E-0002  6.668101E-0003  1.924405E-0002  0.000000E+0000  3.046856E-0002  6.002098E-0003  3.399431E-0003  4.093017E-0003  4.215343E-0003  7.021913E-0003
  5.801835E-0003  3.348400E-0003  6.561748E-0003  3.023073E-0002  3.046856E-0002  0.000000E+0000  1.290163E-0002  4.142060E-0002  4.497201E-0002  1.775982E-0002  6.746520E-0003
  6.415133E-0003  6.643048E-0003  3.777300E-0003  9.797270E-0003  6.002098E-0003  1.290163E-0002  0.000000E+0000  4.865218E-0003  3.174878E-0003  6.484349E-0003  7.389051E-0003
  1.282961E-0002  1.833475E-0002  7.515176E-0003  3.364166E-0002  3.399431E-0003  4.142060E-0002  4.865218E-0003  0.000000E+0000  6.916706E-0003  2.550317E-0003  5.661617E-0003
  7.410205E-0003  1.903227E-0002  7.216367E-0003  3.914083E-0002  4.093017E-0003  4.497201E-0002  3.174878E-0003  6.916706E-0003  0.000000E+0000  7.010395E-0003  5.323654E-0003
  9.627351E-0003  1.070647E-0002  9.281089E-0003  2.076137E-0002  4.215343E-0003  1.775982E-0002  6.484349E-0003  2.550317E-0003  7.010395E-0003  0.000000E+0000  8.850397E-0003
  1.370282E-0002  2.898000E-0003  5.949690E-0003  4.775931E-0003  7.021913E-0003  6.746520E-0003  7.389051E-0003  5.661617E-0003  5.323654E-0003  8.850397E-0003  0.000000E+0000

  0.000000E+0000  1.461089E-0003  1.781471E-0004  4.811563E-0003  7.204853E-0003  1.044881E-0002  1.959727E-0003  6.712265E-0003  4.892599E-0003  1.107103E-0002  1.620398E-0003
  1.461089E-0003  0.000000E+0000  2.500000E-0004  3.464652E-0003  1.694903E-0003  6.291081E-0003  1.342608E-0003  2.770465E-0003  2.011633E-0003  6.288940E-0003  2.687934E-0003
  1.781471E-0004  2.500000E-0004  0.000000E+0000  1.429381E-0003  2.553054E-0003  2.459085E-0003  8.021102E-0004  2.713838E-0003  2.079946E-0003  2.630363E-0003  6.672116E-0004
  4.811563E-0003  3.464652E-0003  1.429381E-0003  0.000000E+0000  2.238767E-0003  1.860554E-0003  2.106094E-0003  5.816552E-0003  1.312487E-0003  1.906774E-0003  4.529268E-0003
  7.204853E-0003  1.694903E-0003  2.553054E-0003  2.238767E-0003  0.000000E+0000  3.974651E-0003  3.385097E-0003  5.012244E-0003  1.551504E-0003  3.581876E-0003  6.448157E-0003
  1.044881E-0002  6.291081E-0003  2.459085E-0003  1.860554E-0003  3.974651E-0003  0.000000E+0000  2.221474E-0003  1.232207E-0002  7.690853E-0004  2.940239E-0003  5.735833E-0003
  1.959727E-0003  1.342608E-0003  8.021102E-0004  2.106094E-0003  3.385097E-0003  2.221474E-0003  0.000000E+0000  2.690080E-0003  2.476986E-0003  2.375197E-0003  8.847003E-0004
  6.712265E-0003  2.770465E-0003  2.713838E-0003  5.816552E-0003  5.012244E-0003  1.232207E-0002  2.690080E-0003  0.000000E+0000  4.246317E-0003  1.270770E-0002  5.567008E-0003
  4.892599E-0003  2.011633E-0003  2.079946E-0003  1.312487E-0003  1.551504E-0003  7.690853E-0004  2.476986E-0003  4.246317E-0003  0.000000E+0000  1.815780E-0003  3.753944E-0003
  1.107103E-0002  6.288940E-0003  2.630363E-0003  1.906774E-0003  3.581876E-0003  2.940239E-0003  2.375197E-0003  1.270770E-0002  1.815780E-0003  0.000000E+0000  5.712922E-0003
  1.620398E-0003  2.687934E-0003  6.672116E-0004  4.529268E-0003  6.448157E-0003  5.735833E-0003  8.847003E-0004  5.567008E-0003  3.753944E-0003  5.712922E-0003  0.000000E+0000

  0.000000E+0000  9.753570E-0004  9.444800E-0004  7.478515E-0004  1.209029E-0003  2.109676E-0003  6.151964E-0004  8.044915E-0004  1.001831E-0003  1.572053E-0003  1.964679E-0003
  9.753570E-0004  0.000000E+0000  1.071040E-0003  7.534770E-0004  1.348822E-0003  7.857440E-0004  1.111754E-0003  5.344940E-0004  5.876331E-0004  2.754658E-0003  2.442804E-0003
  9.444800E-0004  1.071040E-0003  0.000000E+0000  1.148216E-0003  9.866047E-0004  1.381425E-0003  9.587499E-0005  1.082138E-0003  2.896859E-0004  4.872377E-0004  2.856654E-0004
  7.478515E-0004  7.534770E-0004  1.148216E-0003  0.000000E+0000  8.101574E-0004  2.560077E-0003  1.227869E-0003  8.666677E-0004  5.513494E-0004  2.625416E-0003  2.310038E-0003
  1.209029E-0003  1.348822E-0003  9.866047E-0004  8.101574E-0004  0.000000E+0000  1.945119E-0003  9.202528E-0004  1.248543E-0003  3.779397E-0004  1.841644E-0003  1.598241E-0003
  2.109676E-0003  7.857440E-0004  1.381425E-0003  2.560077E-0003  1.945119E-0003  0.000000E+0000  1.856432E-0003  1.193019E-0003  1.053902E-0003  2.522197E-0003  3.050695E-0003
  6.151964E-0004  1.111754E-0003  9.587499E-0005  1.227869E-0003  9.202528E-0004  1.856432E-0003  0.000000E+0000  1.012603E-0003  1.821666E-0004  8.413811E-0004  3.744062E-0004
  8.044915E-0004  5.344940E-0004  1.082138E-0003  8.666677E-0004  1.248543E-0003  1.193019E-0003  1.012603E-0003  0.000000E+0000  5.498650E-0004  1.841992E-0003  2.154709E-0003
  1.001831E-0003  5.876331E-0004  2.896859E-0004  5.513494E-0004  3.779397E-0004  1.053902E-0003  1.821666E-0004  5.498650E-0004  0.000000E+0000  4.865174E-0004  8.280849E-0004
  1.572053E-0003  2.754658E-0003  4.872377E-0004  2.625416E-0003  1.841644E-0003  2.522197E-0003  8.413811E-0004  1.841992E-0003  4.865174E-0004  0.000000E+0000  2.283304E-0003
  1.964679E-0003  2.442804E-0003  2.856654E-0004  2.310038E-0003  1.598241E-0003  3.050695E-0003  3.744062E-0004  2.154709E-0003  8.280849E-0004  2.283304E-0003  0.000000E+0000

  0.000000E+0000  7.536357E-0003  1.297994E-0003  1.815371E-0003  5.319246E-0003  6.194449E-0003  1.179178E-0003  3.656444E-0003  3.346967E-0003  6.311709E-0003  8.503559E-0003
  7.536357E-0003  0.000000E+0000  2.741839E-0003  2.856594E-0003  4.542371E-0003  1.354585E-0003  8.704564E-0004  3.847547E-0003  3.470799E-0003  7.320276E-0003  1.184831E-0002
  1.297994E-0003  2.741839E-0003  0.000000E+0000  1.029091E-0003  2.146649E-0003  2.739053E-0003  9.510569E-0004  1.962594E-0003  2.351165E-0003  3.477080E-0003  3.764470E-0003
  1.815371E-0003  2.856594E-0003  1.029091E-0003  0.000000E+0000  3.673547E-0003  4.985701E-0003  2.850197E-0003  1.575275E-0003  1.434313E-0003  8.656198E-0003  1.676410E-0002
  5.319246E-0003  4.542371E-0003  2.146649E-0003  3.673547E-0003  0.000000E+0000  6.690161E-0003  3.049071E-0003  5.426279E-0003  2.624497E-0003  1.024376E-0002  1.685736E-0002
  6.194449E-0003  1.354585E-0003  2.739053E-0003  4.985701E-0003  6.690161E-0003  0.000000E+0000  6.861092E-0004  7.247021E-0003  3.352183E-0003  6.808081E-0003  1.209979E-0002
  1.179178E-0003  8.704564E-0004  9.510569E-0004  2.850197E-0003  3.049071E-0003  6.861092E-0004  0.000000E+0000  2.653423E-0003  2.788780E-0003  8.844677E-0003  7.385755E-0003
  3.656444E-0003  3.847547E-0003  1.962594E-0003  1.575275E-0003  5.426279E-0003  7.247021E-0003  2.653423E-0003  0.000000E+0000  3.367169E-0003  7.389233E-0003  1.574046E-0002
  3.346967E-0003  3.470799E-0003  2.351165E-0003  1.434313E-0003  2.624497E-0003  3.352183E-0003  2.788780E-0003  3.367169E-0003  0.000000E+0000  3.692876E-0003  7.285877E-0003
  6.311709E-0003  7.320276E-0003  3.477080E-0003  8.656198E-0003  1.024376E-0002  6.808081E-0003  8.844677E-0003  7.389233E-0003  3.692876E-0003  0.000000E+0000  1.137318E-0002
  8.503559E-0003  1.184831E-0002  3.764470E-0003  1.676410E-0002  1.685736E-0002  1.209979E-0002  7.385755E-0003  1.574046E-0002  7.285877E-0003  1.137318E-0002  0.000000E+0000

  0.000000E+0000  5.005969E-0003  2.090353E-0003  5.302472E-0003  1.625062E-0002  1.126543E-0002  2.449709E-0002  3.120671E-0002  9.444046E-0003  8.273264E-0003  3.982875E-0002
  5.005969E-0003  0.000000E+0000  3.468377E-0004  2.406572E-0003  3.394567E-0003  4.354551E-0003  1.637930E-0002  1.747372E-0002  4.688799E-0003  7.466060E-0003  3.062848E-0002
  2.090353E-0003  3.468377E-0004  0.000000E+0000  3.026471E-0003  3.544597E-0003  4.632396E-0003  1.260479E-0002  7.336190E-0003  2.675825E-0003  7.003699E-0003  1.971742E-0002
  5.302472E-0003  2.406572E-0003  3.026471E-0003  0.000000E+0000  8.775913E-0003  3.841280E-0002  3.909240E-0002  3.592832E-0002  1.524319E-0002  2.193511E-0002  8.776486E-0002
  1.625062E-0002  3.394567E-0003  3.544597E-0003  8.775913E-0003  0.000000E+0000  1.134292E-0002  3.257890E-0002  2.013873E-0002  8.707219E-0003  3.433840E-0002  8.103285E-0002
  1.126543E-0002  4.354551E-0003  4.632396E-0003  3.841280E-0002  1.134292E-0002  0.000000E+0000  2.195736E-0002  1.459569E-0002  9.032200E-0003  2.962499E-0002  7.970712E-0002
  2.449709E-0002  1.637930E-0002  1.260479E-0002  3.909240E-0002  3.257890E-0002  2.195736E-0002  0.000000E+0000  3.718965E-0002  1.423644E-0002  3.999892E-0002  5.118988E-0002
  3.120671E-0002  1.747372E-0002  7.336190E-0003  3.592832E-0002  2.013873E-0002  1.459569E-0002  3.718965E-0002  0.000000E+0000  6.844619E-0003  1.109290E-0002  4.345107E-0002
  9.444046E-0003  4.688799E-0003  2.675825E-0003  1.524319E-0002  8.707219E-0003  9.032200E-0003  1.423644E-0002  6.844619E-0003  0.000000E+0000  2.950386E-0002  4.879956E-0002
  8.273264E-0003  7.466060E-0003  7.003699E-0003  2.193511E-0002  3.433840E-0002  2.962499E-0002  3.999892E-0002  1.109290E-0002  2.950386E-0002  0.000000E+0000  3.691091E-0002
  3.982875E-0002  3.062848E-0002  1.971742E-0002  8.776486E-0002  8.103285E-0002  7.970712E-0002  5.118988E-0002  4.345107E-0002  4.879956E-0002  3.691091E-0002  0.000000E+0000

  0.000000E+0000  1.449337E-0002  2.377427E-0003  8.667824E-0003  1.491067E-0002  2.126720E-0002  6.610581E-0003  6.850427E-0003  4.391531E-0003  7.146566E-0003  1.620166E-0002
  1.449337E-0002  0.000000E+0000  1.217971E-0003  2.244857E-0003  4.452627E-0003  6.447371E-0003  5.685680E-0003  3.584766E-0003  6.889708E-0004  2.481709E-0003  1.178484E-0002
  2.377427E-0003  1.217971E-0003  0.000000E+0000  5.192911E-0003  4.416163E-0003  4.471047E-0003  1.864138E-0003  2.009241E-0003  1.713217E-0003  3.334199E-0003  4.575491E-0003
  8.667824E-0003  2.244857E-0003  5.192911E-0003  0.000000E+0000  6.094889E-0003  2.278172E-0003  1.628836E-0002  6.811415E-0003  7.031523E-0004  2.411154E-0002  3.399086E-0002
  1.491067E-0002  4.452627E-0003  4.416163E-0003  6.094889E-0003  0.000000E+0000  2.633047E-0003  1.964770E-0002  6.720206E-0003  1.385723E-0003  1.509054E-0002  3.388143E-0002
  2.126720E-0002  6.447371E-0003  4.471047E-0003  2.278172E-0003  2.633047E-0003  0.000000E+0000  1.214152E-0002  1.377116E-0002  3.134524E-0003  1.131281E-0002  2.894233E-0002
  6.610581E-0003  5.685680E-0003  1.864138E-0003  1.628836E-0002  1.964770E-0002  1.214152E-0002  0.000000E+0000  2.029730E-0002  2.936838E-0003  2.551128E-0002  2.595229E-0002
  6.850427E-0003  3.584766E-0003  2.009241E-0003  6.811415E-0003  6.720206E-0003  1.377116E-0002  2.029730E-0002  0.000000E+0000  1.765733E-0003  1.277190E-0002  4.264649E-0002
  4.391531E-0003  6.889708E-0004  1.713217E-0003  7.031523E-0004  1.385723E-0003  3.134524E-0003  2.936838E-0003  1.765733E-0003  0.000000E+0000  4.155895E-0003  8.919132E-0003
  7.146566E-0003  2.481709E-0003  3.334199E-0003  2.411154E-0002  1.509054E-0002  1.131281E-0002  2.551128E-0002  1.277190E-0002  4.155895E-0003  0.000000E+0000  2.938278E-0002
  1.620166E-0002  1.178484E-0002  4.575491E-0003  3.399086E-0002  3.388143E-0002  2.894233E-0002  2.595229E-0002  4.264649E-0002  8.919132E-0003  2.938278E-0002  0.000000E+0000

  0.000000E+0000  5.880364E-0003  2.917990E-0003  5.581293E-0003  3.913978E-0003  8.704793E-0003  1.765030E-0003  2.590027E-0003  3.341822E-0003  4.914247E-0003  2.909668E-0003
  5.880364E-0003  0.000000E+0000  1.262269E-0003  2.535343E-0003  2.070798E-0003  1.339135E-0003  2.260832E-0003  2.151022E-0003  9.603236E-0004  1.675426E-0003  3.961199E-0003
  2.917990E-0003  1.262269E-0003  0.000000E+0000  4.695219E-0003  4.559572E-0003  1.074946E-0002  4.161408E-0003  2.734952E-0003  3.118600E-0003  1.282386E-0002  2.916515E-0003
  5.581293E-0003  2.535343E-0003  4.695219E-0003  0.000000E+0000  6.267039E-0003  5.856353E-0003  1.163209E-0002  4.461240E-0003  2.893107E-0003  1.021276E-0002  8.894552E-0003
  3.913978E-0003  2.070798E-0003  4.559572E-0003  6.267039E-0003  0.000000E+0000  6.787494E-0003  1.110088E-0002  3.515476E-0003  2.844163E-0003  1.448130E-0002  1.146536E-0002
  8.704793E-0003  1.339135E-0003  1.074946E-0002  5.856353E-0003  6.787494E-0003  0.000000E+0000  1.508793E-0002  5.842252E-0003  3.789173E-0003  9.663219E-0003  8.156146E-0003
  1.765030E-0003  2.260832E-0003  4.161408E-0003  1.163209E-0002  1.110088E-0002  1.508793E-0002  0.000000E+0000  4.208586E-0003  5.409551E-0003  1.756472E-0002  1.989616E-0003
  2.590027E-0003  2.151022E-0003  2.734952E-0003  4.461240E-0003  3.515476E-0003  5.842252E-0003  4.208586E-0003  0.000000E+0000  1.726202E-0003  2.508760E-0003  2.942743E-0003
  3.341822E-0003  9.603236E-0004  3.118600E-0003  2.893107E-0003  2.844163E-0003  3.789173E-0003  5.409551E-0003  1.726202E-0003  0.000000E+0000  3.513933E-0003  2.883296E-0003
  4.914247E-0003  1.675426E-0003  1.282386E-0002  1.021276E-0002  1.448130E-0002  9.663219E-0003  1.756472E-0002  2.508760E-0003  3.513933E-0003  0.000000E+0000  9.560173E-0003
  2.909668E-0003  3.961199E-0003  2.916515E-0003  8.894552E-0003  1.146536E-0002  8.156146E-0003  1.989616E-0003  2.942743E-0003  2.883296E-0003  9.560173E-0003  0.000000E+0000
