6661999 = Ignore first line (new format code)
File name: E:\Folders\PhD\ISAD\ISAD_Curry_data\ISAD_EEGs\eLORETA\EEGs_128Hz_200sec-window\Clinical_v_Healthy\T1_clinical_all\F17-ROIlinLagConn-crss.txt
1 = Number of time frames in Time X Frequency decomposition
3 = Number of EEG files
11 = Number Electrodes
25600 = Number of time frames in EEG files
32768 = Number of time frames in EEG files power of 2
7 = Number of matrices
5 = Band type (1=Classical1; 2=Classical2; 3=DiscreteFreqs; 4=AllDiscreteFreqs; 5=UserDefinedBands)
 1.280000E+0002 = Sampling rate Hz
-1.000000E+0002 = Freq1 Hz
-1.000000E+0002 = Freq2 Hz
 3.906250E-0003 = Frequency resolution Hz

  0.000000E+0000  3.762271E-0003  2.574786E-0003  4.812625E-0004  2.113872E-0002  1.042760E-0003  1.510129E-0004  3.423374E-0004  1.086924E-0002  1.888591E-0003  1.018919E-0003
  3.762271E-0003  0.000000E+0000  1.298874E-0003  5.276231E-0003  2.325814E-0002  1.006634E-0002  1.340659E-0003  6.511524E-0003  3.626670E-0003  6.423829E-0003  2.724566E-0003
  2.574786E-0003  1.298874E-0003  0.000000E+0000  4.584364E-0003  1.565417E-0002  5.048581E-0003  2.572055E-0003  3.284914E-0003  7.688387E-0003  4.237292E-0003  4.051526E-0003
  4.812625E-0004  5.276231E-0003  4.584364E-0003  0.000000E+0000  1.983123E-0002  1.878178E-0003  1.116056E-0003  2.261461E-0003  2.428045E-0002  2.455832E-0003  1.082415E-0003
  2.113872E-0002  2.325814E-0002  1.565417E-0002  1.983123E-0002  0.000000E+0000  1.993769E-0002  1.242924E-0002  2.304420E-0002  3.671173E-0002  1.909175E-0002  1.924658E-0002
  1.042760E-0003  1.006634E-0002  5.048581E-0003  1.878178E-0003  1.993769E-0002  0.000000E+0000  1.262042E-0003  2.524196E-0003  2.418414E-0002  6.632155E-0003  1.342719E-0003
  1.510129E-0004  1.340659E-0003  2.572055E-0003  1.116056E-0003  1.242924E-0002  1.262042E-0003  0.000000E+0000  3.594508E-0004  8.962912E-0003  9.482791E-0004  1.798756E-0003
  3.423374E-0004  6.511524E-0003  3.284914E-0003  2.261461E-0003  2.304420E-0002  2.524196E-0003  3.594508E-0004  0.000000E+0000  1.715767E-0002  5.162970E-0003  2.557288E-0003
  1.086924E-0002  3.626670E-0003  7.688387E-0003  2.428045E-0002  3.671173E-0002  2.418414E-0002  8.962912E-0003  1.715767E-0002  0.000000E+0000  2.259296E-0002  2.026736E-0002
  1.888591E-0003  6.423829E-0003  4.237292E-0003  2.455832E-0003  1.909175E-0002  6.632155E-0003  9.482791E-0004  5.162970E-0003  2.259296E-0002  0.000000E+0000  6.088946E-0003
  1.018919E-0003  2.724566E-0003  4.051526E-0003  1.082415E-0003  1.924658E-0002  1.342719E-0003  1.798756E-0003  2.557288E-0003  2.026736E-0002  6.088946E-0003  0.000000E+0000

  0.000000E+0000  1.398325E-0004  5.910926E-0004  6.289107E-0004  1.104473E-0003  3.768590E-0003  1.402979E-0004  7.797282E-0004  1.579706E-0003  9.793589E-0004  5.612815E-0004
  1.398325E-0004  0.000000E+0000  4.185165E-0004  2.635831E-0004  1.750266E-0003  1.999677E-0003  1.190726E-0004  9.824701E-0004  9.672468E-0004  4.283461E-0004  1.275946E-0003
  5.910926E-0004  4.185165E-0004  0.000000E+0000  4.476560E-0004  8.618215E-0004  1.007705E-0003  3.189950E-0004  1.149275E-0003  2.346382E-0004  5.345853E-0004  6.774869E-0004
  6.289107E-0004  2.635831E-0004  4.476560E-0004  0.000000E+0000  1.587835E-0003  3.795624E-0003  8.967105E-0004  2.770877E-0003  9.750907E-0004  1.911054E-0003  1.803272E-0003
  1.104473E-0003  1.750266E-0003  8.618215E-0004  1.587835E-0003  0.000000E+0000  4.360539E-0003  1.852358E-0004  2.275669E-0003  2.301396E-0003  2.517796E-0003  3.063123E-0003
  3.768590E-0003  1.999677E-0003  1.007705E-0003  3.795624E-0003  4.360539E-0003  0.000000E+0000  3.291910E-0003  6.169775E-0003  1.454907E-0003  3.466185E-0003  3.644513E-0003
  1.402979E-0004  1.190726E-0004  3.189950E-0004  8.967105E-0004  1.852358E-0004  3.291910E-0003  0.000000E+0000  8.889628E-0004  7.932217E-0004  2.027857E-0003  5.509976E-0004
  7.797282E-0004  9.824701E-0004  1.149275E-0003  2.770877E-0003  2.275669E-0003  6.169775E-0003  8.889628E-0004  0.000000E+0000  3.122457E-0003  3.366800E-0003  1.251726E-0003
  1.579706E-0003  9.672468E-0004  2.346382E-0004  9.750907E-0004  2.301396E-0003  1.454907E-0003  7.932217E-0004  3.122457E-0003  0.000000E+0000  9.160329E-0004  1.628000E-0003
  9.793589E-0004  4.283461E-0004  5.345853E-0004  1.911054E-0003  2.517796E-0003  3.466185E-0003  2.027857E-0003  3.366800E-0003  9.160329E-0004  0.000000E+0000  4.424269E-0003
  5.612815E-0004  1.275946E-0003  6.774869E-0004  1.803272E-0003  3.063123E-0003  3.644513E-0003  5.509976E-0004  1.251726E-0003  1.628000E-0003  4.424269E-0003  0.000000E+0000

  0.000000E+0000  1.005261E-0003  6.773529E-0004  2.244415E-0003  2.620480E-0004  1.720287E-0003  1.277551E-0003  6.876384E-0004  4.691779E-0004  2.634948E-0003  3.296862E-0003
  1.005261E-0003  0.000000E+0000  2.047763E-0003  5.807827E-0003  1.264938E-0003  5.564659E-0003  3.742057E-0003  1.091731E-0003  1.201335E-0003  5.670943E-0003  9.374790E-0003
  6.773529E-0004  2.047763E-0003  0.000000E+0000  8.188725E-0004  1.434399E-0003  6.937754E-0004  8.233564E-0004  1.301280E-0003  1.950851E-0003  9.771894E-0004  2.155726E-0003
  2.244415E-0003  5.807827E-0003  8.188725E-0004  0.000000E+0000  5.627171E-0003  1.490694E-0003  4.788505E-0004  3.949595E-0003  4.702991E-0003  1.812662E-0003  6.441966E-0003
  2.620480E-0004  1.264938E-0003  1.434399E-0003  5.627171E-0003  0.000000E+0000  5.230591E-0003  2.664282E-0003  7.383032E-0004  1.409966E-0003  6.773883E-0003  4.393915E-0003
  1.720287E-0003  5.564659E-0003  6.937754E-0004  1.490694E-0003  5.230591E-0003  0.000000E+0000  1.663495E-0003  3.649737E-0003  4.654810E-0003  1.625323E-0003  1.132363E-0002
  1.277551E-0003  3.742057E-0003  8.233564E-0004  4.788505E-0004  2.664282E-0003  1.663495E-0003  0.000000E+0000  2.401780E-0003  3.498232E-0003  2.425548E-0003  3.320064E-0004
  6.876384E-0004  1.091731E-0003  1.301280E-0003  3.949595E-0003  7.383032E-0004  3.649737E-0003  2.401780E-0003  0.000000E+0000  5.759541E-0004  4.187708E-0003  4.598522E-0003
  4.691779E-0004  1.201335E-0003  1.950851E-0003  4.702991E-0003  1.409966E-0003  4.654810E-0003  3.498232E-0003  5.759541E-0004  0.000000E+0000  5.449702E-0003  8.133293E-0003
  2.634948E-0003  5.670943E-0003  9.771894E-0004  1.812662E-0003  6.773883E-0003  1.625323E-0003  2.425548E-0003  4.187708E-0003  5.449702E-0003  0.000000E+0000  7.759655E-0003
  3.296862E-0003  9.374790E-0003  2.155726E-0003  6.441966E-0003  4.393915E-0003  1.132363E-0002  3.320064E-0004  4.598522E-0003  8.133293E-0003  7.759655E-0003  0.000000E+0000

  0.000000E+0000  1.280998E-0004  4.604603E-0004  9.417664E-0004  5.641216E-0004  9.127050E-0004  7.953920E-0004  5.637446E-0004  9.772576E-0004  3.917892E-0003  4.283546E-0003
  1.280998E-0004  0.000000E+0000  8.200238E-0004  1.530187E-0003  2.802389E-0004  9.438103E-0004  1.752949E-0003  3.816060E-0004  3.931801E-0004  4.490186E-0003  9.533348E-0003
  4.604603E-0004  8.200238E-0004  0.000000E+0000  1.924806E-0003  5.604415E-0004  2.111697E-0003  1.321230E-0003  6.283887E-0004  7.376801E-0004  5.892900E-0003  4.440519E-0003
  9.417664E-0004  1.530187E-0003  1.924806E-0003  0.000000E+0000  1.199851E-0003  2.442509E-0003  6.063499E-0003  1.610711E-0003  8.969643E-0004  1.408901E-0003  6.657102E-0003
  5.641216E-0004  2.802389E-0004  5.604415E-0004  1.199851E-0003  0.000000E+0000  6.565815E-0004  1.036957E-0003  1.115993E-0003  1.124260E-0003  2.836244E-0003  7.253718E-0003
  9.127050E-0004  9.438103E-0004  2.111697E-0003  2.442509E-0003  6.565815E-0004  0.000000E+0000  6.191116E-0003  1.377006E-0003  1.396747E-0003  8.824462E-0003  2.089013E-0002
  7.953920E-0004  1.752949E-0003  1.321230E-0003  6.063499E-0003  1.036957E-0003  6.191116E-0003  0.000000E+0000  2.334508E-0003  2.408780E-0003  1.373663E-0002  1.657528E-0002
  5.637446E-0004  3.816060E-0004  6.283887E-0004  1.610711E-0003  1.115993E-0003  1.377006E-0003  2.334508E-0003  0.000000E+0000  1.555212E-0003  4.740532E-0003  4.437779E-0003
  9.772576E-0004  3.931801E-0004  7.376801E-0004  8.969643E-0004  1.124260E-0003  1.396747E-0003  2.408780E-0003  1.555212E-0003  0.000000E+0000  3.722385E-0003  6.058428E-0003
  3.917892E-0003  4.490186E-0003  5.892900E-0003  1.408901E-0003  2.836244E-0003  8.824462E-0003  1.373663E-0002  4.740532E-0003  3.722385E-0003  0.000000E+0000  1.067595E-0002
  4.283546E-0003  9.533348E-0003  4.440519E-0003  6.657102E-0003  7.253718E-0003  2.089013E-0002  1.657528E-0002  4.437779E-0003  6.058428E-0003  1.067595E-0002  0.000000E+0000

  0.000000E+0000  1.531206E-0003  9.310935E-0003  1.041627E-0002  6.398332E-0003  9.203978E-0003  7.370634E-0003  5.182360E-0003  1.216473E-0002  1.647425E-0002  3.574185E-0002
  1.531206E-0003  0.000000E+0000  1.294027E-0002  3.586521E-0002  2.995053E-0003  3.297191E-0002  1.610521E-0002  1.120481E-0002  2.624858E-0002  3.592013E-0002  5.640852E-0002
  9.310935E-0003  1.294027E-0002  0.000000E+0000  6.298484E-0002  8.778368E-0003  6.079110E-0002  1.031052E-0002  1.447344E-0002  1.523037E-0002  6.149710E-0002  7.824680E-0002
  1.041627E-0002  3.586521E-0002  6.298484E-0002  0.000000E+0000  5.015057E-0003  5.627026E-0002  8.227357E-0002  3.875348E-0002  1.857508E-0002  3.615461E-0002  1.126171E-0001
  6.398332E-0003  2.995053E-0003  8.778368E-0003  5.015057E-0003  0.000000E+0000  5.265855E-0003  7.372443E-0003  8.580852E-0003  1.121315E-0002  1.377090E-0002  1.901358E-0002
  9.203978E-0003  3.297191E-0002  6.079110E-0002  5.627026E-0002  5.265855E-0003  0.000000E+0000  7.886332E-0002  3.723705E-0002  2.574196E-0002  6.286043E-0002  1.254462E-0001
  7.370634E-0003  1.610521E-0002  1.031052E-0002  8.227357E-0002  7.372443E-0003  7.886332E-0002  0.000000E+0000  1.102102E-0002  2.081389E-0002  7.990211E-0002  1.364601E-0001
  5.182360E-0003  1.120481E-0002  1.447344E-0002  3.875348E-0002  8.580852E-0003  3.723705E-0002  1.102102E-0002  0.000000E+0000  3.681082E-0002  4.603419E-0002  5.049982E-0002
  1.216473E-0002  2.624858E-0002  1.523037E-0002  1.857508E-0002  1.121315E-0002  2.574196E-0002  2.081389E-0002  3.681082E-0002  0.000000E+0000  1.450417E-0002  4.743544E-0002
  1.647425E-0002  3.592013E-0002  6.149710E-0002  3.615461E-0002  1.377090E-0002  6.286043E-0002  7.990211E-0002  4.603419E-0002  1.450417E-0002  0.000000E+0000  9.952777E-0002
  3.574185E-0002  5.640852E-0002  7.824680E-0002  1.126171E-0001  1.901358E-0002  1.254462E-0001  1.364601E-0001  5.049982E-0002  4.743544E-0002  9.952777E-0002  0.000000E+0000

  0.000000E+0000  7.670751E-0004  2.520662E-0003  1.448761E-0003  5.002173E-0003  1.113472E-0003  4.172688E-0003  2.334041E-0003  4.759856E-0003  6.792440E-0003  9.161828E-0003
  7.670751E-0004  0.000000E+0000  6.431303E-0003  3.701225E-0003  4.968731E-0003  3.999412E-0003  8.247647E-0003  5.582896E-0003  7.780185E-0003  2.355070E-0002  4.218019E-0002
  2.520662E-0003  6.431303E-0003  0.000000E+0000  7.172310E-0003  2.730114E-0003  8.938698E-0003  2.455673E-0003  3.086142E-0003  8.920676E-0003  1.732523E-0002  1.408578E-0002
  1.448761E-0003  3.701225E-0003  7.172310E-0003  0.000000E+0000  4.303128E-0003  9.448032E-0003  8.593097E-0003  9.705366E-0003  2.154037E-0003  6.884313E-0003  1.839621E-0002
  5.002173E-0003  4.968731E-0003  2.730114E-0003  4.303128E-0003  0.000000E+0000  7.355551E-0003  2.320455E-0003  5.958949E-0003  4.401095E-0003  5.998893E-0003  1.192406E-0002
  1.113472E-0003  3.999412E-0003  8.938698E-0003  9.448032E-0003  7.355551E-0003  0.000000E+0000  9.918272E-0003  1.110786E-0002  9.499769E-0003  2.205228E-0002  4.903295E-0002
  4.172688E-0003  8.247647E-0003  2.455673E-0003  8.593097E-0003  2.320455E-0003  9.918272E-0003  0.000000E+0000  1.010686E-0002  8.529345E-0003  2.856089E-0002  3.833798E-0002
  2.334041E-0003  5.582896E-0003  3.086142E-0003  9.705366E-0003  5.958949E-0003  1.110786E-0002  1.010686E-0002  0.000000E+0000  1.371978E-0002  9.525103E-0003  1.658993E-0002
  4.759856E-0003  7.780185E-0003  8.920676E-0003  2.154037E-0003  4.401095E-0003  9.499769E-0003  8.529345E-0003  1.371978E-0002  0.000000E+0000  7.161737E-0003  1.978842E-0002
  6.792440E-0003  2.355070E-0002  1.732523E-0002  6.884313E-0003  5.998893E-0003  2.205228E-0002  2.856089E-0002  9.525103E-0003  7.161737E-0003  0.000000E+0000  2.389899E-0002
  9.161828E-0003  4.218019E-0002  1.408578E-0002  1.839621E-0002  1.192406E-0002  4.903295E-0002  3.833798E-0002  1.658993E-0002  1.978842E-0002  2.389899E-0002  0.000000E+0000

  0.000000E+0000  4.198021E-0004  2.424481E-0003  1.457595E-0003  7.955267E-0004  4.689054E-0004  1.088168E-0003  2.755353E-0003  3.968265E-0003  2.877684E-0003  1.240951E-0002
  4.198021E-0004  0.000000E+0000  1.347132E-0003  7.336137E-0003  6.898270E-0004  6.525838E-0003  3.122137E-0003  8.017037E-0004  1.757795E-0003  7.724908E-0003  1.684831E-0002
  2.424481E-0003  1.347132E-0003  0.000000E+0000  6.924163E-0003  2.741231E-0003  4.753088E-0003  1.095088E-0002  2.951428E-0003  8.345420E-0004  8.637545E-0003  1.814933E-0002
  1.457595E-0003  7.336137E-0003  6.924163E-0003  0.000000E+0000  2.074468E-0003  5.848214E-0003  1.449343E-0002  4.785643E-0003  1.109832E-0003  8.305362E-0003  2.767840E-0002
  7.955267E-0004  6.898270E-0004  2.741231E-0003  2.074468E-0003  0.000000E+0000  2.239337E-0003  2.384603E-0003  3.313264E-0003  4.792780E-0003  2.232292E-0003  4.526712E-0003
  4.689054E-0004  6.525838E-0003  4.753088E-0003  5.848214E-0003  2.239337E-0003  0.000000E+0000  1.050787E-0002  5.369605E-0003  8.698353E-0004  1.047674E-0002  3.676635E-0002
  1.088168E-0003  3.122137E-0003  1.095088E-0002  1.449343E-0002  2.384603E-0003  1.050787E-0002  0.000000E+0000  1.770384E-0003  2.538573E-0003  1.651305E-0002  3.889333E-0002
  2.755353E-0003  8.017037E-0004  2.951428E-0003  4.785643E-0003  3.313264E-0003  5.369605E-0003  1.770384E-0003  0.000000E+0000  4.221205E-0003  5.877066E-0003  1.546408E-0002
  3.968265E-0003  1.757795E-0003  8.345420E-0004  1.109832E-0003  4.792780E-0003  8.698353E-0004  2.538573E-0003  4.221205E-0003  0.000000E+0000  3.915457E-0003  1.123869E-0002
  2.877684E-0003  7.724908E-0003  8.637545E-0003  8.305362E-0003  2.232292E-0003  1.047674E-0002  1.651305E-0002  5.877066E-0003  3.915457E-0003  0.000000E+0000  3.624754E-0002
  1.240951E-0002  1.684831E-0002  1.814933E-0002  2.767840E-0002  4.526712E-0003  3.676635E-0002  3.889333E-0002  1.546408E-0002  1.123869E-0002  3.624754E-0002  0.000000E+0000
