6661999 = Ignore first line (new format code)
File name: E:\Folders\PhD\ISAD\ISAD_Curry_data\ISAD_EEGs\eLORETA\EEGs_128Hz_200sec-window\Clinical_v_Healthy\T1_clinical_all\F18-ROIlinLagConn-crss.txt
1 = Number of time frames in Time X Frequency decomposition
3 = Number of EEG files
11 = Number Electrodes
25600 = Number of time frames in EEG files
32768 = Number of time frames in EEG files power of 2
7 = Number of matrices
5 = Band type (1=Classical1; 2=Classical2; 3=DiscreteFreqs; 4=AllDiscreteFreqs; 5=UserDefinedBands)
 1.280000E+0002 = Sampling rate Hz
-1.000000E+0002 = Freq1 Hz
-1.000000E+0002 = Freq2 Hz
 3.906250E-0003 = Frequency resolution Hz

  0.000000E+0000  4.375023E-0002  2.617554E-0002  3.129330E-0002  3.729792E-0002  3.262139E-0002  6.624440E-0002  1.106603E-0001  7.674195E-0002  3.409440E-0002  9.617361E-0002
  4.375023E-0002  0.000000E+0000  5.379306E-0002  2.510165E-0002  9.153855E-0002  7.107324E-0002  4.369945E-0002  7.126696E-0002  1.506298E-0001  5.379691E-0002  1.014654E-0001
  2.617554E-0002  5.379306E-0002  0.000000E+0000  2.383493E-0002  2.812738E-0002  1.403234E-0002  4.969615E-0002  1.001295E-0001  4.248740E-0002  3.017316E-0002  6.378932E-0002
  3.129330E-0002  2.510165E-0002  2.383493E-0002  0.000000E+0000  3.354544E-0002  7.830632E-0002  7.890283E-0002  3.561876E-0002  8.919881E-0002  6.824698E-0002  9.867522E-0002
  3.729792E-0002  9.153855E-0002  2.812738E-0002  3.354544E-0002  0.000000E+0000  6.119736E-0002  8.649138E-0002  2.321184E-0001  1.295371E-0001  5.299609E-0002  1.289373E-0001
  3.262139E-0002  7.107324E-0002  1.403234E-0002  7.830632E-0002  6.119736E-0002  0.000000E+0000  1.010331E-0001  1.121584E-0001  9.524226E-0002  5.114162E-0002  1.400229E-0001
  6.624440E-0002  4.369945E-0002  4.969615E-0002  7.890283E-0002  8.649138E-0002  1.010331E-0001  0.000000E+0000  9.329256E-0002  1.207135E-0001  7.598189E-0002  1.390388E-0001
  1.106603E-0001  7.126696E-0002  1.001295E-0001  3.561876E-0002  2.321184E-0001  1.121584E-0001  9.329256E-0002  0.000000E+0000  2.041670E-0001  5.669247E-0002  1.564639E-0001
  7.674195E-0002  1.506298E-0001  4.248740E-0002  8.919881E-0002  1.295371E-0001  9.524226E-0002  1.207135E-0001  2.041670E-0001  0.000000E+0000  7.328117E-0002  1.311858E-0001
  3.409440E-0002  5.379691E-0002  3.017316E-0002  6.824698E-0002  5.299609E-0002  5.114162E-0002  7.598189E-0002  5.669247E-0002  7.328117E-0002  0.000000E+0000  1.104752E-0001
  9.617361E-0002  1.014654E-0001  6.378932E-0002  9.867522E-0002  1.289373E-0001  1.400229E-0001  1.390388E-0001  1.564639E-0001  1.311858E-0001  1.104752E-0001  0.000000E+0000

  0.000000E+0000  2.093458E-0003  9.147640E-0004  5.135412E-0004  8.102939E-0004  4.215024E-0003  1.958882E-0003  2.141798E-0003  9.422606E-0004  2.920348E-0003  9.649433E-0004
  2.093458E-0003  0.000000E+0000  1.214875E-0003  1.793758E-0003  5.375312E-0003  1.080792E-0002  5.991891E-0004  1.864144E-0003  8.361691E-0004  1.428066E-0003  8.019624E-0004
  9.147640E-0004  1.214875E-0003  0.000000E+0000  1.748281E-0003  3.606851E-0004  6.717219E-0003  3.409254E-0003  1.378745E-0003  7.361039E-0004  5.791302E-0003  1.308773E-0003
  5.135412E-0004  1.793758E-0003  1.748281E-0003  0.000000E+0000  8.315111E-0004  9.166965E-0003  2.305520E-0003  1.427295E-0003  5.539453E-0003  6.325664E-0003  6.618274E-0003
  8.102939E-0004  5.375312E-0003  3.606851E-0004  8.315111E-0004  0.000000E+0000  6.268830E-0003  1.085792E-0003  5.836401E-0003  2.576038E-0004  3.664744E-0003  9.151365E-0004
  4.215024E-0003  1.080792E-0002  6.717219E-0003  9.166965E-0003  6.268830E-0003  0.000000E+0000  1.725132E-0002  1.467547E-0002  7.456827E-0003  1.223121E-0002  1.422377E-0002
  1.958882E-0003  5.991891E-0004  3.409254E-0003  2.305520E-0003  1.085792E-0003  1.725132E-0002  0.000000E+0000  1.272535E-0003  8.227341E-0003  7.383376E-0003  3.678428E-0003
  2.141798E-0003  1.864144E-0003  1.378745E-0003  1.427295E-0003  5.836401E-0003  1.467547E-0002  1.272535E-0003  0.000000E+0000  8.848663E-0004  2.677592E-0003  2.527075E-0004
  9.422606E-0004  8.361691E-0004  7.361039E-0004  5.539453E-0003  2.576038E-0004  7.456827E-0003  8.227341E-0003  8.848663E-0004  0.000000E+0000  1.097097E-0002  3.227561E-0003
  2.920348E-0003  1.428066E-0003  5.791302E-0003  6.325664E-0003  3.664744E-0003  1.223121E-0002  7.383376E-0003  2.677592E-0003  1.097097E-0002  0.000000E+0000  1.056232E-0002
  9.649433E-0004  8.019624E-0004  1.308773E-0003  6.618274E-0003  9.151365E-0004  1.422377E-0002  3.678428E-0003  2.527075E-0004  3.227561E-0003  1.056232E-0002  0.000000E+0000

  0.000000E+0000  3.658297E-0004  4.404790E-0004  1.005653E-0003  2.967652E-0004  4.329724E-0004  6.654540E-0004  5.201203E-0004  2.475383E-0004  4.228257E-0004  4.864873E-0004
  3.658297E-0004  0.000000E+0000  1.825722E-0004  1.772150E-0003  3.175439E-0004  7.502537E-0004  1.521107E-0003  6.442880E-0004  3.196449E-0004  1.420499E-0003  1.966270E-0003
  4.404790E-0004  1.825722E-0004  0.000000E+0000  1.544402E-0003  1.806267E-0004  8.816781E-0004  8.042994E-0004  2.908184E-0004  3.571641E-0004  1.466914E-0003  1.068328E-0003
  1.005653E-0003  1.772150E-0003  1.544402E-0003  0.000000E+0000  1.059589E-0003  1.025364E-0003  2.849953E-0003  2.224484E-0003  1.097838E-0003  3.211051E-0003  1.698934E-0003
  2.967652E-0004  3.175439E-0004  1.806267E-0004  1.059589E-0003  0.000000E+0000  4.082835E-0004  4.626881E-0004  4.340224E-0004  3.633043E-0004  9.537980E-0004  1.250863E-0003
  4.329724E-0004  7.502537E-0004  8.816781E-0004  1.025364E-0003  4.082835E-0004  0.000000E+0000  2.733797E-0003  8.902721E-0004  6.940959E-0004  2.107179E-0003  9.758637E-0004
  6.654540E-0004  1.521107E-0003  8.042994E-0004  2.849953E-0003  4.626881E-0004  2.733797E-0003  0.000000E+0000  2.032095E-0003  1.337337E-0003  3.126584E-0003  2.698316E-0003
  5.201203E-0004  6.442880E-0004  2.908184E-0004  2.224484E-0003  4.340224E-0004  8.902721E-0004  2.032095E-0003  0.000000E+0000  5.097573E-0004  2.022154E-0003  2.409548E-0003
  2.475383E-0004  3.196449E-0004  3.571641E-0004  1.097838E-0003  3.633043E-0004  6.940959E-0004  1.337337E-0003  5.097573E-0004  0.000000E+0000  1.042170E-0003  9.346019E-0004
  4.228257E-0004  1.420499E-0003  1.466914E-0003  3.211051E-0003  9.537980E-0004  2.107179E-0003  3.126584E-0003  2.022154E-0003  1.042170E-0003  0.000000E+0000  2.382621E-0003
  4.864873E-0004  1.966270E-0003  1.068328E-0003  1.698934E-0003  1.250863E-0003  9.758637E-0004  2.698316E-0003  2.409548E-0003  9.346019E-0004  2.382621E-0003  0.000000E+0000

  0.000000E+0000  2.332072E-0003  3.861811E-0003  5.664721E-0003  6.628098E-0003  4.309445E-0003  5.182899E-0003  2.924430E-0003  2.245926E-0003  5.387568E-0003  7.041114E-0003
  2.332072E-0003  0.000000E+0000  2.891394E-0003  5.598276E-0003  2.524257E-0003  2.384367E-0003  7.083459E-0003  1.856282E-0003  1.420120E-0003  2.376883E-0003  6.733491E-0003
  3.861811E-0003  2.891394E-0003  0.000000E+0000  1.111375E-0002  5.383266E-0003  1.235702E-0002  6.591089E-0003  1.450333E-0003  1.516785E-0003  1.320575E-0002  1.388838E-0002
  5.664721E-0003  5.598276E-0003  1.111375E-0002  0.000000E+0000  7.320711E-0003  9.184376E-0003  2.408383E-0002  6.135462E-0003  1.184963E-0002  7.309241E-0003  2.447940E-0002
  6.628098E-0003  2.524257E-0003  5.383266E-0003  7.320711E-0003  0.000000E+0000  1.062955E-0002  1.557025E-0002  1.515726E-0003  5.391146E-0003  1.385060E-0002  1.165564E-0002
  4.309445E-0003  2.384367E-0003  1.235702E-0002  9.184376E-0003  1.062955E-0002  0.000000E+0000  2.437477E-0002  7.190132E-0003  9.221739E-0003  9.150582E-0003  2.142420E-0002
  5.182899E-0003  7.083459E-0003  6.591089E-0003  2.408383E-0002  1.557025E-0002  2.437477E-0002  0.000000E+0000  8.116576E-0003  3.900459E-0003  2.765848E-0002  2.789496E-0002
  2.924430E-0003  1.856282E-0003  1.450333E-0003  6.135462E-0003  1.515726E-0003  7.190132E-0003  8.116576E-0003  0.000000E+0000  1.324409E-0003  6.098665E-0003  8.336465E-0003
  2.245926E-0003  1.420120E-0003  1.516785E-0003  1.184963E-0002  5.391146E-0003  9.221739E-0003  3.900459E-0003  1.324409E-0003  0.000000E+0000  1.177944E-0002  9.021596E-0003
  5.387568E-0003  2.376883E-0003  1.320575E-0002  7.309241E-0003  1.385060E-0002  9.150582E-0003  2.765848E-0002  6.098665E-0003  1.177944E-0002  0.000000E+0000  2.636320E-0002
  7.041114E-0003  6.733491E-0003  1.388838E-0002  2.447940E-0002  1.165564E-0002  2.142420E-0002  2.789496E-0002  8.336465E-0003  9.021596E-0003  2.636320E-0002  0.000000E+0000

  0.000000E+0000  2.055829E-0003  4.240350E-0004  2.941345E-0003  6.870868E-0004  2.140714E-0003  8.187248E-0003  4.033662E-0003  1.764544E-0003  1.638553E-0003  4.749021E-0003
  2.055829E-0003  0.000000E+0000  2.875892E-0003  4.273951E-0003  5.216517E-0003  8.232708E-0003  6.098236E-0003  2.964727E-0003  9.030994E-0003  7.094005E-0003  5.375549E-0003
  4.240350E-0004  2.875892E-0003  0.000000E+0000  5.493651E-0003  1.303232E-0003  4.003651E-0003  1.534114E-0002  5.974085E-0003  3.065342E-0003  4.305192E-0003  1.115710E-0002
  2.941345E-0003  4.273951E-0003  5.493651E-0003  0.000000E+0000  1.378803E-0002  1.566474E-0002  3.264006E-0002  3.680817E-0003  2.556231E-0002  2.218159E-0002  2.716360E-0002
  6.870868E-0004  5.216517E-0003  1.303232E-0003  1.378803E-0002  0.000000E+0000  9.227416E-0003  1.906217E-0002  1.051234E-0002  7.156333E-0003  1.155656E-0002  1.717087E-0002
  2.140714E-0003  8.232708E-0003  4.003651E-0003  1.566474E-0002  9.227416E-0003  0.000000E+0000  4.120304E-0002  1.272885E-0002  8.877735E-0003  1.465332E-0002  2.072998E-0002
  8.187248E-0003  6.098236E-0003  1.534114E-0002  3.264006E-0002  1.906217E-0002  4.120304E-0002  0.000000E+0000  6.530948E-0003  4.640647E-0002  3.710964E-0002  3.386348E-0002
  4.033662E-0003  2.964727E-0003  5.974085E-0003  3.680817E-0003  1.051234E-0002  1.272885E-0002  6.530948E-0003  0.000000E+0000  1.407715E-0002  7.117310E-0003  1.542288E-0002
  1.764544E-0003  9.030994E-0003  3.065342E-0003  2.556231E-0002  7.156333E-0003  8.877735E-0003  4.640647E-0002  1.407715E-0002  0.000000E+0000  9.311825E-0003  4.852548E-0002
  1.638553E-0003  7.094005E-0003  4.305192E-0003  2.218159E-0002  1.155656E-0002  1.465332E-0002  3.710964E-0002  7.117310E-0003  9.311825E-0003  0.000000E+0000  2.434591E-0002
  4.749021E-0003  5.375549E-0003  1.115710E-0002  2.716360E-0002  1.717087E-0002  2.072998E-0002  3.386348E-0002  1.542288E-0002  4.852548E-0002  2.434591E-0002  0.000000E+0000

  0.000000E+0000  6.841661E-0005  1.726942E-0004  3.070479E-0004  5.099567E-0004  8.568937E-0004  7.789436E-0004  1.131845E-0004  7.384024E-0004  2.918184E-0004  6.818846E-0004
  6.841661E-0005  0.000000E+0000  3.924034E-0004  2.512568E-0004  1.631922E-0004  7.811504E-0004  9.543141E-0004  2.428109E-0004  9.336515E-0004  1.813470E-0004  1.101511E-0003
  1.726942E-0004  3.924034E-0004  0.000000E+0000  3.283851E-0004  3.830959E-0004  4.813429E-0004  6.139287E-0004  7.318041E-0004  6.096436E-0004  2.856627E-0004  9.440754E-0004
  3.070479E-0004  2.512568E-0004  3.283851E-0004  0.000000E+0000  7.040190E-0004  2.226619E-0003  1.740468E-0003  2.330318E-0004  1.989958E-0003  1.086616E-0003  2.474732E-0003
  5.099567E-0004  1.631922E-0004  3.830959E-0004  7.040190E-0004  0.000000E+0000  1.479063E-0003  7.925588E-0004  3.027802E-0004  1.711479E-0003  1.075874E-0003  9.088577E-0004
  8.568937E-0004  7.811504E-0004  4.813429E-0004  2.226619E-0003  1.479063E-0003  0.000000E+0000  1.650439E-0003  5.124231E-0004  1.888038E-0003  2.400714E-0003  2.115289E-0003
  7.789436E-0004  9.543141E-0004  6.139287E-0004  1.740468E-0003  7.925588E-0004  1.650439E-0003  0.000000E+0000  1.869153E-0003  1.693071E-0003  2.089935E-0003  2.346225E-0003
  1.131845E-0004  2.428109E-0004  7.318041E-0004  2.330318E-0004  3.027802E-0004  5.124231E-0004  1.869153E-0003  0.000000E+0000  1.559184E-0003  4.790362E-0004  1.762077E-0003
  7.384024E-0004  9.336515E-0004  6.096436E-0004  1.989958E-0003  1.711479E-0003  1.888038E-0003  1.693071E-0003  1.559184E-0003  0.000000E+0000  2.311553E-0003  3.060658E-0003
  2.918184E-0004  1.813470E-0004  2.856627E-0004  1.086616E-0003  1.075874E-0003  2.400714E-0003  2.089935E-0003  4.790362E-0004  2.311553E-0003  0.000000E+0000  2.823705E-0003
  6.818846E-0004  1.101511E-0003  9.440754E-0004  2.474732E-0003  9.088577E-0004  2.115289E-0003  2.346225E-0003  1.762077E-0003  3.060658E-0003  2.823705E-0003  0.000000E+0000

  0.000000E+0000  3.625572E-0004  1.473509E-0004  2.021648E-0004  9.608148E-0005  8.425387E-0004  9.258256E-0004  2.732941E-0004  3.192176E-0004  2.536238E-0004  4.772459E-0004
  3.625572E-0004  0.000000E+0000  6.751517E-0005  4.826187E-0004  3.328733E-0004  7.585980E-0004  5.146728E-0004  4.883505E-0004  5.715787E-0004  5.291718E-0004  3.019443E-0004
  1.473509E-0004  6.751517E-0005  0.000000E+0000  6.349566E-0004  1.964109E-0004  1.884385E-0003  1.267866E-0003  3.169761E-0004  5.595821E-0004  1.090041E-0004  6.711829E-0004
  2.021648E-0004  4.826187E-0004  6.349566E-0004  0.000000E+0000  5.792192E-0004  1.150342E-0003  1.778062E-0003  5.218914E-0004  5.575942E-0004  1.203731E-0003  1.456213E-0003
  9.608148E-0005  3.328733E-0004  1.964109E-0004  5.792192E-0004  0.000000E+0000  4.788944E-0004  5.431453E-0004  5.721599E-0004  4.358015E-0004  5.308673E-0004  1.675109E-0004
  8.425387E-0004  7.585980E-0004  1.884385E-0003  1.150342E-0003  4.788944E-0004  0.000000E+0000  4.822621E-0003  8.278643E-0004  7.237967E-0004  2.147482E-0003  2.589026E-0003
  9.258256E-0004  5.146728E-0004  1.267866E-0003  1.778062E-0003  5.431453E-0004  4.822621E-0003  0.000000E+0000  1.142332E-0003  1.034752E-0003  1.079554E-0003  1.553408E-0003
  2.732941E-0004  4.883505E-0004  3.169761E-0004  5.218914E-0004  5.721599E-0004  8.278643E-0004  1.142332E-0003  0.000000E+0000  1.419112E-0003  6.181083E-0004  5.303630E-0004
  3.192176E-0004  5.715787E-0004  5.595821E-0004  5.575942E-0004  4.358015E-0004  7.237967E-0004  1.034752E-0003  1.419112E-0003  0.000000E+0000  5.841840E-0004  5.541811E-0004
  2.536238E-0004  5.291718E-0004  1.090041E-0004  1.203731E-0003  5.308673E-0004  2.147482E-0003  1.079554E-0003  6.181083E-0004  5.841840E-0004  0.000000E+0000  9.456414E-0004
  4.772459E-0004  3.019443E-0004  6.711829E-0004  1.456213E-0003  1.675109E-0004  2.589026E-0003  1.553408E-0003  5.303630E-0004  5.541811E-0004  9.456414E-0004  0.000000E+0000
