6661999 = Ignore first line (new format code)
File name: E:\Folders\PhD\ISAD\ISAD_Curry_data\ISAD_EEGs\eLORETA\EEGs_128Hz_200sec-window\Clinical_v_Healthy\T1_clinical_all\F19-ROIlinLagConn-crss.txt
1 = Number of time frames in Time X Frequency decomposition
3 = Number of EEG files
11 = Number Electrodes
25600 = Number of time frames in EEG files
32768 = Number of time frames in EEG files power of 2
7 = Number of matrices
5 = Band type (1=Classical1; 2=Classical2; 3=DiscreteFreqs; 4=AllDiscreteFreqs; 5=UserDefinedBands)
 1.280000E+0002 = Sampling rate Hz
-1.000000E+0002 = Freq1 Hz
-1.000000E+0002 = Freq2 Hz
 3.906250E-0003 = Frequency resolution Hz

  0.000000E+0000  3.108449E-0003  6.059260E-0004  2.292346E-0003  7.269538E-0003  4.068553E-0003  7.972622E-0003  4.299137E-0003  4.747767E-0003  1.664296E-0003  1.243059E-0002
  3.108449E-0003  0.000000E+0000  2.250224E-0003  1.338257E-0003  3.211438E-0003  1.720254E-0003  3.340428E-0003  8.178590E-0003  3.417269E-0003  9.940244E-0004  2.478465E-0003
  6.059260E-0004  2.250224E-0003  0.000000E+0000  1.680390E-0003  6.291161E-0003  5.179043E-0003  4.056021E-0003  4.225447E-0003  1.559075E-0003  1.673804E-0003  8.694035E-0003
  2.292346E-0003  1.338257E-0003  1.680390E-0003  0.000000E+0000  3.966387E-0003  3.265230E-0002  3.822919E-0003  8.949437E-0003  4.879690E-0003  7.873692E-0003  1.427900E-0002
  7.269538E-0003  3.211438E-0003  6.291161E-0003  3.966387E-0003  0.000000E+0000  1.541625E-0002  1.202484E-0002  2.260170E-0002  9.339827E-0003  2.734776E-0003  1.734361E-0002
  4.068553E-0003  1.720254E-0003  5.179043E-0003  3.265230E-0002  1.541625E-0002  0.000000E+0000  2.496636E-0002  1.135578E-0002  8.364385E-0003  3.519853E-0002  3.429195E-0002
  7.972622E-0003  3.340428E-0003  4.056021E-0003  3.822919E-0003  1.202484E-0002  2.496636E-0002  0.000000E+0000  2.391265E-0002  1.047894E-0002  2.864845E-0003  9.351942E-0003
  4.299137E-0003  8.178590E-0003  4.225447E-0003  8.949437E-0003  2.260170E-0002  1.135578E-0002  2.391265E-0002  0.000000E+0000  1.188401E-0002  6.804084E-0003  2.567346E-0002
  4.747767E-0003  3.417269E-0003  1.559075E-0003  4.879690E-0003  9.339827E-0003  8.364385E-0003  1.047894E-0002  1.188401E-0002  0.000000E+0000  3.693830E-0003  1.478406E-0002
  1.664296E-0003  9.940244E-0004  1.673804E-0003  7.873692E-0003  2.734776E-0003  3.519853E-0002  2.864845E-0003  6.804084E-0003  3.693830E-0003  0.000000E+0000  1.079695E-0002
  1.243059E-0002  2.478465E-0003  8.694035E-0003  1.427900E-0002  1.734361E-0002  3.429195E-0002  9.351942E-0003  2.567346E-0002  1.478406E-0002  1.079695E-0002  0.000000E+0000

  0.000000E+0000  1.169481E-0004  1.532370E-0004  6.789382E-0004  8.330535E-0004  8.520805E-0004  3.608123E-0004  1.745735E-0003  4.371454E-0004  6.716021E-0004  5.785982E-0004
  1.169481E-0004  0.000000E+0000  5.135822E-0005  9.057052E-0005  3.198383E-0004  1.848636E-0004  9.082926E-0005  4.057824E-0004  1.007241E-0004  1.077102E-0004  9.651187E-0005
  1.532370E-0004  5.135822E-0005  0.000000E+0000  4.286151E-0005  3.560943E-0004  1.460143E-0004  9.503864E-0006  4.891764E-0004  1.584207E-0005  3.502205E-0005  1.581355E-0004
  6.789382E-0004  9.057052E-0005  4.286151E-0005  0.000000E+0000  1.633127E-0003  1.604005E-0003  1.325592E-0004  1.098689E-0003  2.769329E-0004  1.422994E-0003  8.999031E-0004
  8.330535E-0004  3.198383E-0004  3.560943E-0004  1.633127E-0003  0.000000E+0000  1.347467E-0003  8.958060E-0004  1.808011E-0003  5.149346E-0004  1.417154E-0003  1.250686E-0003
  8.520805E-0004  1.848636E-0004  1.460143E-0004  1.604005E-0003  1.347467E-0003  0.000000E+0000  4.207267E-0004  2.930076E-0003  5.830221E-0004  1.460581E-0003  2.178720E-0003
  3.608123E-0004  9.082926E-0005  9.503864E-0006  1.325592E-0004  8.958060E-0004  4.207267E-0004  0.000000E+0000  5.089202E-0004  1.146426E-0004  1.185302E-0004  3.718862E-0004
  1.745735E-0003  4.057824E-0004  4.891764E-0004  1.098689E-0003  1.808011E-0003  2.930076E-0003  5.089202E-0004  0.000000E+0000  4.687835E-0004  1.240573E-0003  1.157154E-0003
  4.371454E-0004  1.007241E-0004  1.584207E-0005  2.769329E-0004  5.149346E-0004  5.830221E-0004  1.146426E-0004  4.687835E-0004  0.000000E+0000  3.071601E-0004  2.701986E-0004
  6.716021E-0004  1.077102E-0004  3.502205E-0005  1.422994E-0003  1.417154E-0003  1.460581E-0003  1.185302E-0004  1.240573E-0003  3.071601E-0004  0.000000E+0000  1.071119E-0003
  5.785982E-0004  9.651187E-0005  1.581355E-0004  8.999031E-0004  1.250686E-0003  2.178720E-0003  3.718862E-0004  1.157154E-0003  2.701986E-0004  1.071119E-0003  0.000000E+0000

  0.000000E+0000  2.559477E-0004  1.506905E-0004  2.269835E-0004  1.156631E-0003  3.546960E-0004  6.099189E-0005  1.621960E-0003  4.615423E-0004  1.611854E-0004  1.309488E-0004
  2.559477E-0004  0.000000E+0000  1.828254E-0004  4.772019E-0004  5.410599E-0004  6.418466E-0004  4.836261E-0004  4.498247E-0004  1.243055E-0004  3.940307E-0004  6.825688E-0004
  1.506905E-0004  1.828254E-0004  0.000000E+0000  2.321384E-0004  7.104087E-0004  1.971819E-0004  6.969770E-0005  6.427098E-0004  6.756328E-0005  1.996224E-0004  1.379798E-0004
  2.269835E-0004  4.772019E-0004  2.321384E-0004  0.000000E+0000  1.894756E-0003  8.183332E-0004  1.071806E-0003  3.718805E-0004  3.541166E-0004  8.075740E-0004  1.189762E-0003
  1.156631E-0003  5.410599E-0004  7.104087E-0004  1.894756E-0003  0.000000E+0000  3.612164E-0003  1.876119E-0003  1.773416E-0003  4.484531E-0004  1.506335E-0003  3.742147E-0003
  3.546960E-0004  6.418466E-0004  1.971819E-0004  8.183332E-0004  3.612164E-0003  0.000000E+0000  7.977955E-0004  3.766552E-0003  1.200439E-0003  6.075893E-0004  2.057740E-0003
  6.099189E-0005  4.836261E-0004  6.969770E-0005  1.071806E-0003  1.876119E-0003  7.977955E-0004  0.000000E+0000  1.093178E-0003  1.608256E-0004  1.031864E-0003  2.475190E-0003
  1.621960E-0003  4.498247E-0004  6.427098E-0004  3.718805E-0004  1.773416E-0003  3.766552E-0003  1.093178E-0003  0.000000E+0000  4.959014E-0004  1.214210E-0004  1.540447E-0003
  4.615423E-0004  1.243055E-0004  6.756328E-0005  3.541166E-0004  4.484531E-0004  1.200439E-0003  1.608256E-0004  4.959014E-0004  0.000000E+0000  3.813822E-0004  6.807218E-0004
  1.611854E-0004  3.940307E-0004  1.996224E-0004  8.075740E-0004  1.506335E-0003  6.075893E-0004  1.031864E-0003  1.214210E-0004  3.813822E-0004  0.000000E+0000  1.585286E-0003
  1.309488E-0004  6.825688E-0004  1.379798E-0004  1.189762E-0003  3.742147E-0003  2.057740E-0003  2.475190E-0003  1.540447E-0003  6.807218E-0004  1.585286E-0003  0.000000E+0000

  0.000000E+0000  2.265070E-0004  6.180043E-0004  4.871630E-0003  2.235296E-0003  5.831337E-0003  2.757128E-0003  7.694846E-0004  4.221457E-0004  3.309949E-0003  9.082963E-0003
  2.265070E-0004  0.000000E+0000  2.688582E-0004  1.405578E-0003  4.832408E-0004  1.702870E-0003  7.555701E-0004  2.868873E-0004  1.215416E-0004  1.021111E-0003  2.413712E-0003
  6.180043E-0004  2.688582E-0004  0.000000E+0000  2.139836E-0003  1.268447E-0003  1.327843E-0003  7.039557E-0004  8.336416E-0004  9.474756E-0005  1.747680E-0003  2.801732E-0003
  4.871630E-0003  1.405578E-0003  2.139836E-0003  0.000000E+0000  4.368709E-0003  1.112179E-0002  3.592348E-0003  6.395916E-0003  1.762146E-0003  5.371484E-0003  5.678812E-0003
  2.235296E-0003  4.832408E-0004  1.268447E-0003  4.368709E-0003  0.000000E+0000  5.090634E-0003  2.425198E-0003  2.897073E-0003  9.490317E-0004  2.987087E-0003  7.267227E-0003
  5.831337E-0003  1.702870E-0003  1.327843E-0003  1.112179E-0002  5.090634E-0003  0.000000E+0000  3.304844E-0003  8.003841E-0003  6.572259E-0004  9.219874E-0003  9.927686E-0003
  2.757128E-0003  7.555701E-0004  7.039557E-0004  3.592348E-0003  2.425198E-0003  3.304844E-0003  0.000000E+0000  3.253834E-0003  5.897902E-0004  3.198005E-0003  2.219199E-0003
  7.694846E-0004  2.868873E-0004  8.336416E-0004  6.395916E-0003  2.897073E-0003  8.003841E-0003  3.253834E-0003  0.000000E+0000  5.455886E-0004  4.682693E-0003  1.107962E-0002
  4.221457E-0004  1.215416E-0004  9.474756E-0005  1.762146E-0003  9.490317E-0004  6.572259E-0004  5.897902E-0004  5.455886E-0004  0.000000E+0000  1.257187E-0003  2.946692E-0003
  3.309949E-0003  1.021111E-0003  1.747680E-0003  5.371484E-0003  2.987087E-0003  9.219874E-0003  3.198005E-0003  4.682693E-0003  1.257187E-0003  0.000000E+0000  6.566144E-0003
  9.082963E-0003  2.413712E-0003  2.801732E-0003  5.678812E-0003  7.267227E-0003  9.927686E-0003  2.219199E-0003  1.107962E-0002  2.946692E-0003  6.566144E-0003  0.000000E+0000

  0.000000E+0000  2.067321E-0003  7.718938E-0003  1.068545E-0001  1.716832E-0002  9.089086E-0002  4.122903E-0002  1.417953E-0002  6.609843E-0003  1.057484E-0001  8.331456E-0002
  2.067321E-0003  0.000000E+0000  5.310978E-0003  5.148765E-0002  1.246898E-0002  4.155441E-0002  2.243684E-0002  4.476534E-0003  4.673960E-0003  4.752527E-0002  4.289345E-0002
  7.718938E-0003  5.310978E-0003  0.000000E+0000  4.886501E-0002  7.171668E-0003  6.006991E-0002  4.927523E-0003  1.204642E-0002  1.411039E-0004  5.065671E-0002  2.969818E-0002
  1.068545E-0001  5.148765E-0002  4.886501E-0002  0.000000E+0000  1.106916E-0001  1.364588E-0001  1.233131E-0001  8.572087E-0002  4.322199E-0002  1.055309E-0001  1.695330E-0001
  1.716832E-0002  1.246898E-0002  7.171668E-0003  1.106916E-0001  0.000000E+0000  8.912027E-0002  5.788016E-0002  1.656749E-0002  6.763240E-0003  1.140681E-0001  1.043975E-0001
  9.089086E-0002  4.155441E-0002  6.006991E-0002  1.364588E-0001  8.912027E-0002  0.000000E+0000  1.136267E-0001  8.189545E-0002  5.244995E-0002  1.433135E-0001  1.219848E-0001
  4.122903E-0002  2.243684E-0002  4.927523E-0003  1.233131E-0001  5.788016E-0002  1.136267E-0001  0.000000E+0000  3.422495E-0002  4.546227E-0003  1.130997E-0001  7.914147E-0002
  1.417953E-0002  4.476534E-0003  1.204642E-0002  8.572087E-0002  1.656749E-0002  8.189545E-0002  3.422495E-0002  0.000000E+0000  9.158792E-0003  7.881629E-0002  6.248998E-0002
  6.609843E-0003  4.673960E-0003  1.411039E-0004  4.322199E-0002  6.763240E-0003  5.244995E-0002  4.546227E-0003  9.158792E-0003  0.000000E+0000  4.626512E-0002  2.678609E-0002
  1.057484E-0001  4.752527E-0002  5.065671E-0002  1.055309E-0001  1.140681E-0001  1.433135E-0001  1.130997E-0001  7.881629E-0002  4.626512E-0002  0.000000E+0000  1.919381E-0001
  8.331456E-0002  4.289345E-0002  2.969818E-0002  1.695330E-0001  1.043975E-0001  1.219848E-0001  7.914147E-0002  6.248998E-0002  2.678609E-0002  1.919381E-0001  0.000000E+0000

  0.000000E+0000  1.573608E-0004  5.164514E-0005  8.637622E-0004  1.329703E-0004  4.381735E-0004  2.548591E-0004  2.849958E-0004  1.139224E-0004  7.217032E-0004  1.785617E-0003
  1.573608E-0004  0.000000E+0000  2.517894E-0004  1.195243E-0003  3.475785E-0004  5.187385E-0004  7.458132E-0004  1.788284E-0004  2.388659E-0004  9.234963E-0004  1.583967E-0003
  5.164514E-0005  2.517894E-0004  0.000000E+0000  1.347594E-0004  3.294738E-0004  8.157956E-0005  8.165890E-0005  3.041581E-0004  1.923584E-0004  1.001485E-0004  4.393755E-0004
  8.637622E-0004  1.195243E-0003  1.347594E-0004  0.000000E+0000  2.008190E-0003  2.176712E-0003  1.497926E-0003  1.603467E-0003  6.789890E-0004  1.310716E-0003  2.432309E-0003
  1.329703E-0004  3.475785E-0004  3.294738E-0004  2.008190E-0003  0.000000E+0000  5.345328E-0004  1.097759E-0003  7.141495E-0004  3.547965E-0004  1.472361E-0003  2.646754E-0003
  4.381735E-0004  5.187385E-0004  8.157956E-0005  2.176712E-0003  5.345328E-0004  0.000000E+0000  7.050131E-0004  9.031196E-0004  3.591661E-0004  1.786140E-0003  3.394163E-0003
  2.548591E-0004  7.458132E-0004  8.165890E-0005  1.497926E-0003  1.097759E-0003  7.050131E-0004  0.000000E+0000  1.469257E-0003  6.669206E-0004  9.810337E-0004  1.516380E-0003
  2.849958E-0004  1.788284E-0004  3.041581E-0004  1.603467E-0003  7.141495E-0004  9.031196E-0004  1.469257E-0003  0.000000E+0000  3.321450E-0004  1.260431E-0003  1.813753E-0003
  1.139224E-0004  2.388659E-0004  1.923584E-0004  6.789890E-0004  3.547965E-0004  3.591661E-0004  6.669206E-0004  3.321450E-0004  0.000000E+0000  5.679144E-0004  6.267584E-0004
  7.217032E-0004  9.234963E-0004  1.001485E-0004  1.310716E-0003  1.472361E-0003  1.786140E-0003  9.810337E-0004  1.260431E-0003  5.679144E-0004  0.000000E+0000  1.769523E-0003
  1.785617E-0003  1.583967E-0003  4.393755E-0004  2.432309E-0003  2.646754E-0003  3.394163E-0003  1.516380E-0003  1.813753E-0003  6.267584E-0004  1.769523E-0003  0.000000E+0000

  0.000000E+0000  2.403260E-0004  1.080327E-0004  6.111463E-0004  9.571901E-0004  7.309707E-0004  3.866645E-0004  5.067702E-0004  1.930203E-0004  6.525189E-0004  9.826975E-0004
  2.403260E-0004  0.000000E+0000  9.915719E-0005  2.844125E-0004  3.128500E-0004  3.361756E-0004  1.336167E-0004  4.182819E-0004  1.389381E-0004  3.310222E-0004  3.559740E-0004
  1.080327E-0004  9.915719E-0005  0.000000E+0000  7.937678E-0005  4.378966E-0004  2.029427E-0004  1.230402E-0004  1.932216E-0004  8.238007E-0005  4.842274E-0005  3.870828E-0004
  6.111463E-0004  2.844125E-0004  7.937678E-0005  0.000000E+0000  4.881220E-0004  1.474667E-0003  4.793610E-0004  3.280203E-0004  6.282714E-0005  1.004393E-0003  1.232435E-0003
  9.571901E-0004  3.128500E-0004  4.378966E-0004  4.881220E-0004  0.000000E+0000  1.163700E-0003  3.666776E-0004  1.384015E-0003  4.291451E-0004  8.272527E-0004  7.775290E-0004
  7.309707E-0004  3.361756E-0004  2.029427E-0004  1.474667E-0003  1.163700E-0003  0.000000E+0000  1.048162E-0003  5.883305E-0004  3.950458E-0004  1.751651E-0003  2.239255E-0003
  3.866645E-0004  1.336167E-0004  1.230402E-0004  4.793610E-0004  3.666776E-0004  1.048162E-0003  0.000000E+0000  4.170806E-0004  7.361300E-0005  5.492586E-0004  5.428352E-0004
  5.067702E-0004  4.182819E-0004  1.932216E-0004  3.280203E-0004  1.384015E-0003  5.883305E-0004  4.170806E-0004  0.000000E+0000  3.367257E-0004  2.813946E-0004  1.218509E-0003
  1.930203E-0004  1.389381E-0004  8.238007E-0005  6.282714E-0005  4.291451E-0004  3.950458E-0004  7.361300E-0005  3.367257E-0004  0.000000E+0000  1.296835E-0004  3.426614E-0004
  6.525189E-0004  3.310222E-0004  4.842274E-0005  1.004393E-0003  8.272527E-0004  1.751651E-0003  5.492586E-0004  2.813946E-0004  1.296835E-0004  0.000000E+0000  1.658266E-0003
  9.826975E-0004  3.559740E-0004  3.870828E-0004  1.232435E-0003  7.775290E-0004  2.239255E-0003  5.428352E-0004  1.218509E-0003  3.426614E-0004  1.658266E-0003  0.000000E+0000
