6661999 = Ignore first line (new format code)
File name: E:\Folders\PhD\ISAD\ISAD_Curry_data\ISAD_EEGs\eLORETA\EEGs_128Hz_200sec-window\Clinical_v_Healthy\T1_clinical_all\F2-ROIlinLagConn-crss.txt
1 = Number of time frames in Time X Frequency decomposition
2 = Number of EEG files
11 = Number Electrodes
25600 = Number of time frames in EEG files
32768 = Number of time frames in EEG files power of 2
7 = Number of matrices
5 = Band type (1=Classical1; 2=Classical2; 3=DiscreteFreqs; 4=AllDiscreteFreqs; 5=UserDefinedBands)
 1.280000E+0002 = Sampling rate Hz
-1.000000E+0002 = Freq1 Hz
-1.000000E+0002 = Freq2 Hz
 3.906250E-0003 = Frequency resolution Hz

  0.000000E+0000  1.196314E-0002  2.866641E-0003  1.382905E-0002  6.950747E-0003  2.022515E-0002  5.082529E-0003  1.797064E-0002  1.172668E-0002  2.806963E-0002  9.112604E-0003
  1.196314E-0002  0.000000E+0000  7.771008E-0003  2.681704E-0002  8.135933E-0003  7.341072E-0002  2.877087E-0002  8.160038E-0003  2.446626E-0002  7.392626E-0002  2.573721E-0002
  2.866641E-0003  7.771008E-0003  0.000000E+0000  9.138731E-0003  1.548218E-0003  1.179100E-0002  1.836522E-0003  5.032084E-0003  4.658493E-0004  3.303336E-0002  1.647510E-0003
  1.382905E-0002  2.681704E-0002  9.138731E-0003  0.000000E+0000  1.069877E-0002  3.960446E-0002  2.331101E-0002  5.523010E-0002  6.663217E-0002  1.645452E-0002  1.962628E-0002
  6.950747E-0003  8.135933E-0003  1.548218E-0003  1.069877E-0002  0.000000E+0000  1.234119E-0002  3.275237E-0003  2.255413E-0002  9.241909E-0003  3.300864E-0002  5.722270E-0003
  2.022515E-0002  7.341072E-0002  1.179100E-0002  3.960446E-0002  1.234119E-0002  0.000000E+0000  5.336133E-0002  3.647970E-0002  5.323210E-0002  9.645472E-0002  1.170224E-0001
  5.082529E-0003  2.877087E-0002  1.836522E-0003  2.331101E-0002  3.275237E-0003  5.336133E-0002  0.000000E+0000  3.464476E-0002  1.753625E-0002  5.087999E-0002  2.978867E-0002
  1.797064E-0002  8.160038E-0003  5.032084E-0003  5.523010E-0002  2.255413E-0002  3.647970E-0002  3.464476E-0002  0.000000E+0000  1.188962E-0001  1.378467E-0001  8.872528E-0002
  1.172668E-0002  2.446626E-0002  4.658493E-0004  6.663217E-0002  9.241909E-0003  5.323210E-0002  1.753625E-0002  1.188962E-0001  0.000000E+0000  1.065630E-0001  4.535160E-0002
  2.806963E-0002  7.392626E-0002  3.303336E-0002  1.645452E-0002  3.300864E-0002  9.645472E-0002  5.087999E-0002  1.378467E-0001  1.065630E-0001  0.000000E+0000  5.161999E-0002
  9.112604E-0003  2.573721E-0002  1.647510E-0003  1.962628E-0002  5.722270E-0003  1.170224E-0001  2.978867E-0002  8.872528E-0002  4.535160E-0002  5.161999E-0002  0.000000E+0000

  0.000000E+0000  3.006547E-0003  4.019170E-0003  3.570280E-0002  5.380712E-0003  1.157349E-0002  6.278408E-0003  4.243700E-0003  2.129934E-0003  1.383295E-0002  1.198842E-0002
  3.006547E-0003  0.000000E+0000  1.382510E-0002  1.005494E-0001  2.475170E-0002  4.019067E-0002  2.436875E-0002  2.379350E-0002  4.495027E-0003  4.546894E-0002  3.792015E-0002
  4.019170E-0003  1.382510E-0002  0.000000E+0000  6.094284E-0002  4.352038E-0003  2.038643E-0002  8.915670E-0003  9.642550E-0003  2.554836E-0003  3.024059E-0002  4.126609E-0002
  3.570280E-0002  1.005494E-0001  6.094284E-0002  0.000000E+0000  2.919147E-0002  1.552894E-0001  9.112434E-0002  1.170764E-0001  2.393730E-0002  1.550246E-0001  8.784907E-0002
  5.380712E-0003  2.475170E-0002  4.352038E-0003  2.919147E-0002  0.000000E+0000  3.051949E-0002  1.763261E-0002  2.192865E-0002  9.603827E-0003  1.690635E-0002  4.283293E-0002
  1.157349E-0002  4.019067E-0002  2.038643E-0002  1.552894E-0001  3.051949E-0002  0.000000E+0000  2.518246E-0002  5.892150E-0002  1.161195E-0002  1.196078E-0001  8.631458E-0002
  6.278408E-0003  2.436875E-0002  8.915670E-0003  9.112434E-0002  1.763261E-0002  2.518246E-0002  0.000000E+0000  2.124219E-0002  4.524368E-0003  5.710879E-0002  5.177494E-0002
  4.243700E-0003  2.379350E-0002  9.642550E-0003  1.170764E-0001  2.192865E-0002  5.892150E-0002  2.124219E-0002  0.000000E+0000  1.034378E-0002  6.774452E-0002  7.474048E-0002
  2.129934E-0003  4.495027E-0003  2.554836E-0003  2.393730E-0002  9.603827E-0003  1.161195E-0002  4.524368E-0003  1.034378E-0002  0.000000E+0000  1.599281E-0002  3.664166E-0002
  1.383295E-0002  4.546894E-0002  3.024059E-0002  1.550246E-0001  1.690635E-0002  1.196078E-0001  5.710879E-0002  6.774452E-0002  1.599281E-0002  0.000000E+0000  8.697720E-0002
  1.198842E-0002  3.792015E-0002  4.126609E-0002  8.784907E-0002  4.283293E-0002  8.631458E-0002  5.177494E-0002  7.474048E-0002  3.664166E-0002  8.697720E-0002  0.000000E+0000

  0.000000E+0000  1.267442E-0003  9.640478E-0004  5.249952E-0003  1.945233E-0004  4.746031E-0003  1.356467E-0003  2.350183E-0003  5.684025E-0004  4.928394E-0003  1.239191E-0002
  1.267442E-0003  0.000000E+0000  5.622547E-0003  1.815619E-0002  9.103658E-0003  7.279797E-0003  4.668283E-0003  5.300154E-0003  1.967777E-0003  1.095847E-0002  4.957837E-0003
  9.640478E-0004  5.622547E-0003  0.000000E+0000  8.176392E-0003  1.354032E-0003  1.101224E-0002  1.055265E-0003  5.547287E-0003  1.072723E-0003  6.129418E-0003  1.306239E-0002
  5.249952E-0003  1.815619E-0002  8.176392E-0003  0.000000E+0000  2.135810E-0003  4.471082E-0002  1.547078E-0002  3.882566E-0002  4.123786E-0003  1.443276E-0002  2.557943E-0002
  1.945233E-0004  9.103658E-0003  1.354032E-0003  2.135810E-0003  0.000000E+0000  1.543264E-0002  7.630595E-0003  9.633426E-0003  4.097549E-0003  4.336533E-0003  1.132969E-0002
  4.746031E-0003  7.279797E-0003  1.101224E-0002  4.471082E-0002  1.543264E-0002  0.000000E+0000  9.182544E-0003  1.229073E-0002  6.986087E-0003  2.573755E-0002  1.930917E-0002
  1.356467E-0003  4.668283E-0003  1.055265E-0003  1.547078E-0002  7.630595E-0003  9.182544E-0003  0.000000E+0000  5.462565E-0003  1.760967E-0003  8.772532E-0003  1.383008E-0002
  2.350183E-0003  5.300154E-0003  5.547287E-0003  3.882566E-0002  9.633426E-0003  1.229073E-0002  5.462565E-0003  0.000000E+0000  5.908759E-0003  2.533563E-0002  3.159677E-0002
  5.684025E-0004  1.967777E-0003  1.072723E-0003  4.123786E-0003  4.097549E-0003  6.986087E-0003  1.760967E-0003  5.908759E-0003  0.000000E+0000  5.409923E-0003  2.284614E-0002
  4.928394E-0003  1.095847E-0002  6.129418E-0003  1.443276E-0002  4.336533E-0003  2.573755E-0002  8.772532E-0003  2.533563E-0002  5.409923E-0003  0.000000E+0000  2.020312E-0002
  1.239191E-0002  4.957837E-0003  1.306239E-0002  2.557943E-0002  1.132969E-0002  1.930917E-0002  1.383008E-0002  3.159677E-0002  2.284614E-0002  2.020312E-0002  0.000000E+0000

  0.000000E+0000  4.492064E-0004  4.981033E-0004  1.750602E-0003  8.789966E-0004  9.956439E-0004  7.092525E-0004  2.018142E-0003  6.408760E-0004  9.248284E-0004  1.474648E-0003
  4.492064E-0004  0.000000E+0000  3.736119E-0004  1.247530E-0003  1.015980E-0003  1.216655E-0003  6.905532E-0004  1.029722E-0003  6.594888E-0004  1.246393E-0003  1.016768E-0003
  4.981033E-0004  3.736119E-0004  0.000000E+0000  8.563762E-0004  1.032464E-0003  1.751678E-0003  1.681878E-0004  3.884934E-0003  1.959025E-0003  9.375410E-0004  4.282850E-0004
  1.750602E-0003  1.247530E-0003  8.563762E-0004  0.000000E+0000  3.955141E-0003  5.241725E-0003  1.222115E-0003  9.313688E-0003  6.264834E-0003  4.525101E-0003  1.589487E-0003
  8.789966E-0004  1.015980E-0003  1.032464E-0003  3.955141E-0003  0.000000E+0000  3.340061E-0003  1.473344E-0003  3.124987E-0003  2.098009E-0003  2.353973E-0003  2.940379E-0003
  9.956439E-0004  1.216655E-0003  1.751678E-0003  5.241725E-0003  3.340061E-0003  0.000000E+0000  2.863236E-0003  6.068218E-0003  5.803607E-0003  4.438538E-0003  6.744320E-0003
  7.092525E-0004  6.905532E-0004  1.681878E-0004  1.222115E-0003  1.473344E-0003  2.863236E-0003  0.000000E+0000  4.910729E-0003  1.931649E-0003  1.577827E-0003  7.524815E-0004
  2.018142E-0003  1.029722E-0003  3.884934E-0003  9.313688E-0003  3.124987E-0003  6.068218E-0003  4.910729E-0003  0.000000E+0000  3.987254E-0003  5.867650E-0003  5.743053E-0003
  6.408760E-0004  6.594888E-0004  1.959025E-0003  6.264834E-0003  2.098009E-0003  5.803607E-0003  1.931649E-0003  3.987254E-0003  0.000000E+0000  4.996878E-0003  8.243418E-0003
  9.248284E-0004  1.246393E-0003  9.375410E-0004  4.525101E-0003  2.353973E-0003  4.438538E-0003  1.577827E-0003  5.867650E-0003  4.996878E-0003  0.000000E+0000  6.537197E-0003
  1.474648E-0003  1.016768E-0003  4.282850E-0004  1.589487E-0003  2.940379E-0003  6.744320E-0003  7.524815E-0004  5.743053E-0003  8.243418E-0003  6.537197E-0003  0.000000E+0000

  0.000000E+0000  6.034573E-0003  4.924433E-0003  6.629471E-0003  5.826562E-0003  1.172165E-0002  1.472852E-0002  8.207801E-0003  3.346049E-0003  1.037375E-0002  6.806629E-0003
  6.034573E-0003  0.000000E+0000  5.422649E-0003  3.211088E-0002  1.743810E-0002  2.213392E-0002  6.868096E-0003  1.931882E-0002  1.135140E-0002  2.197563E-0002  2.442814E-0002
  4.924433E-0003  5.422649E-0003  0.000000E+0000  3.169128E-0002  5.019182E-0003  1.165688E-0002  1.104025E-0002  1.501912E-0002  2.937930E-0003  2.963105E-0002  2.227874E-0002
  6.629471E-0003  3.211088E-0002  3.169128E-0002  0.000000E+0000  3.633302E-0002  7.840826E-0002  9.378020E-0002  4.838876E-0002  2.097649E-0002  6.845011E-0002  7.059229E-0002
  5.826562E-0003  1.743810E-0002  5.019182E-0003  3.633302E-0002  0.000000E+0000  2.390783E-0002  3.802847E-0002  2.028053E-0002  6.975553E-0003  3.500369E-0002  3.057508E-0002
  1.172165E-0002  2.213392E-0002  1.165688E-0002  7.840826E-0002  2.390783E-0002  0.000000E+0000  5.717005E-0002  4.592599E-0002  1.499319E-0002  6.100369E-0002  4.423495E-0002
  1.472852E-0002  6.868096E-0003  1.104025E-0002  9.378020E-0002  3.802847E-0002  5.717005E-0002  0.000000E+0000  4.313187E-0002  2.275728E-0002  6.410027E-0002  8.327952E-0002
  8.207801E-0003  1.931882E-0002  1.501912E-0002  4.838876E-0002  2.028053E-0002  4.592599E-0002  4.313187E-0002  0.000000E+0000  1.035265E-0002  4.684335E-0002  3.612654E-0002
  3.346049E-0003  1.135140E-0002  2.937930E-0003  2.097649E-0002  6.975553E-0003  1.499319E-0002  2.275728E-0002  1.035265E-0002  0.000000E+0000  1.544923E-0002  3.971213E-0002
  1.037375E-0002  2.197563E-0002  2.963105E-0002  6.845011E-0002  3.500369E-0002  6.100369E-0002  6.410027E-0002  4.684335E-0002  1.544923E-0002  0.000000E+0000  6.826763E-0002
  6.806629E-0003  2.442814E-0002  2.227874E-0002  7.059229E-0002  3.057508E-0002  4.423495E-0002  8.327952E-0002  3.612654E-0002  3.971213E-0002  6.826763E-0002  0.000000E+0000

  0.000000E+0000  1.431698E-0003  9.735030E-0004  8.073988E-0004  1.455030E-0003  2.876290E-0003  1.937112E-0003  6.929105E-0004  8.431441E-0004  2.772504E-0003  3.674492E-0003
  1.431698E-0003  0.000000E+0000  8.878160E-0004  2.574942E-0003  1.833173E-0003  4.890708E-0003  1.559108E-0003  1.949601E-0003  4.327525E-0003  2.373978E-0003  2.943068E-0003
  9.735030E-0004  8.878160E-0004  0.000000E+0000  1.892470E-0003  1.800866E-0003  3.456536E-0003  2.566261E-0003  1.251293E-0003  2.139776E-0003  2.908629E-0003  5.648289E-0003
  8.073988E-0004  2.574942E-0003  1.892470E-0003  0.000000E+0000  2.303963E-0003  4.807194E-0003  9.291224E-0003  3.560017E-0003  4.843227E-0003  4.617500E-0003  7.111338E-0003
  1.455030E-0003  1.833173E-0003  1.800866E-0003  2.303963E-0003  0.000000E+0000  6.946249E-0003  7.348927E-0003  8.003121E-0003  4.803934E-0003  6.248264E-0003  1.164937E-0002
  2.876290E-0003  4.890708E-0003  3.456536E-0003  4.807194E-0003  6.946249E-0003  0.000000E+0000  1.040396E-0002  2.767417E-0003  1.321544E-0002  1.174797E-0002  4.684151E-0003
  1.937112E-0003  1.559108E-0003  2.566261E-0003  9.291224E-0003  7.348927E-0003  1.040396E-0002  0.000000E+0000  3.270637E-0003  8.435172E-0003  5.429847E-0003  1.931394E-0002
  6.929105E-0004  1.949601E-0003  1.251293E-0003  3.560017E-0003  8.003121E-0003  2.767417E-0003  3.270637E-0003  0.000000E+0000  1.049775E-0002  7.907446E-0003  9.366268E-0003
  8.431441E-0004  4.327525E-0003  2.139776E-0003  4.843227E-0003  4.803934E-0003  1.321544E-0002  8.435172E-0003  1.049775E-0002  0.000000E+0000  1.362096E-0002  3.538897E-0002
  2.772504E-0003  2.373978E-0003  2.908629E-0003  4.617500E-0003  6.248264E-0003  1.174797E-0002  5.429847E-0003  7.907446E-0003  1.362096E-0002  0.000000E+0000  5.341003E-0003
  3.674492E-0003  2.943068E-0003  5.648289E-0003  7.111338E-0003  1.164937E-0002  4.684151E-0003  1.931394E-0002  9.366268E-0003  3.538897E-0002  5.341003E-0003  0.000000E+0000

  0.000000E+0000  6.472550E-0004  5.152599E-0004  5.607564E-0004  9.809562E-0004  1.109478E-0003  6.041160E-0004  1.321553E-0003  7.326743E-0004  9.396407E-0004  1.287508E-0003
  6.472550E-0004  0.000000E+0000  6.262235E-0004  3.241790E-0004  2.918221E-0003  1.302408E-0003  2.255686E-0004  3.176265E-0003  2.780217E-0003  9.338444E-0004  2.954302E-0003
  5.152599E-0004  6.262235E-0004  0.000000E+0000  1.635707E-0004  1.664592E-0003  5.968660E-0004  1.375802E-0003  1.366822E-0003  9.479547E-0004  5.857925E-0004  5.326089E-0003
  5.607564E-0004  3.241790E-0004  1.635707E-0004  0.000000E+0000  1.834373E-0003  9.360462E-0004  1.596588E-0003  2.664690E-0003  8.385751E-0004  8.312815E-0004  4.154285E-0003
  9.809562E-0004  2.918221E-0003  1.664592E-0003  1.834373E-0003  0.000000E+0000  2.613847E-0003  4.596605E-0003  9.577150E-0004  5.941563E-0004  1.508965E-0003  4.214551E-0003
  1.109478E-0003  1.302408E-0003  5.968660E-0004  9.360462E-0004  2.613847E-0003  0.000000E+0000  2.279192E-0003  2.944171E-0003  1.656109E-0003  9.217805E-0004  3.149536E-0003
  6.041160E-0004  2.255686E-0004  1.375802E-0003  1.596588E-0003  4.596605E-0003  2.279192E-0003  0.000000E+0000  1.525963E-0003  2.189092E-0003  1.309874E-0003  6.141881E-0003
  1.321553E-0003  3.176265E-0003  1.366822E-0003  2.664690E-0003  9.577150E-0004  2.944171E-0003  1.525963E-0003  0.000000E+0000  8.874512E-0004  2.709050E-0003  2.654539E-0003
  7.326743E-0004  2.780217E-0003  9.479547E-0004  8.385751E-0004  5.941563E-0004  1.656109E-0003  2.189092E-0003  8.874512E-0004  0.000000E+0000  1.113279E-0003  5.893080E-0003
  9.396407E-0004  9.338444E-0004  5.857925E-0004  8.312815E-0004  1.508965E-0003  9.217805E-0004  1.309874E-0003  2.709050E-0003  1.113279E-0003  0.000000E+0000  1.620873E-0003
  1.287508E-0003  2.954302E-0003  5.326089E-0003  4.154285E-0003  4.214551E-0003  3.149536E-0003  6.141881E-0003  2.654539E-0003  5.893080E-0003  1.620873E-0003  0.000000E+0000
