6661999 = Ignore first line (new format code)
File name: E:\Folders\PhD\ISAD\ISAD_Curry_data\ISAD_EEGs\eLORETA\EEGs_128Hz_200sec-window\Clinical_v_Healthy\T1_clinical_all\F21-ROIlinLagConn-crss.txt
1 = Number of time frames in Time X Frequency decomposition
3 = Number of EEG files
11 = Number Electrodes
25600 = Number of time frames in EEG files
32768 = Number of time frames in EEG files power of 2
7 = Number of matrices
5 = Band type (1=Classical1; 2=Classical2; 3=DiscreteFreqs; 4=AllDiscreteFreqs; 5=UserDefinedBands)
 1.280000E+0002 = Sampling rate Hz
-1.000000E+0002 = Freq1 Hz
-1.000000E+0002 = Freq2 Hz
 3.906250E-0003 = Frequency resolution Hz

  0.000000E+0000  1.036893E-0003  7.294146E-0004  1.161198E-0002  4.105388E-0003  9.579723E-0003  7.775646E-0003  4.852584E-0003  1.849930E-0003  1.222882E-0002  1.438520E-0002
  1.036893E-0003  0.000000E+0000  1.758179E-0003  1.848557E-0002  5.518387E-0003  1.050254E-0002  1.353076E-0002  2.153433E-0003  3.440686E-0003  2.093748E-0002  4.382231E-0002
  7.294146E-0004  1.758179E-0003  0.000000E+0000  6.993349E-0003  5.334302E-0003  7.557278E-0003  5.087299E-0003  5.558457E-0003  2.272454E-0003  6.451797E-0003  7.149880E-0004
  1.161198E-0002  1.848557E-0002  6.993349E-0003  0.000000E+0000  7.339125E-0002  5.585622E-0002  8.074317E-0003  6.897780E-0002  3.956600E-0002  6.619550E-0002  1.031654E-0001
  4.105388E-0003  5.518387E-0003  5.334302E-0003  7.339125E-0002  0.000000E+0000  4.883689E-0002  4.216418E-0002  1.560587E-0002  1.221848E-0002  8.674546E-0002  1.241184E-0001
  9.579723E-0003  1.050254E-0002  7.557278E-0003  5.585622E-0002  4.883689E-0002  0.000000E+0000  4.336322E-0002  3.058474E-0002  2.296556E-0002  7.374321E-0002  1.364283E-0001
  7.775646E-0003  1.353076E-0002  5.087299E-0003  8.074317E-0003  4.216418E-0002  4.336322E-0002  0.000000E+0000  3.465837E-0002  2.233969E-0002  4.632010E-0002  6.597579E-0002
  4.852584E-0003  2.153433E-0003  5.558457E-0003  6.897780E-0002  1.560587E-0002  3.058474E-0002  3.465837E-0002  0.000000E+0000  1.355800E-0002  7.494096E-0002  1.184619E-0001
  1.849930E-0003  3.440686E-0003  2.272454E-0003  3.956600E-0002  1.221848E-0002  2.296556E-0002  2.233969E-0002  1.355800E-0002  0.000000E+0000  3.741582E-0002  5.101170E-0002
  1.222882E-0002  2.093748E-0002  6.451797E-0003  6.619550E-0002  8.674546E-0002  7.374321E-0002  4.632010E-0002  7.494096E-0002  3.741582E-0002  0.000000E+0000  1.327289E-0001
  1.438520E-0002  4.382231E-0002  7.149880E-0004  1.031654E-0001  1.241184E-0001  1.364283E-0001  6.597579E-0002  1.184619E-0001  5.101170E-0002  1.327289E-0001  0.000000E+0000

  0.000000E+0000  1.122292E-0003  1.146936E-0002  7.777203E-0003  1.038283E-0002  6.977892E-0003  3.601535E-0003  2.811759E-0003  3.720452E-0003  9.510296E-0003  1.747984E-0002
  1.122292E-0003  0.000000E+0000  2.253396E-0003  1.502513E-0003  2.072202E-0003  7.621389E-0004  5.833321E-0004  3.050367E-0004  9.019557E-0004  1.337863E-0003  2.970685E-0003
  1.146936E-0002  2.253396E-0003  0.000000E+0000  4.079965E-0003  1.863312E-0002  6.763270E-0003  2.103157E-0003  4.482865E-0003  4.669812E-0003  6.329851E-0003  2.451278E-0002
  7.777203E-0003  1.502513E-0003  4.079965E-0003  0.000000E+0000  9.478929E-0003  8.147496E-0003  1.925855E-0003  2.970624E-0003  4.391599E-0003  1.026477E-0002  1.271997E-0002
  1.038283E-0002  2.072202E-0003  1.863312E-0002  9.478929E-0003  0.000000E+0000  9.899635E-0003  4.282527E-0003  3.164595E-0003  6.286939E-0003  1.194136E-0002  2.279174E-0002
  6.977892E-0003  7.621389E-0004  6.763270E-0003  8.147496E-0003  9.899635E-0003  0.000000E+0000  9.871376E-0004  4.207400E-0003  4.955458E-0003  2.313179E-0003  1.081507E-0002
  3.601535E-0003  5.833321E-0004  2.103157E-0003  1.925855E-0003  4.282527E-0003  9.871376E-0004  0.000000E+0000  2.703381E-0003  3.150839E-0003  1.284884E-0003  4.990510E-0003
  2.811759E-0003  3.050367E-0004  4.482865E-0003  2.970624E-0003  3.164595E-0003  4.207400E-0003  2.703381E-0003  0.000000E+0000  3.322812E-0003  5.175777E-0003  6.248200E-0003
  3.720452E-0003  9.019557E-0004  4.669812E-0003  4.391599E-0003  6.286939E-0003  4.955458E-0003  3.150839E-0003  3.322812E-0003  0.000000E+0000  7.369530E-0003  1.609988E-0002
  9.510296E-0003  1.337863E-0003  6.329851E-0003  1.026477E-0002  1.194136E-0002  2.313179E-0003  1.284884E-0003  5.175777E-0003  7.369530E-0003  0.000000E+0000  1.394275E-0002
  1.747984E-0002  2.970685E-0003  2.451278E-0002  1.271997E-0002  2.279174E-0002  1.081507E-0002  4.990510E-0003  6.248200E-0003  1.609988E-0002  1.394275E-0002  0.000000E+0000

  0.000000E+0000  3.914840E-0005  6.981628E-0005  7.643792E-0004  3.169153E-0004  2.284478E-0004  2.521729E-0004  1.875179E-0004  3.755586E-0004  8.686027E-0004  8.379113E-0004
  3.914840E-0005  0.000000E+0000  1.157549E-0004  1.468240E-0004  2.727803E-0004  3.819118E-0004  1.203974E-0004  1.109882E-0004  5.755771E-0005  2.109112E-0004  6.946195E-0004
  6.981628E-0005  1.157549E-0004  0.000000E+0000  2.762335E-0003  2.731606E-0004  7.610902E-0004  1.822284E-0003  2.296990E-0004  1.553280E-0004  1.457497E-0003  8.146331E-0004
  7.643792E-0004  1.468240E-0004  2.762335E-0003  0.000000E+0000  4.903886E-0003  3.559840E-0003  5.123958E-0004  1.396458E-0003  4.029015E-0004  3.727062E-0003  7.234520E-0003
  3.169153E-0004  2.727803E-0004  2.731606E-0004  4.903886E-0003  0.000000E+0000  2.848311E-0003  2.436792E-0003  1.601981E-0003  4.987671E-0004  3.781061E-0003  1.749292E-0003
  2.284478E-0004  3.819118E-0004  7.610902E-0004  3.559840E-0003  2.848311E-0003  0.000000E+0000  1.325690E-0003  4.146825E-0004  3.143279E-0004  2.584219E-0003  5.092744E-0003
  2.521729E-0004  1.203974E-0004  1.822284E-0003  5.123958E-0004  2.436792E-0003  1.325690E-0003  0.000000E+0000  1.758560E-0004  2.950549E-0004  8.930489E-0004  1.764249E-0003
  1.875179E-0004  1.109882E-0004  2.296990E-0004  1.396458E-0003  1.601981E-0003  4.146825E-0004  1.758560E-0004  0.000000E+0000  2.653006E-0004  1.107209E-0003  2.074793E-0003
  3.755586E-0004  5.755771E-0005  1.553280E-0004  4.029015E-0004  4.987671E-0004  3.143279E-0004  2.950549E-0004  2.653006E-0004  0.000000E+0000  2.936702E-0004  1.424666E-0003
  8.686027E-0004  2.109112E-0004  1.457497E-0003  3.727062E-0003  3.781061E-0003  2.584219E-0003  8.930489E-0004  1.107209E-0003  2.936702E-0004  0.000000E+0000  7.012417E-0003
  8.379113E-0004  6.946195E-0004  8.146331E-0004  7.234520E-0003  1.749292E-0003  5.092744E-0003  1.764249E-0003  2.074793E-0003  1.424666E-0003  7.012417E-0003  0.000000E+0000

  0.000000E+0000  7.562397E-0005  7.441816E-0004  1.794285E-0003  5.479683E-0004  9.336679E-0004  1.283596E-0003  4.546048E-0004  3.504622E-0004  7.450081E-0004  2.924241E-0003
  7.562397E-0005  0.000000E+0000  6.706532E-0005  4.776996E-0004  2.036180E-0004  8.442819E-0004  9.261844E-0005  3.973337E-0004  4.361071E-0005  6.751635E-0004  4.255919E-0004
  7.441816E-0004  6.706532E-0005  0.000000E+0000  1.349148E-0003  5.633515E-0004  2.812775E-0004  4.569021E-0004  9.504950E-0004  5.746052E-0005  1.383852E-0003  9.320765E-0004
  1.794285E-0003  4.776996E-0004  1.349148E-0003  0.000000E+0000  1.276375E-0003  5.690951E-0003  2.392451E-0003  1.207106E-0003  1.634616E-0003  6.231249E-0003  5.366797E-0003
  5.479683E-0004  2.036180E-0004  5.633515E-0004  1.276375E-0003  0.000000E+0000  1.163517E-0003  2.514273E-0003  1.149456E-0003  7.182208E-0004  8.563048E-0004  6.327737E-0003
  9.336679E-0004  8.442819E-0004  2.812775E-0004  5.690951E-0003  1.163517E-0003  0.000000E+0000  3.333625E-0003  1.084911E-0003  1.565778E-0003  2.644591E-0003  7.231338E-0003
  1.283596E-0003  9.261844E-0005  4.569021E-0004  2.392451E-0003  2.514273E-0003  3.333625E-0003  0.000000E+0000  2.227206E-0003  4.408666E-0004  2.558814E-0003  1.421732E-0003
  4.546048E-0004  3.973337E-0004  9.504950E-0004  1.207106E-0003  1.149456E-0003  1.084911E-0003  2.227206E-0003  0.000000E+0000  1.083873E-0003  1.165310E-0003  4.570938E-0003
  3.504622E-0004  4.361071E-0005  5.746052E-0005  1.634616E-0003  7.182208E-0004  1.565778E-0003  4.408666E-0004  1.083873E-0003  0.000000E+0000  1.129165E-0003  1.213379E-0003
  7.450081E-0004  6.751635E-0004  1.383852E-0003  6.231249E-0003  8.563048E-0004  2.644591E-0003  2.558814E-0003  1.165310E-0003  1.129165E-0003  0.000000E+0000  5.117118E-0003
  2.924241E-0003  4.255919E-0004  9.320765E-0004  5.366797E-0003  6.327737E-0003  7.231338E-0003  1.421732E-0003  4.570938E-0003  1.213379E-0003  5.117118E-0003  0.000000E+0000

  0.000000E+0000  2.134523E-0002  1.458224E-0003  4.160087E-0002  2.958805E-0002  9.334851E-0002  2.938575E-0002  1.094106E-0002  1.887704E-0002  6.505923E-0002  6.052811E-0002
  2.134523E-0002  0.000000E+0000  1.589912E-0003  8.060579E-0003  4.262734E-0002  1.855977E-0002  1.405289E-0002  1.227165E-0002  6.314436E-0003  1.813107E-0002  3.309799E-0002
  1.458224E-0003  1.589912E-0003  0.000000E+0000  6.916285E-0003  6.611298E-0003  1.180183E-0002  4.484206E-0003  3.487010E-0003  4.626596E-0003  5.745680E-0003  1.165846E-0002
  4.160087E-0002  8.060579E-0003  6.916285E-0003  0.000000E+0000  7.711019E-0002  1.370201E-0001  5.120193E-0002  2.699978E-0002  2.645665E-0002  1.289169E-0001  8.693611E-0002
  2.958805E-0002  4.262734E-0002  6.611298E-0003  7.711019E-0002  0.000000E+0000  1.453906E-0001  8.739365E-0002  5.430858E-0003  2.384944E-0002  1.162114E-0001  9.864704E-0002
  9.334851E-0002  1.855977E-0002  1.180183E-0002  1.370201E-0001  1.453906E-0001  0.000000E+0000  1.542200E-0001  4.314170E-0002  2.140372E-0002  4.958519E-0002  1.313176E-0001
  2.938575E-0002  1.405289E-0002  4.484206E-0003  5.120193E-0002  8.739365E-0002  1.542200E-0001  0.000000E+0000  3.492716E-0002  3.719778E-0002  1.211620E-0001  1.227970E-0001
  1.094106E-0002  1.227165E-0002  3.487010E-0003  2.699978E-0002  5.430858E-0003  4.314170E-0002  3.492716E-0002  0.000000E+0000  3.163835E-0003  2.156653E-0002  1.550847E-0002
  1.887704E-0002  6.314436E-0003  4.626596E-0003  2.645665E-0002  2.384944E-0002  2.140372E-0002  3.719778E-0002  3.163835E-0003  0.000000E+0000  6.915910E-0003  1.422661E-0002
  6.505923E-0002  1.813107E-0002  5.745680E-0003  1.289169E-0001  1.162114E-0001  4.958519E-0002  1.211620E-0001  2.156653E-0002  6.915910E-0003  0.000000E+0000  7.661243E-0002
  6.052811E-0002  3.309799E-0002  1.165846E-0002  8.693611E-0002  9.864704E-0002  1.313176E-0001  1.227970E-0001  1.550847E-0002  1.422661E-0002  7.661243E-0002  0.000000E+0000

  0.000000E+0000  3.163016E-0004  3.965499E-0004  3.363982E-0003  8.200830E-0004  2.637554E-0003  1.901060E-0003  5.024461E-0004  1.255425E-0003  2.250999E-0003  2.586123E-0003
  3.163016E-0004  0.000000E+0000  9.945770E-0005  2.174532E-0004  8.911784E-0004  7.815077E-0004  4.440756E-0004  4.369759E-0004  3.089328E-0004  6.146297E-0004  9.695669E-0004
  3.965499E-0004  9.945770E-0005  0.000000E+0000  9.098360E-0004  1.516645E-0003  7.930300E-0004  8.302416E-0004  4.458758E-0004  8.959903E-0004  1.499874E-0003  2.692958E-0003
  3.363982E-0003  2.174532E-0004  9.098360E-0004  0.000000E+0000  4.942008E-0003  2.149417E-0003  1.075029E-0003  2.302380E-0003  1.337136E-0003  4.765172E-0003  5.076525E-0003
  8.200830E-0004  8.911784E-0004  1.516645E-0003  4.942008E-0003  0.000000E+0000  2.578476E-0003  4.550413E-0003  1.287062E-0003  4.034720E-0003  2.627975E-0003  2.433344E-0003
  2.637554E-0003  7.815077E-0004  7.930300E-0004  2.149417E-0003  2.578476E-0003  0.000000E+0000  1.548855E-0003  1.451983E-0003  1.970222E-0003  2.727358E-0003  3.642275E-0003
  1.901060E-0003  4.440756E-0004  8.302416E-0004  1.075029E-0003  4.550413E-0003  1.548855E-0003  0.000000E+0000  1.090444E-0003  3.055001E-0003  4.394256E-0003  7.419370E-0003
  5.024461E-0004  4.369759E-0004  4.458758E-0004  2.302380E-0003  1.287062E-0003  1.451983E-0003  1.090444E-0003  0.000000E+0000  1.201039E-0003  1.538162E-0003  1.630522E-0003
  1.255425E-0003  3.089328E-0004  8.959903E-0004  1.337136E-0003  4.034720E-0003  1.970222E-0003  3.055001E-0003  1.201039E-0003  0.000000E+0000  4.464842E-0003  6.940972E-0003
  2.250999E-0003  6.146297E-0004  1.499874E-0003  4.765172E-0003  2.627975E-0003  2.727358E-0003  4.394256E-0003  1.538162E-0003  4.464842E-0003  0.000000E+0000  1.333424E-0003
  2.586123E-0003  9.695669E-0004  2.692958E-0003  5.076525E-0003  2.433344E-0003  3.642275E-0003  7.419370E-0003  1.630522E-0003  6.940972E-0003  1.333424E-0003  0.000000E+0000

  0.000000E+0000  8.423685E-0005  1.292871E-0004  5.974542E-0004  5.383348E-0004  6.505663E-0004  1.771288E-0004  1.058663E-0004  2.991694E-0004  2.082329E-0004  5.685685E-0004
  8.423685E-0005  0.000000E+0000  2.746306E-0005  3.850794E-0004  9.287143E-0005  1.853738E-0004  8.202719E-0005  5.130661E-0005  9.285227E-0005  1.315645E-0004  4.905267E-0004
  1.292871E-0004  2.746306E-0005  0.000000E+0000  4.775560E-0004  6.930938E-0005  3.756434E-0004  3.383937E-0004  1.533857E-0004  2.967656E-0004  3.416426E-0004  8.233435E-0004
  5.974542E-0004  3.850794E-0004  4.775560E-0004  0.000000E+0000  8.100935E-0004  8.857184E-0004  1.774204E-0003  8.167886E-0004  1.410099E-0003  6.255555E-0004  4.427739E-0003
  5.383348E-0004  9.287143E-0005  6.930938E-0005  8.100935E-0004  0.000000E+0000  8.202405E-0004  8.189307E-0004  3.195312E-0004  2.263587E-0004  4.514865E-0004  1.254164E-0003
  6.505663E-0004  1.853738E-0004  3.756434E-0004  8.857184E-0004  8.202405E-0004  0.000000E+0000  5.906408E-0004  5.188890E-0004  8.616650E-0004  9.055529E-0004  1.900707E-0003
  1.771288E-0004  8.202719E-0005  3.383937E-0004  1.774204E-0003  8.189307E-0004  5.906408E-0004  0.000000E+0000  3.689379E-0004  1.102044E-0003  3.865591E-0004  2.463796E-0003
  1.058663E-0004  5.130661E-0005  1.533857E-0004  8.167886E-0004  3.195312E-0004  5.188890E-0004  3.689379E-0004  0.000000E+0000  3.359793E-0004  2.466621E-0004  8.801222E-0004
  2.991694E-0004  9.285227E-0005  2.967656E-0004  1.410099E-0003  2.263587E-0004  8.616650E-0004  1.102044E-0003  3.359793E-0004  0.000000E+0000  7.476393E-0004  2.009454E-0003
  2.082329E-0004  1.315645E-0004  3.416426E-0004  6.255555E-0004  4.514865E-0004  9.055529E-0004  3.865591E-0004  2.466621E-0004  7.476393E-0004  0.000000E+0000  1.457916E-0003
  5.685685E-0004  4.905267E-0004  8.233435E-0004  4.427739E-0003  1.254164E-0003  1.900707E-0003  2.463796E-0003  8.801222E-0004  2.009454E-0003  1.457916E-0003  0.000000E+0000
