6661999 = Ignore first line (new format code)
File name: E:\Folders\PhD\ISAD\ISAD_Curry_data\ISAD_EEGs\eLORETA\EEGs_128Hz_200sec-window\Clinical_v_Healthy\T1_clinical_all\F23-ROIlinLagConn-crss.txt
1 = Number of time frames in Time X Frequency decomposition
3 = Number of EEG files
11 = Number Electrodes
25600 = Number of time frames in EEG files
32768 = Number of time frames in EEG files power of 2
7 = Number of matrices
5 = Band type (1=Classical1; 2=Classical2; 3=DiscreteFreqs; 4=AllDiscreteFreqs; 5=UserDefinedBands)
 1.280000E+0002 = Sampling rate Hz
-1.000000E+0002 = Freq1 Hz
-1.000000E+0002 = Freq2 Hz
 3.906250E-0003 = Frequency resolution Hz

  0.000000E+0000  1.935722E-0002  7.238348E-0003  7.880817E-0002  2.560670E-0002  9.033007E-0002  7.698638E-0002  1.549664E-0002  1.224686E-0001  1.338207E-0001  1.244035E-0001
  1.935722E-0002  0.000000E+0000  2.384190E-0003  1.358680E-0002  7.361479E-0003  2.555354E-0002  1.716590E-0002  2.057871E-0002  1.967259E-0002  3.538087E-0002  2.801422E-0002
  7.238348E-0003  2.384190E-0003  0.000000E+0000  3.462564E-0003  2.005937E-0002  2.081905E-0003  4.166283E-0003  9.578242E-0003  4.075030E-0003  2.452755E-0003  6.174102E-0003
  7.880817E-0002  1.358680E-0002  3.462564E-0003  0.000000E+0000  3.683231E-0002  9.092646E-0002  4.115905E-0002  6.256147E-0002  3.635705E-0002  1.168601E-0001  6.965123E-0002
  2.560670E-0002  7.361479E-0003  2.005937E-0002  3.683231E-0002  0.000000E+0000  7.303196E-0002  5.174850E-0002  8.721162E-0002  5.936690E-0002  7.670924E-0002  8.128556E-0002
  9.033007E-0002  2.555354E-0002  2.081905E-0003  9.092646E-0002  7.303196E-0002  0.000000E+0000  4.318470E-0002  3.658053E-0002  4.190938E-0002  1.018957E-0001  6.943402E-0002
  7.698638E-0002  1.716590E-0002  4.166283E-0003  4.115905E-0002  5.174850E-0002  4.318470E-0002  0.000000E+0000  5.569362E-0002  5.430617E-0002  5.503245E-0002  5.846819E-0002
  1.549664E-0002  2.057871E-0002  9.578242E-0003  6.256147E-0002  8.721162E-0002  3.658053E-0002  5.569362E-0002  0.000000E+0000  3.705636E-0002  8.213964E-0002  9.159472E-0002
  1.224686E-0001  1.967259E-0002  4.075030E-0003  3.635705E-0002  5.936690E-0002  4.190938E-0002  5.430617E-0002  3.705636E-0002  0.000000E+0000  4.296598E-0002  9.857772E-0002
  1.338207E-0001  3.538087E-0002  2.452755E-0003  1.168601E-0001  7.670924E-0002  1.018957E-0001  5.503245E-0002  8.213964E-0002  4.296598E-0002  0.000000E+0000  5.311370E-0002
  1.244035E-0001  2.801422E-0002  6.174102E-0003  6.965123E-0002  8.128556E-0002  6.943402E-0002  5.846819E-0002  9.159472E-0002  9.857772E-0002  5.311370E-0002  0.000000E+0000

  0.000000E+0000  2.007860E-0003  1.165139E-0002  3.456373E-0003  4.414219E-0003  7.332818E-0003  1.031620E-0002  3.538662E-0003  6.059654E-0003  5.649264E-0003  1.155212E-0002
  2.007860E-0003  0.000000E+0000  3.696545E-0003  1.885454E-0003  2.234464E-0003  3.985378E-0003  1.955349E-0003  1.036360E-0003  1.071867E-0003  2.383694E-0003  3.101929E-0003
  1.165139E-0002  3.696545E-0003  0.000000E+0000  6.984954E-0003  8.769003E-0003  8.807000E-0003  7.225574E-0003  8.988593E-0003  8.592707E-0003  3.700506E-0003  1.503778E-0002
  3.456373E-0003  1.885454E-0003  6.984954E-0003  0.000000E+0000  2.901637E-0003  2.131440E-0003  4.274288E-0003  2.853597E-0003  4.257865E-0003  1.657224E-0003  6.357950E-0003
  4.414219E-0003  2.234464E-0003  8.769003E-0003  2.901637E-0003  0.000000E+0000  2.890640E-0003  1.850203E-0002  3.268597E-0003  7.291032E-0003  2.904883E-0003  1.673310E-0002
  7.332818E-0003  3.985378E-0003  8.807000E-0003  2.131440E-0003  2.890640E-0003  0.000000E+0000  1.054609E-0002  5.413107E-0003  4.571195E-0003  3.304489E-0003  1.368630E-0002
  1.031620E-0002  1.955349E-0003  7.225574E-0003  4.274288E-0003  1.850203E-0002  1.054609E-0002  0.000000E+0000  3.891594E-0003  1.222062E-0002  8.439245E-0003  3.112794E-0002
  3.538662E-0003  1.036360E-0003  8.988593E-0003  2.853597E-0003  3.268597E-0003  5.413107E-0003  3.891594E-0003  0.000000E+0000  3.391433E-0003  2.426015E-0003  5.620218E-0003
  6.059654E-0003  1.071867E-0003  8.592707E-0003  4.257865E-0003  7.291032E-0003  4.571195E-0003  1.222062E-0002  3.391433E-0003  0.000000E+0000  4.198014E-0003  1.788053E-0002
  5.649264E-0003  2.383694E-0003  3.700506E-0003  1.657224E-0003  2.904883E-0003  3.304489E-0003  8.439245E-0003  2.426015E-0003  4.198014E-0003  0.000000E+0000  1.084248E-0002
  1.155212E-0002  3.101929E-0003  1.503778E-0002  6.357950E-0003  1.673310E-0002  1.368630E-0002  3.112794E-0002  5.620218E-0003  1.788053E-0002  1.084248E-0002  0.000000E+0000

  0.000000E+0000  2.152431E-0003  2.446883E-0002  2.226056E-0002  5.100249E-0003  6.426156E-0003  1.362936E-0002  7.415975E-0003  1.130289E-0002  8.622812E-0003  1.041916E-0002
  2.152431E-0003  0.000000E+0000  1.478155E-0003  3.474791E-0003  2.334920E-0003  1.978910E-0003  9.564646E-0004  1.143992E-0003  1.781424E-0003  2.049719E-0003  1.175338E-0003
  2.446883E-0002  1.478155E-0003  0.000000E+0000  2.856682E-0002  3.023271E-0002  5.066760E-0003  1.086135E-0002  1.454324E-0002  1.848425E-0002  9.709759E-0003  3.440420E-0002
  2.226056E-0002  3.474791E-0003  2.856682E-0002  0.000000E+0000  1.278947E-0002  7.958543E-0003  8.087211E-0003  1.971029E-0002  8.582204E-0003  1.178509E-0002  1.098512E-0002
  5.100249E-0003  2.334920E-0003  3.023271E-0002  1.278947E-0002  0.000000E+0000  7.509572E-0003  4.219428E-0003  1.499810E-0003  2.144943E-0002  6.656290E-0003  7.547037E-0003
  6.426156E-0003  1.978910E-0003  5.066760E-0003  7.958543E-0003  7.509572E-0003  0.000000E+0000  5.392136E-0003  3.127756E-0003  4.343104E-0003  5.735848E-0002  2.090863E-0002
  1.362936E-0002  9.564646E-0004  1.086135E-0002  8.087211E-0003  4.219428E-0003  5.392136E-0003  0.000000E+0000  5.136189E-0003  3.155343E-0003  1.641033E-0002  2.281826E-0002
  7.415975E-0003  1.143992E-0003  1.454324E-0002  1.971029E-0002  1.499810E-0003  3.127756E-0003  5.136189E-0003  0.000000E+0000  1.026950E-0002  8.691565E-0004  4.015021E-0003
  1.130289E-0002  1.781424E-0003  1.848425E-0002  8.582204E-0003  2.144943E-0002  4.343104E-0003  3.155343E-0003  1.026950E-0002  0.000000E+0000  5.631037E-0003  6.626812E-0003
  8.622812E-0003  2.049719E-0003  9.709759E-0003  1.178509E-0002  6.656290E-0003  5.735848E-0002  1.641033E-0002  8.691565E-0004  5.631037E-0003  0.000000E+0000  2.006914E-0002
  1.041916E-0002  1.175338E-0003  3.440420E-0002  1.098512E-0002  7.547037E-0003  2.090863E-0002  2.281826E-0002  4.015021E-0003  6.626812E-0003  2.006914E-0002  0.000000E+0000

  0.000000E+0000  4.865384E-0003  4.484348E-0002  3.783135E-0002  1.815780E-0002  1.809169E-0002  4.641014E-0002  3.218638E-0002  2.890323E-0002  1.882080E-0002  1.793645E-0002
  4.865384E-0003  0.000000E+0000  2.983808E-0003  2.077860E-0003  3.718949E-0003  3.689451E-0003  5.084317E-0003  3.215305E-0004  4.411253E-0003  4.978568E-0003  3.718315E-0003
  4.484348E-0002  2.983808E-0003  0.000000E+0000  4.515979E-0002  8.513612E-0002  1.578327E-0002  3.193979E-0002  1.762012E-0002  5.069083E-0002  1.987305E-0002  7.173463E-0002
  3.783135E-0002  2.077860E-0003  4.515979E-0002  0.000000E+0000  8.053520E-0003  2.145050E-0002  4.122900E-0002  1.676191E-0002  2.292578E-0002  1.853885E-0002  4.412111E-0002
  1.815780E-0002  3.718949E-0003  8.513612E-0002  8.053520E-0003  0.000000E+0000  2.251770E-0002  2.112576E-0002  1.399152E-0003  4.610870E-0002  7.773297E-0003  1.434938E-0002
  1.809169E-0002  3.689451E-0003  1.578327E-0002  2.145050E-0002  2.251770E-0002  0.000000E+0000  2.370292E-0002  2.539610E-0003  2.652262E-0002  9.368849E-0002  5.234164E-0002
  4.641014E-0002  5.084317E-0003  3.193979E-0002  4.122900E-0002  2.112576E-0002  2.370292E-0002  0.000000E+0000  9.293828E-0003  6.280267E-0002  4.293700E-0002  5.848258E-0002
  3.218638E-0002  3.215305E-0004  1.762012E-0002  1.676191E-0002  1.399152E-0003  2.539610E-0003  9.293828E-0003  0.000000E+0000  1.417996E-0002  1.214426E-0003  5.835126E-0003
  2.890323E-0002  4.411253E-0003  5.069083E-0002  2.292578E-0002  4.610870E-0002  2.652262E-0002  6.280267E-0002  1.417996E-0002  0.000000E+0000  3.066077E-0002  3.704685E-0002
  1.882080E-0002  4.978568E-0003  1.987305E-0002  1.853885E-0002  7.773297E-0003  9.368849E-0002  4.293700E-0002  1.214426E-0003  3.066077E-0002  0.000000E+0000  2.418555E-0002
  1.793645E-0002  3.718315E-0003  7.173463E-0002  4.412111E-0002  1.434938E-0002  5.234164E-0002  5.848258E-0002  5.835126E-0003  3.704685E-0002  2.418555E-0002  0.000000E+0000

  0.000000E+0000  1.259373E-0002  1.410443E-0002  2.966148E-0002  2.081419E-0002  2.448203E-0002  5.890132E-0002  9.313504E-0002  6.927288E-0002  3.064416E-0002  2.663748E-0002
  1.259373E-0002  0.000000E+0000  2.323592E-0002  4.831169E-0003  1.541383E-0002  2.031551E-0002  2.328402E-0002  3.635124E-0003  9.602189E-0003  1.792284E-0002  2.727657E-0002
  1.410443E-0002  2.323592E-0002  0.000000E+0000  1.398519E-0002  1.971079E-0002  3.312415E-0002  4.179389E-0002  2.232168E-0002  1.131023E-0001  1.774514E-0002  3.844894E-0002
  2.966148E-0002  4.831169E-0003  1.398519E-0002  0.000000E+0000  4.159296E-0003  1.248254E-0002  1.368688E-0002  6.822424E-0003  2.367849E-0002  7.392456E-0003  1.190943E-0002
  2.081419E-0002  1.541383E-0002  1.971079E-0002  4.159296E-0003  0.000000E+0000  4.620517E-0002  9.406759E-0003  2.172401E-0002  6.674322E-0002  1.351076E-0002  2.861965E-0002
  2.448203E-0002  2.031551E-0002  3.312415E-0002  1.248254E-0002  4.620517E-0002  0.000000E+0000  1.233115E-0001  4.410656E-0002  1.229125E-0001  1.773525E-0001  1.130140E-0001
  5.890132E-0002  2.328402E-0002  4.179389E-0002  1.368688E-0002  9.406759E-0003  1.233115E-0001  0.000000E+0000  1.961732E-0002  1.027163E-0001  3.138126E-0002  1.551807E-0002
  9.313504E-0002  3.635124E-0003  2.232168E-0002  6.822424E-0003  2.172401E-0002  4.410656E-0002  1.961732E-0002  0.000000E+0000  2.429341E-0003  1.557630E-0002  2.234348E-0002
  6.927288E-0002  9.602189E-0003  1.131023E-0001  2.367849E-0002  6.674322E-0002  1.229125E-0001  1.027163E-0001  2.429341E-0003  0.000000E+0000  3.102365E-0002  1.542054E-0001
  3.064416E-0002  1.792284E-0002  1.774514E-0002  7.392456E-0003  1.351076E-0002  1.773525E-0001  3.138126E-0002  1.557630E-0002  3.102365E-0002  0.000000E+0000  1.795349E-0002
  2.663748E-0002  2.727657E-0002  3.844894E-0002  1.190943E-0002  2.861965E-0002  1.130140E-0001  1.551807E-0002  2.234348E-0002  1.542054E-0001  1.795349E-0002  0.000000E+0000

  0.000000E+0000  3.696610E-0003  9.872428E-0003  1.439189E-0002  1.367712E-0002  2.334605E-0002  1.764697E-0002  2.241044E-0002  3.733617E-0002  4.303847E-0003  1.987437E-0002
  3.696610E-0003  0.000000E+0000  4.523630E-0003  4.523539E-0003  9.379943E-0003  1.011040E-0002  6.581096E-0003  1.265468E-0003  8.817288E-0003  3.566244E-0003  6.720235E-0003
  9.872428E-0003  4.523630E-0003  0.000000E+0000  2.926454E-0002  7.073002E-0002  2.266957E-0002  3.161203E-0002  6.402572E-0003  9.015421E-0002  7.048428E-0003  3.600319E-0002
  1.439189E-0002  4.523539E-0003  2.926454E-0002  0.000000E+0000  5.945390E-0003  1.018073E-0002  2.253707E-0002  7.030078E-0003  1.711988E-0002  1.083522E-0002  3.118875E-0002
  1.367712E-0002  9.379943E-0003  7.073002E-0002  5.945390E-0003  0.000000E+0000  2.545817E-0002  2.484521E-0002  5.285116E-0003  3.830061E-0002  8.048061E-0003  1.733541E-0002
  2.334605E-0002  1.011040E-0002  2.266957E-0002  1.018073E-0002  2.545817E-0002  0.000000E+0000  9.493257E-0002  2.063975E-0002  1.061478E-0001  1.043338E-0001  8.833481E-0002
  1.764697E-0002  6.581096E-0003  3.161203E-0002  2.253707E-0002  2.484521E-0002  9.493257E-0002  0.000000E+0000  1.687922E-0002  9.696788E-0002  4.182336E-0002  6.166863E-0002
  2.241044E-0002  1.265468E-0003  6.402572E-0003  7.030078E-0003  5.285116E-0003  2.063975E-0002  1.687922E-0002  0.000000E+0000  1.123027E-0002  5.472519E-0003  2.577813E-0002
  3.733617E-0002  8.817288E-0003  9.015421E-0002  1.711988E-0002  3.830061E-0002  1.061478E-0001  9.696788E-0002  1.123027E-0002  0.000000E+0000  5.605330E-0002  5.924277E-0002
  4.303847E-0003  3.566244E-0003  7.048428E-0003  1.083522E-0002  8.048061E-0003  1.043338E-0001  4.182336E-0002  5.472519E-0003  5.605330E-0002  0.000000E+0000  1.920057E-0002
  1.987437E-0002  6.720235E-0003  3.600319E-0002  3.118875E-0002  1.733541E-0002  8.833481E-0002  6.166863E-0002  2.577813E-0002  5.924277E-0002  1.920057E-0002  0.000000E+0000

  0.000000E+0000  1.511440E-0003  8.934774E-0003  5.696074E-0003  6.215809E-0003  3.180594E-0003  8.396578E-0003  7.088603E-0003  9.443296E-0003  3.336411E-0003  8.394054E-0003
  1.511440E-0003  0.000000E+0000  1.597340E-0003  1.975266E-0003  3.362432E-0003  3.098916E-0003  1.889219E-0003  3.953768E-0004  3.610601E-0003  2.039608E-0003  2.122671E-0003
  8.934774E-0003  1.597340E-0003  0.000000E+0000  9.105234E-0003  2.935585E-0002  6.147298E-0003  7.039123E-0003  7.639745E-0004  3.149234E-0002  3.501635E-0003  1.734737E-0002
  5.696074E-0003  1.975266E-0003  9.105234E-0003  0.000000E+0000  3.649258E-0003  2.444833E-0003  6.041964E-0003  4.731693E-0003  5.035731E-0003  2.185816E-0003  1.087853E-0002
  6.215809E-0003  3.362432E-0003  2.935585E-0002  3.649258E-0003  0.000000E+0000  8.317610E-0003  6.004314E-0003  1.604261E-0003  2.030582E-0002  1.161211E-0003  5.941777E-0003
  3.180594E-0003  3.098916E-0003  6.147298E-0003  2.444833E-0003  8.317610E-0003  0.000000E+0000  2.841636E-0002  8.654370E-0003  3.884863E-0002  2.675351E-0002  2.675464E-0002
  8.396578E-0003  1.889219E-0003  7.039123E-0003  6.041964E-0003  6.004314E-0003  2.841636E-0002  0.000000E+0000  4.647925E-0003  2.774453E-0002  9.015602E-0003  1.863608E-0002
  7.088603E-0003  3.953768E-0004  7.639745E-0004  4.731693E-0003  1.604261E-0003  8.654370E-0003  4.647925E-0003  0.000000E+0000  4.289401E-0003  2.909549E-0003  5.950416E-0003
  9.443296E-0003  3.610601E-0003  3.149234E-0002  5.035731E-0003  2.030582E-0002  3.884863E-0002  2.774453E-0002  4.289401E-0003  0.000000E+0000  1.165528E-0002  1.753613E-0002
  3.336411E-0003  2.039608E-0003  3.501635E-0003  2.185816E-0003  1.161211E-0003  2.675351E-0002  9.015602E-0003  2.909549E-0003  1.165528E-0002  0.000000E+0000  2.527032E-0003
  8.394054E-0003  2.122671E-0003  1.734737E-0002  1.087853E-0002  5.941777E-0003  2.675464E-0002  1.863608E-0002  5.950416E-0003  1.753613E-0002  2.527032E-0003  0.000000E+0000
