6661999 = Ignore first line (new format code)
File name: E:\Folders\PhD\ISAD\ISAD_Curry_data\ISAD_EEGs\eLORETA\EEGs_128Hz_200sec-window\Clinical_v_Healthy\T1_clinical_all\F24-ROIlinLagConn-crss.txt
1 = Number of time frames in Time X Frequency decomposition
3 = Number of EEG files
11 = Number Electrodes
25600 = Number of time frames in EEG files
32768 = Number of time frames in EEG files power of 2
7 = Number of matrices
5 = Band type (1=Classical1; 2=Classical2; 3=DiscreteFreqs; 4=AllDiscreteFreqs; 5=UserDefinedBands)
 1.280000E+0002 = Sampling rate Hz
-1.000000E+0002 = Freq1 Hz
-1.000000E+0002 = Freq2 Hz
 3.906250E-0003 = Frequency resolution Hz

  0.000000E+0000  5.430451E-0002  1.054373E-0001  2.179609E-0002  7.641789E-0002  9.381942E-0002  2.544287E-0002  1.271284E-0001  9.821076E-0002  8.016351E-0002  1.273864E-0001
  5.430451E-0002  0.000000E+0000  8.451225E-0002  1.504496E-0002  5.721484E-0002  5.356244E-0002  2.402650E-0002  1.134869E-0001  6.152840E-0002  5.475229E-0002  7.452176E-0002
  1.054373E-0001  8.451225E-0002  0.000000E+0000  8.772314E-0002  6.355076E-0002  1.973255E-0002  9.775967E-0003  7.850692E-0002  1.820773E-0002  8.881508E-0002  1.022146E-0001
  2.179609E-0002  1.504496E-0002  8.772314E-0002  0.000000E+0000  2.356695E-0002  4.643494E-0002  3.089762E-0002  7.954510E-0002  3.173660E-0002  7.234200E-0002  1.626560E-0001
  7.641789E-0002  5.721484E-0002  6.355076E-0002  2.356695E-0002  0.000000E+0000  6.802417E-0002  1.614849E-0002  1.594770E-0001  9.673594E-0002  8.788019E-0002  5.001886E-0002
  9.381942E-0002  5.356244E-0002  1.973255E-0002  4.643494E-0002  6.802417E-0002  0.000000E+0000  1.129243E-0002  1.056302E-0001  3.657065E-0002  6.549091E-0002  4.032645E-0002
  2.544287E-0002  2.402650E-0002  9.775967E-0003  3.089762E-0002  1.614849E-0002  1.129243E-0002  0.000000E+0000  1.697580E-0002  1.760088E-0003  2.317314E-0002  3.275263E-0002
  1.271284E-0001  1.134869E-0001  7.850692E-0002  7.954510E-0002  1.594770E-0001  1.056302E-0001  1.697580E-0002  0.000000E+0000  4.137059E-0002  1.265304E-0001  1.162269E-0001
  9.821076E-0002  6.152840E-0002  1.820773E-0002  3.173660E-0002  9.673594E-0002  3.657065E-0002  1.760088E-0003  4.137059E-0002  0.000000E+0000  5.446111E-0002  4.742349E-0002
  8.016351E-0002  5.475229E-0002  8.881508E-0002  7.234200E-0002  8.788019E-0002  6.549091E-0002  2.317314E-0002  1.265304E-0001  5.446111E-0002  0.000000E+0000  1.502631E-0001
  1.273864E-0001  7.452176E-0002  1.022146E-0001  1.626560E-0001  5.001886E-0002  4.032645E-0002  3.275263E-0002  1.162269E-0001  4.742349E-0002  1.502631E-0001  0.000000E+0000

  0.000000E+0000  5.583977E-0002  1.164967E-0001  2.623321E-0001  1.058203E-0001  2.235558E-0001  6.206692E-0002  3.200663E-0001  6.351406E-0002  1.715225E-0001  4.323719E-0001
  5.583977E-0002  0.000000E+0000  1.978075E-0002  4.089245E-0002  4.682497E-0002  4.657653E-0002  3.826959E-0003  5.636854E-0002  4.517537E-0002  6.603451E-0002  2.420316E-0002
  1.164967E-0001  1.978075E-0002  0.000000E+0000  2.122664E-0001  3.992951E-0002  1.111987E-0001  3.531032E-0002  1.623644E-0001  7.072422E-0002  1.390150E-0001  2.974944E-0001
  2.623321E-0001  4.089245E-0002  2.122664E-0001  0.000000E+0000  2.138523E-0001  2.373517E-0001  2.584794E-0002  3.622170E-0001  1.247376E-0001  6.892084E-0002  2.438740E-0001
  1.058203E-0001  4.682497E-0002  3.992951E-0002  2.138523E-0001  0.000000E+0000  1.034598E-0001  2.023858E-0002  1.562767E-0001  3.585481E-0002  1.407616E-0001  2.527944E-0001
  2.235558E-0001  4.657653E-0002  1.111987E-0001  2.373517E-0001  1.034598E-0001  0.000000E+0000  1.899170E-0002  2.095286E-0001  6.673079E-0002  1.359534E-0001  2.529299E-0001
  6.206692E-0002  3.826959E-0003  3.531032E-0002  2.584794E-0002  2.023858E-0002  1.899170E-0002  0.000000E+0000  5.267367E-0002  3.604464E-0002  2.353361E-0002  4.259381E-0002
  3.200663E-0001  5.636854E-0002  1.623644E-0001  3.622170E-0001  1.562767E-0001  2.095286E-0001  5.267367E-0002  0.000000E+0000  1.057007E-0001  2.481862E-0001  4.213181E-0001
  6.351406E-0002  4.517537E-0002  7.072422E-0002  1.247376E-0001  3.585481E-0002  6.673079E-0002  3.604464E-0002  1.057007E-0001  0.000000E+0000  8.588910E-0002  2.401766E-0001
  1.715225E-0001  6.603451E-0002  1.390150E-0001  6.892084E-0002  1.407616E-0001  1.359534E-0001  2.353361E-0002  2.481862E-0001  8.588910E-0002  0.000000E+0000  1.687005E-0001
  4.323719E-0001  2.420316E-0002  2.974944E-0001  2.438740E-0001  2.527944E-0001  2.529299E-0001  4.259381E-0002  4.213181E-0001  2.401766E-0001  1.687005E-0001  0.000000E+0000

  0.000000E+0000  3.727701E-0003  4.068249E-0003  3.948442E-0003  1.173409E-0002  6.907710E-0003  8.062190E-0004  1.999969E-0002  1.465462E-0002  7.280283E-0003  5.911197E-0003
  3.727701E-0003  0.000000E+0000  2.631138E-0003  4.894094E-0003  3.933876E-0003  6.368920E-0003  1.856621E-0004  6.713589E-0003  5.287601E-0003  5.615990E-0003  3.580615E-0003
  4.068249E-0003  2.631138E-0003  0.000000E+0000  3.803981E-0003  2.782995E-0003  1.780062E-0003  8.347695E-0004  3.484503E-0003  1.914152E-0003  8.967877E-0003  3.383275E-0003
  3.948442E-0003  4.894094E-0003  3.803981E-0003  0.000000E+0000  4.429302E-0003  4.313670E-0003  2.091467E-0004  4.775412E-0003  2.112804E-0003  2.387425E-0003  3.469550E-0003
  1.173409E-0002  3.933876E-0003  2.782995E-0003  4.429302E-0003  0.000000E+0000  1.906081E-0002  1.009380E-0003  1.505071E-0002  9.008957E-0003  1.664913E-0002  5.140830E-0003
  6.907710E-0003  6.368920E-0003  1.780062E-0003  4.313670E-0003  1.906081E-0002  0.000000E+0000  1.849232E-0003  1.180773E-0002  7.783207E-0003  6.255474E-0003  4.114891E-0003
  8.062190E-0004  1.856621E-0004  8.347695E-0004  2.091467E-0004  1.009380E-0003  1.849232E-0003  0.000000E+0000  6.897989E-0004  2.387967E-0003  1.770721E-0003  1.431910E-0003
  1.999969E-0002  6.713589E-0003  3.484503E-0003  4.775412E-0003  1.505071E-0002  1.180773E-0002  6.897989E-0004  0.000000E+0000  1.232004E-0002  1.492956E-0002  5.684267E-0003
  1.465462E-0002  5.287601E-0003  1.914152E-0003  2.112804E-0003  9.008957E-0003  7.783207E-0003  2.387967E-0003  1.232004E-0002  0.000000E+0000  7.244234E-0003  4.273991E-0003
  7.280283E-0003  5.615990E-0003  8.967877E-0003  2.387425E-0003  1.664913E-0002  6.255474E-0003  1.770721E-0003  1.492956E-0002  7.244234E-0003  0.000000E+0000  5.337357E-0003
  5.911197E-0003  3.580615E-0003  3.383275E-0003  3.469550E-0003  5.140830E-0003  4.114891E-0003  1.431910E-0003  5.684267E-0003  4.273991E-0003  5.337357E-0003  0.000000E+0000

  0.000000E+0000  9.117652E-0004  5.699256E-0003  1.447942E-0003  4.263471E-0003  3.638617E-0003  2.511875E-0003  4.484702E-0003  5.437671E-0003  4.705463E-0003  4.285786E-0003
  9.117652E-0004  0.000000E+0000  5.896847E-0004  1.571231E-0003  9.491688E-0004  8.604830E-0004  5.210820E-0004  2.336681E-0004  8.659871E-0004  6.028284E-0004  2.642760E-0003
  5.699256E-0003  5.896847E-0004  0.000000E+0000  8.976884E-0004  5.374778E-0003  8.059132E-0003  5.735448E-0003  5.236426E-0003  5.956388E-0003  5.652593E-0003  6.619937E-0003
  1.447942E-0003  1.571231E-0003  8.976884E-0004  0.000000E+0000  9.459041E-0004  9.499047E-0004  3.366312E-0004  1.208896E-0003  8.682169E-0004  8.982685E-0004  1.375815E-0003
  4.263471E-0003  9.491688E-0004  5.374778E-0003  9.459041E-0004  0.000000E+0000  4.635450E-0003  3.364431E-0003  5.214595E-0003  4.604054E-0003  2.543373E-0003  5.088581E-0003
  3.638617E-0003  8.604830E-0004  8.059132E-0003  9.499047E-0004  4.635450E-0003  0.000000E+0000  1.775901E-0003  5.173632E-0003  5.784234E-0003  1.740152E-0003  4.514557E-0003
  2.511875E-0003  5.210820E-0004  5.735448E-0003  3.366312E-0004  3.364431E-0003  1.775901E-0003  0.000000E+0000  3.413334E-0003  2.735648E-0003  8.135329E-0004  3.557309E-0003
  4.484702E-0003  2.336681E-0004  5.236426E-0003  1.208896E-0003  5.214595E-0003  5.173632E-0003  3.413334E-0003  0.000000E+0000  3.955562E-0003  2.716027E-0003  5.955596E-0003
  5.437671E-0003  8.659871E-0004  5.956388E-0003  8.682169E-0004  4.604054E-0003  5.784234E-0003  2.735648E-0003  3.955562E-0003  0.000000E+0000  4.444832E-0003  6.119948E-0003
  4.705463E-0003  6.028284E-0004  5.652593E-0003  8.982685E-0004  2.543373E-0003  1.740152E-0003  8.135329E-0004  2.716027E-0003  4.444832E-0003  0.000000E+0000  3.906803E-0003
  4.285786E-0003  2.642760E-0003  6.619937E-0003  1.375815E-0003  5.088581E-0003  4.514557E-0003  3.557309E-0003  5.955596E-0003  6.119948E-0003  3.906803E-0003  0.000000E+0000

  0.000000E+0000  1.549737E-0002  4.198296E-0002  6.807240E-0002  6.393539E-0002  1.012196E-0001  5.260983E-0002  1.661535E-0001  5.761922E-0002  4.274749E-0002  7.720003E-0002
  1.549737E-0002  0.000000E+0000  4.791833E-0003  1.055481E-0002  1.273106E-0002  1.074879E-0002  9.455352E-0003  3.521369E-0002  1.509649E-0002  1.060071E-0002  1.082136E-0002
  4.198296E-0002  4.791833E-0003  0.000000E+0000  2.276780E-0002  3.766631E-0002  3.519103E-0002  2.011594E-0002  1.317817E-0001  3.583515E-0002  2.294921E-0002  2.551835E-0002
  6.807240E-0002  1.055481E-0002  2.276780E-0002  0.000000E+0000  2.514378E-0002  4.478047E-0002  2.203601E-0002  8.277901E-0002  6.483500E-0002  4.045891E-0002  2.282624E-0002
  6.393539E-0002  1.273106E-0002  3.766631E-0002  2.514378E-0002  0.000000E+0000  3.431407E-0002  1.771419E-0002  1.535400E-0001  7.601579E-0002  2.824931E-0002  3.763158E-0002
  1.012196E-0001  1.074879E-0002  3.519103E-0002  4.478047E-0002  3.431407E-0002  0.000000E+0000  1.289542E-0002  1.953690E-0001  1.223291E-0001  1.912655E-0002  2.599408E-0002
  5.260983E-0002  9.455352E-0003  2.011594E-0002  2.203601E-0002  1.771419E-0002  1.289542E-0002  0.000000E+0000  1.609236E-0001  6.787687E-0002  8.523065E-0003  7.985718E-0003
  1.661535E-0001  3.521369E-0002  1.317817E-0001  8.277901E-0002  1.535400E-0001  1.953690E-0001  1.609236E-0001  0.000000E+0000  9.213096E-0002  1.071825E-0001  2.021747E-0001
  5.761922E-0002  1.509649E-0002  3.583515E-0002  6.483500E-0002  7.601579E-0002  1.223291E-0001  6.787687E-0002  9.213096E-0002  0.000000E+0000  5.435718E-0002  9.489860E-0002
  4.274749E-0002  1.060071E-0002  2.294921E-0002  4.045891E-0002  2.824931E-0002  1.912655E-0002  8.523065E-0003  1.071825E-0001  5.435718E-0002  0.000000E+0000  3.494883E-0002
  7.720003E-0002  1.082136E-0002  2.551835E-0002  2.282624E-0002  3.763158E-0002  2.599408E-0002  7.985718E-0003  2.021747E-0001  9.489860E-0002  3.494883E-0002  0.000000E+0000

  0.000000E+0000  1.908533E-0003  3.582649E-0003  1.009244E-0002  6.046758E-0003  1.940048E-0002  1.607420E-0003  1.006137E-0002  3.422363E-0003  7.477365E-0003  2.078881E-0002
  1.908533E-0003  0.000000E+0000  3.219039E-0004  2.015424E-0003  8.972489E-0004  1.390274E-0003  2.034902E-0004  2.739528E-0003  1.410748E-0003  1.854706E-0003  2.677982E-0003
  3.582649E-0003  3.219039E-0004  0.000000E+0000  1.873888E-0003  3.633795E-0003  6.173713E-0003  1.655666E-0003  5.855058E-0003  4.702875E-0003  6.477080E-0003  2.436064E-0003
  1.009244E-0002  2.015424E-0003  1.873888E-0003  0.000000E+0000  3.414736E-0003  3.676506E-0003  9.107630E-0004  1.815380E-0003  3.906576E-0003  3.929613E-0003  4.797339E-0003
  6.046758E-0003  8.972489E-0004  3.633795E-0003  3.414736E-0003  0.000000E+0000  6.170640E-0003  5.307400E-0004  5.581518E-0003  7.628418E-0003  4.901595E-0003  1.628587E-0002
  1.940048E-0002  1.390274E-0003  6.173713E-0003  3.676506E-0003  6.170640E-0003  0.000000E+0000  3.259236E-0004  7.101133E-0003  9.093382E-0003  5.702808E-0003  1.729472E-0002
  1.607420E-0003  2.034902E-0004  1.655666E-0003  9.107630E-0004  5.307400E-0004  3.259236E-0004  0.000000E+0000  2.946492E-0003  2.014775E-0003  1.320127E-0004  1.086098E-0003
  1.006137E-0002  2.739528E-0003  5.855058E-0003  1.815380E-0003  5.581518E-0003  7.101133E-0003  2.946492E-0003  0.000000E+0000  1.162849E-0002  5.443134E-0003  7.622522E-0003
  3.422363E-0003  1.410748E-0003  4.702875E-0003  3.906576E-0003  7.628418E-0003  9.093382E-0003  2.014775E-0003  1.162849E-0002  0.000000E+0000  6.116142E-0003  1.641493E-0002
  7.477365E-0003  1.854706E-0003  6.477080E-0003  3.929613E-0003  4.901595E-0003  5.702808E-0003  1.320127E-0004  5.443134E-0003  6.116142E-0003  0.000000E+0000  1.474083E-0002
  2.078881E-0002  2.677982E-0003  2.436064E-0003  4.797339E-0003  1.628587E-0002  1.729472E-0002  1.086098E-0003  7.622522E-0003  1.641493E-0002  1.474083E-0002  0.000000E+0000

  0.000000E+0000  3.700242E-0004  1.879962E-0003  6.915214E-0004  3.488288E-0003  1.654287E-0003  1.595660E-0003  2.701649E-0003  4.020860E-0003  1.668322E-0003  2.307259E-0003
  3.700242E-0004  0.000000E+0000  1.430601E-0004  1.405941E-0004  6.892123E-0004  4.275585E-0004  3.905974E-0004  4.125679E-0004  5.902254E-0004  4.728340E-0004  4.788010E-0004
  1.879962E-0003  1.430601E-0004  0.000000E+0000  1.251344E-0003  1.616449E-0003  2.422164E-0003  3.343984E-0003  1.088415E-0003  7.805724E-0004  7.572413E-0004  3.222384E-0003
  6.915214E-0004  1.405941E-0004  1.251344E-0003  0.000000E+0000  1.656860E-0003  5.538596E-0003  5.936838E-0004  8.756618E-0004  1.998306E-0003  5.215816E-0003  1.519260E-0003
  3.488288E-0003  6.892123E-0004  1.616449E-0003  1.656860E-0003  0.000000E+0000  2.090491E-0003  1.319742E-0003  2.933242E-0003  2.082720E-0003  2.101234E-0003  1.172855E-0003
  1.654287E-0003  4.275585E-0004  2.422164E-0003  5.538596E-0003  2.090491E-0003  0.000000E+0000  1.007447E-0003  1.881918E-0003  2.061994E-0003  5.843325E-0003  3.472116E-0003
  1.595660E-0003  3.905974E-0004  3.343984E-0003  5.936838E-0004  1.319742E-0003  1.007447E-0003  0.000000E+0000  1.019884E-0003  1.806442E-0003  9.806440E-0004  2.132759E-0003
  2.701649E-0003  4.125679E-0004  1.088415E-0003  8.756618E-0004  2.933242E-0003  1.881918E-0003  1.019884E-0003  0.000000E+0000  2.791365E-0003  1.858189E-0003  8.160936E-0004
  4.020860E-0003  5.902254E-0004  7.805724E-0004  1.998306E-0003  2.082720E-0003  2.061994E-0003  1.806442E-0003  2.791365E-0003  0.000000E+0000  2.671505E-0003  1.805102E-0003
  1.668322E-0003  4.728340E-0004  7.572413E-0004  5.215816E-0003  2.101234E-0003  5.843325E-0003  9.806440E-0004  1.858189E-0003  2.671505E-0003  0.000000E+0000  4.670216E-0003
  2.307259E-0003  4.788010E-0004  3.222384E-0003  1.519260E-0003  1.172855E-0003  3.472116E-0003  2.132759E-0003  8.160936E-0004  1.805102E-0003  4.670216E-0003  0.000000E+0000
