6661999 = Ignore first line (new format code)
File name: E:\Folders\PhD\ISAD\ISAD_Curry_data\ISAD_EEGs\eLORETA\EEGs_128Hz_200sec-window\Clinical_v_Healthy\T1_clinical_all\F26-ROIlinLagConn-crss.txt
1 = Number of time frames in Time X Frequency decomposition
2 = Number of EEG files
11 = Number Electrodes
25600 = Number of time frames in EEG files
32768 = Number of time frames in EEG files power of 2
7 = Number of matrices
5 = Band type (1=Classical1; 2=Classical2; 3=DiscreteFreqs; 4=AllDiscreteFreqs; 5=UserDefinedBands)
 1.280000E+0002 = Sampling rate Hz
-1.000000E+0002 = Freq1 Hz
-1.000000E+0002 = Freq2 Hz
 3.906250E-0003 = Frequency resolution Hz

  0.000000E+0000  3.950360E-0002  1.142916E-0002  1.564988E-0001  2.557355E-0002  8.357523E-0002  9.199422E-0002  1.417543E-0001  4.170872E-0002  1.267713E-0001  1.170676E-0001
  3.950360E-0002  0.000000E+0000  5.142091E-0003  3.453236E-0002  7.406483E-0003  2.149513E-0002  3.902403E-0002  6.650635E-0002  3.502852E-0002  5.256381E-0002  4.174752E-0002
  1.142916E-0002  5.142091E-0003  0.000000E+0000  5.550852E-0003  8.303713E-0003  7.216760E-0003  4.925887E-0003  1.305221E-0002  1.220097E-0002  6.086120E-0003  6.238049E-0003
  1.564988E-0001  3.453236E-0002  5.550852E-0003  0.000000E+0000  5.219632E-0002  5.460522E-0002  2.177494E-0002  1.426747E-0001  1.641364E-0001  6.086418E-0002  5.766493E-0002
  2.557355E-0002  7.406483E-0003  8.303713E-0003  5.219632E-0002  0.000000E+0000  4.463322E-0002  5.665325E-0002  6.292712E-0002  2.172584E-0002  6.069711E-0002  6.552855E-0002
  8.357523E-0002  2.149513E-0002  7.216760E-0003  5.460522E-0002  4.463322E-0002  0.000000E+0000  5.568555E-0002  7.426777E-0002  7.741500E-0002  8.330589E-0002  7.477003E-0002
  9.199422E-0002  3.902403E-0002  4.925887E-0003  2.177494E-0002  5.665325E-0002  5.568555E-0002  0.000000E+0000  6.903569E-0002  9.712202E-0002  2.965642E-0002  2.634089E-0002
  1.417543E-0001  6.650635E-0002  1.305221E-0002  1.426747E-0001  6.292712E-0002  7.426777E-0002  6.903569E-0002  0.000000E+0000  1.541477E-0001  1.148949E-0001  9.692844E-0002
  4.170872E-0002  3.502852E-0002  1.220097E-0002  1.641364E-0001  2.172584E-0002  7.741500E-0002  9.712202E-0002  1.541477E-0001  0.000000E+0000  1.268850E-0001  1.158166E-0001
  1.267713E-0001  5.256381E-0002  6.086120E-0003  6.086418E-0002  6.069711E-0002  8.330589E-0002  2.965642E-0002  1.148949E-0001  1.268850E-0001  0.000000E+0000  5.702066E-0002
  1.170676E-0001  4.174752E-0002  6.238049E-0003  5.766493E-0002  6.552855E-0002  7.477003E-0002  2.634089E-0002  9.692844E-0002  1.158166E-0001  5.702066E-0002  0.000000E+0000

  0.000000E+0000  1.820056E-0003  6.685309E-0003  1.316769E-0002  1.523902E-0002  8.669356E-0003  1.108381E-0002  1.803902E-0002  1.186160E-0002  1.223011E-0002  8.047477E-0003
  1.820056E-0003  0.000000E+0000  8.740469E-0004  9.606768E-0003  8.359476E-0004  8.742924E-0003  5.298317E-0003  1.430448E-0003  1.006067E-0003  7.459620E-0003  6.398198E-0003
  6.685309E-0003  8.740469E-0004  0.000000E+0000  4.041530E-0003  2.290939E-0003  5.223463E-0003  3.473249E-0003  7.060381E-0003  4.441131E-0003  8.406047E-0003  4.710977E-0003
  1.316769E-0002  9.606768E-0003  4.041530E-0003  0.000000E+0000  7.422985E-0003  2.093652E-0002  6.415941E-0003  9.397874E-0003  1.980973E-0002  1.843622E-0002  1.728835E-0002
  1.523902E-0002  8.359476E-0004  2.290939E-0003  7.422985E-0003  0.000000E+0000  3.774573E-0003  5.254851E-0003  1.192177E-0002  1.186928E-0002  4.062035E-0003  4.894155E-0003
  8.669356E-0003  8.742924E-0003  5.223463E-0003  2.093652E-0002  3.774573E-0003  0.000000E+0000  2.721237E-0003  5.282954E-0003  2.669115E-0002  7.294646E-0003  1.106357E-0002
  1.108381E-0002  5.298317E-0003  3.473249E-0003  6.415941E-0003  5.254851E-0003  2.721237E-0003  0.000000E+0000  6.311475E-0003  1.496900E-0002  5.254105E-0003  4.093417E-0003
  1.803902E-0002  1.430448E-0003  7.060381E-0003  9.397874E-0003  1.192177E-0002  5.282954E-0003  6.311475E-0003  0.000000E+0000  1.442867E-0002  8.452224E-0003  4.692478E-0003
  1.186160E-0002  1.006067E-0003  4.441131E-0003  1.980973E-0002  1.186928E-0002  2.669115E-0002  1.496900E-0002  1.442867E-0002  0.000000E+0000  3.094390E-0002  2.524267E-0002
  1.223011E-0002  7.459620E-0003  8.406047E-0003  1.843622E-0002  4.062035E-0003  7.294646E-0003  5.254105E-0003  8.452224E-0003  3.094390E-0002  0.000000E+0000  1.687073E-0002
  8.047477E-0003  6.398198E-0003  4.710977E-0003  1.728835E-0002  4.894155E-0003  1.106357E-0002  4.093417E-0003  4.692478E-0003  2.524267E-0002  1.687073E-0002  0.000000E+0000

  0.000000E+0000  1.679342E-0003  7.990401E-0003  1.759794E-0002  3.265293E-0002  5.719996E-0003  8.978824E-0003  1.388714E-0002  9.097364E-0003  4.857573E-0003  1.219900E-0002
  1.679342E-0003  0.000000E+0000  3.350593E-0003  4.360852E-0003  8.310515E-0003  2.178309E-0003  2.263207E-0003  1.415874E-0003  3.609361E-0003  1.600682E-0003  2.167237E-0003
  7.990401E-0003  3.350593E-0003  0.000000E+0000  6.947349E-0004  7.177827E-0003  1.111307E-0003  9.216540E-0004  9.786419E-0003  7.537631E-0003  4.708233E-0003  5.427058E-0003
  1.759794E-0002  4.360852E-0003  6.947349E-0004  0.000000E+0000  4.067885E-0003  1.936310E-0002  6.491618E-0003  1.444114E-0002  1.311885E-0002  1.106697E-0002  5.941112E-0003
  3.265293E-0002  8.310515E-0003  7.177827E-0003  4.067885E-0003  0.000000E+0000  9.205557E-0003  1.911150E-0003  3.445919E-0002  3.114030E-0002  2.214607E-0003  2.055418E-0003
  5.719996E-0003  2.178309E-0003  1.111307E-0003  1.936310E-0002  9.205557E-0003  0.000000E+0000  9.020223E-0003  7.971520E-0003  6.718584E-0003  1.582923E-0002  1.211423E-0002
  8.978824E-0003  2.263207E-0003  9.216540E-0004  6.491618E-0003  1.911150E-0003  9.020223E-0003  0.000000E+0000  9.242847E-0003  7.837588E-0003  1.303256E-0003  2.388098E-0003
  1.388714E-0002  1.415874E-0003  9.786419E-0003  1.444114E-0002  3.445919E-0002  7.971520E-0003  9.242847E-0003  0.000000E+0000  1.380891E-0002  3.890291E-0003  9.222451E-0003
  9.097364E-0003  3.609361E-0003  7.537631E-0003  1.311885E-0002  3.114030E-0002  6.718584E-0003  7.837588E-0003  1.380891E-0002  0.000000E+0000  3.342958E-0003  8.050137E-0003
  4.857573E-0003  1.600682E-0003  4.708233E-0003  1.106697E-0002  2.214607E-0003  1.582923E-0002  1.303256E-0003  3.890291E-0003  3.342958E-0003  0.000000E+0000  3.674607E-0003
  1.219900E-0002  2.167237E-0003  5.427058E-0003  5.941112E-0003  2.055418E-0003  1.211423E-0002  2.388098E-0003  9.222451E-0003  8.050137E-0003  3.674607E-0003  0.000000E+0000

  0.000000E+0000  1.090497E-0003  3.674410E-0003  3.174803E-0003  4.104402E-0003  5.456700E-0003  3.997767E-0003  7.297056E-0004  2.351832E-0003  5.562554E-0003  5.937986E-0003
  1.090497E-0003  0.000000E+0000  2.160749E-0003  1.141789E-0003  5.525725E-0003  1.437260E-0003  2.250378E-0003  2.415459E-0003  2.156178E-0003  3.981154E-0003  4.833613E-0003
  3.674410E-0003  2.160749E-0003  0.000000E+0000  3.856629E-0003  2.290565E-0003  6.249753E-0003  2.897666E-0003  3.054220E-0003  3.912435E-0003  4.318694E-0003  3.333006E-0003
  3.174803E-0003  1.141789E-0003  3.856629E-0003  0.000000E+0000  8.834726E-0003  3.824666E-0003  2.132695E-0003  3.563176E-0003  3.715334E-0003  5.286210E-0003  7.989903E-0003
  4.104402E-0003  5.525725E-0003  2.290565E-0003  8.834726E-0003  0.000000E+0000  1.258855E-0002  7.930035E-0003  2.556806E-0003  7.035838E-0003  1.243828E-0002  1.069858E-0002
  5.456700E-0003  1.437260E-0003  6.249753E-0003  3.824666E-0003  1.258855E-0002  0.000000E+0000  7.996065E-0003  6.813168E-0003  6.763374E-0003  1.441313E-0002  1.359861E-0002
  3.997767E-0003  2.250378E-0003  2.897666E-0003  2.132695E-0003  7.930035E-0003  7.996065E-0003  0.000000E+0000  3.886501E-0003  3.552475E-0003  3.599411E-0003  5.427165E-0003
  7.297056E-0004  2.415459E-0003  3.054220E-0003  3.563176E-0003  2.556806E-0003  6.813168E-0003  3.886501E-0003  0.000000E+0000  1.868507E-0003  5.945058E-0003  5.526145E-0003
  2.351832E-0003  2.156178E-0003  3.912435E-0003  3.715334E-0003  7.035838E-0003  6.763374E-0003  3.552475E-0003  1.868507E-0003  0.000000E+0000  4.650338E-0003  6.481235E-0003
  5.562554E-0003  3.981154E-0003  4.318694E-0003  5.286210E-0003  1.243828E-0002  1.441313E-0002  3.599411E-0003  5.945058E-0003  4.650338E-0003  0.000000E+0000  1.071171E-0002
  5.937986E-0003  4.833613E-0003  3.333006E-0003  7.989903E-0003  1.069858E-0002  1.359861E-0002  5.427165E-0003  5.526145E-0003  6.481235E-0003  1.071171E-0002  0.000000E+0000

  0.000000E+0000  3.867920E-0003  2.201287E-0003  4.201351E-0002  2.349821E-0002  4.795282E-0002  6.408874E-0003  8.761395E-0003  2.701610E-0002  1.000370E-0002  1.872784E-0002
  3.867920E-0003  0.000000E+0000  3.642558E-0003  1.192388E-0002  3.759114E-0003  1.501303E-0002  1.021368E-0002  4.858365E-0003  5.792142E-0003  1.261065E-0002  1.305845E-0002
  2.201287E-0003  3.642558E-0003  0.000000E+0000  2.352275E-0002  1.675605E-0002  1.536149E-0002  8.371583E-0003  7.337001E-0003  1.584285E-0002  1.129745E-0002  1.581766E-0002
  4.201351E-0002  1.192388E-0002  2.352275E-0002  0.000000E+0000  6.910069E-0002  1.332795E-0001  7.972483E-0002  3.009350E-0002  6.999175E-0002  1.227056E-0001  1.091609E-0001
  2.349821E-0002  3.759114E-0003  1.675605E-0002  6.910069E-0002  0.000000E+0000  7.800063E-0002  6.406001E-0002  3.006140E-0002  2.909514E-0002  8.142069E-0002  6.934939E-0002
  4.795282E-0002  1.501303E-0002  1.536149E-0002  1.332795E-0001  7.800063E-0002  0.000000E+0000  6.838099E-0002  5.292110E-0002  7.345434E-0002  1.275435E-0001  1.473289E-0001
  6.408874E-0003  1.021368E-0002  8.371583E-0003  7.972483E-0002  6.406001E-0002  6.838099E-0002  0.000000E+0000  8.781518E-0003  6.395245E-0002  2.691093E-0002  3.928610E-0002
  8.761395E-0003  4.858365E-0003  7.337001E-0003  3.009350E-0002  3.006140E-0002  5.292110E-0002  8.781518E-0003  0.000000E+0000  2.574724E-0002  1.588259E-0002  1.354584E-0002
  2.701610E-0002  5.792142E-0003  1.584285E-0002  6.999175E-0002  2.909514E-0002  7.345434E-0002  6.395245E-0002  2.574724E-0002  0.000000E+0000  7.489143E-0002  7.094215E-0002
  1.000370E-0002  1.261065E-0002  1.129745E-0002  1.227056E-0001  8.142069E-0002  1.275435E-0001  2.691093E-0002  1.588259E-0002  7.489143E-0002  0.000000E+0000  1.045446E-0001
  1.872784E-0002  1.305845E-0002  1.581766E-0002  1.091609E-0001  6.934939E-0002  1.473289E-0001  3.928610E-0002  1.354584E-0002  7.094215E-0002  1.045446E-0001  0.000000E+0000

  0.000000E+0000  1.565441E-0003  2.895241E-0004  5.638615E-0003  1.425188E-0004  1.541202E-0002  5.332597E-0003  1.098392E-0003  1.466648E-0003  1.220764E-0002  6.529014E-0003
  1.565441E-0003  0.000000E+0000  5.708068E-0004  1.184887E-0003  6.258579E-0004  3.380357E-0003  3.511950E-0003  1.225755E-0003  1.916173E-0003  4.045577E-0003  2.016972E-0003
  2.895241E-0004  5.708068E-0004  0.000000E+0000  1.688714E-0003  2.122021E-0003  1.665510E-0003  2.017390E-0003  1.229122E-0003  1.665945E-0003  2.684952E-0003  2.000601E-0003
  5.638615E-0003  1.184887E-0003  1.688714E-0003  0.000000E+0000  6.705565E-0003  1.953829E-0002  5.300357E-0003  4.477650E-0003  8.675680E-0003  8.084673E-0003  5.935261E-0003
  1.425188E-0004  6.258579E-0004  2.122021E-0003  6.705565E-0003  0.000000E+0000  1.379407E-0002  6.171077E-0003  1.383272E-0003  2.583918E-0003  1.370169E-0002  7.398466E-0003
  1.541202E-0002  3.380357E-0003  1.665510E-0003  1.953829E-0002  1.379407E-0002  0.000000E+0000  1.288209E-0002  1.358421E-0002  2.698653E-0002  3.034110E-0002  1.259113E-0002
  5.332597E-0003  3.511950E-0003  2.017390E-0003  5.300357E-0003  6.171077E-0003  1.288209E-0002  0.000000E+0000  6.412385E-0003  7.611489E-0003  1.104022E-0002  6.020083E-0003
  1.098392E-0003  1.225755E-0003  1.229122E-0003  4.477650E-0003  1.383272E-0003  1.358421E-0002  6.412385E-0003  0.000000E+0000  4.357142E-0003  1.341884E-0002  7.718713E-0003
  1.466648E-0003  1.916173E-0003  1.665945E-0003  8.675680E-0003  2.583918E-0003  2.698653E-0002  7.611489E-0003  4.357142E-0003  0.000000E+0000  1.342919E-0002  8.138465E-0003
  1.220764E-0002  4.045577E-0003  2.684952E-0003  8.084673E-0003  1.370169E-0002  3.034110E-0002  1.104022E-0002  1.341884E-0002  1.342919E-0002  0.000000E+0000  1.369288E-0002
  6.529014E-0003  2.016972E-0003  2.000601E-0003  5.935261E-0003  7.398466E-0003  1.259113E-0002  6.020083E-0003  7.718713E-0003  8.138465E-0003  1.369288E-0002  0.000000E+0000

  0.000000E+0000  1.355037E-0003  9.225213E-0004  6.949371E-0004  1.865389E-0003  3.410151E-0003  1.290148E-0003  6.498718E-0004  1.054922E-0003  1.411134E-0003  8.122710E-0004
  1.355037E-0003  0.000000E+0000  2.594132E-0004  8.293991E-0004  2.927702E-0004  5.826084E-0004  5.863531E-0004  1.231913E-0003  9.327003E-0004  7.787696E-0004  4.928055E-0004
  9.225213E-0004  2.594132E-0004  0.000000E+0000  2.056984E-0003  1.679558E-0004  3.081760E-0003  1.614774E-0003  8.648799E-0004  3.694997E-0004  2.094456E-0003  1.856831E-0003
  6.949371E-0004  8.293991E-0004  2.056984E-0003  0.000000E+0000  9.323381E-0004  1.221036E-0002  2.680079E-0003  6.948209E-0004  1.917348E-0003  5.440075E-0003  2.280352E-0003
  1.865389E-0003  2.927702E-0004  1.679558E-0004  9.323381E-0004  0.000000E+0000  1.445638E-0003  5.570828E-0004  1.031661E-0003  1.325214E-0003  1.225690E-0003  7.886927E-0004
  3.410151E-0003  5.826084E-0004  3.081760E-0003  1.221036E-0002  1.445638E-0003  0.000000E+0000  6.708816E-0003  3.971139E-0003  3.791908E-0003  1.160466E-0002  1.212247E-0002
  1.290148E-0003  5.863531E-0004  1.614774E-0003  2.680079E-0003  5.570828E-0004  6.708816E-0003  0.000000E+0000  2.186221E-0003  1.440883E-0003  2.043748E-0003  1.200533E-0003
  6.498718E-0004  1.231913E-0003  8.648799E-0004  6.948209E-0004  1.031661E-0003  3.971139E-0003  2.186221E-0003  0.000000E+0000  1.076266E-0003  1.932293E-0003  8.106813E-0004
  1.054922E-0003  9.327003E-0004  3.694997E-0004  1.917348E-0003  1.325214E-0003  3.791908E-0003  1.440883E-0003  1.076266E-0003  0.000000E+0000  2.085859E-0003  1.664484E-0003
  1.411134E-0003  7.787696E-0004  2.094456E-0003  5.440075E-0003  1.225690E-0003  1.160466E-0002  2.043748E-0003  1.932293E-0003  2.085859E-0003  0.000000E+0000  2.561890E-0003
  8.122710E-0004  4.928055E-0004  1.856831E-0003  2.280352E-0003  7.886927E-0004  1.212247E-0002  1.200533E-0003  8.106813E-0004  1.664484E-0003  2.561890E-0003  0.000000E+0000
