6661999 = Ignore first line (new format code)
File name: E:\Folders\PhD\ISAD\ISAD_Curry_data\ISAD_EEGs\eLORETA\EEGs_128Hz_200sec-window\Clinical_v_Healthy\T1_clinical_all\F28-ROIlinLagConn-crss.txt
1 = Number of time frames in Time X Frequency decomposition
3 = Number of EEG files
11 = Number Electrodes
25600 = Number of time frames in EEG files
32768 = Number of time frames in EEG files power of 2
7 = Number of matrices
5 = Band type (1=Classical1; 2=Classical2; 3=DiscreteFreqs; 4=AllDiscreteFreqs; 5=UserDefinedBands)
 1.280000E+0002 = Sampling rate Hz
-1.000000E+0002 = Freq1 Hz
-1.000000E+0002 = Freq2 Hz
 3.906250E-0003 = Frequency resolution Hz

  0.000000E+0000  2.182213E-0003  8.280013E-0004  5.476955E-0003  1.757480E-0003  3.043196E-0003  5.735787E-0004  3.583423E-0003  9.374943E-0003  6.452193E-0003  3.027881E-0003
  2.182213E-0003  0.000000E+0000  5.782288E-0004  4.611536E-0003  8.641534E-0003  1.020435E-0002  3.667303E-0003  4.921480E-0003  5.259773E-0003  5.693616E-0003  6.749057E-0003
  8.280013E-0004  5.782288E-0004  0.000000E+0000  7.867183E-0004  5.238324E-0003  1.827236E-0003  4.982284E-0004  3.175103E-0003  3.390721E-0003  1.564878E-0003  2.203589E-0003
  5.476955E-0003  4.611536E-0003  7.867183E-0004  0.000000E+0000  4.905205E-0003  1.192573E-0002  1.123710E-0002  1.824024E-0002  3.430742E-0003  1.924323E-0002  4.115830E-0002
  1.757480E-0003  8.641534E-0003  5.238324E-0003  4.905205E-0003  0.000000E+0000  3.144284E-0003  4.049611E-0003  1.479724E-0002  2.781339E-0002  4.408696E-0003  1.382028E-0002
  3.043196E-0003  1.020435E-0002  1.827236E-0003  1.192573E-0002  3.144284E-0003  0.000000E+0000  1.127354E-0002  4.269549E-0002  2.408910E-0002  1.561266E-0002  3.346953E-0002
  5.735787E-0004  3.667303E-0003  4.982284E-0004  1.123710E-0002  4.049611E-0003  1.127354E-0002  0.000000E+0000  1.742669E-0002  7.288895E-0003  1.246417E-0002  8.672788E-0003
  3.583423E-0003  4.921480E-0003  3.175103E-0003  1.824024E-0002  1.479724E-0002  4.269549E-0002  1.742669E-0002  0.000000E+0000  3.956807E-0002  2.213255E-0002  1.987792E-0002
  9.374943E-0003  5.259773E-0003  3.390721E-0003  3.430742E-0003  2.781339E-0002  2.408910E-0002  7.288895E-0003  3.956807E-0002  0.000000E+0000  7.967927E-0003  8.518613E-0003
  6.452193E-0003  5.693616E-0003  1.564878E-0003  1.924323E-0002  4.408696E-0003  1.561266E-0002  1.246417E-0002  2.213255E-0002  7.967927E-0003  0.000000E+0000  4.717688E-0002
  3.027881E-0003  6.749057E-0003  2.203589E-0003  4.115830E-0002  1.382028E-0002  3.346953E-0002  8.672788E-0003  1.987792E-0002  8.518613E-0003  4.717688E-0002  0.000000E+0000

  0.000000E+0000  2.875669E-0004  1.804012E-0005  1.866077E-0003  7.579207E-0004  1.603330E-0003  1.175015E-0003  6.076845E-0004  7.007694E-0004  1.578436E-0003  2.568835E-0003
  2.875669E-0004  0.000000E+0000  2.677669E-0004  3.125509E-0003  1.603703E-0003  5.003632E-0003  1.033804E-0003  1.690619E-0003  1.836952E-0003  4.012658E-0003  9.994702E-0003
  1.804012E-0005  2.677669E-0004  0.000000E+0000  2.045904E-0003  5.678941E-0005  3.733036E-0003  2.883206E-0004  5.729224E-0004  3.385103E-0004  1.974051E-0003  1.163558E-0003
  1.866077E-0003  3.125509E-0003  2.045904E-0003  0.000000E+0000  4.280284E-0003  3.843186E-0003  1.260646E-0003  1.050887E-0003  1.133914E-0002  2.528488E-0003  3.596305E-0002
  7.579207E-0004  1.603703E-0003  5.678941E-0005  4.280284E-0003  0.000000E+0000  4.107824E-0003  2.132269E-0003  2.845509E-0003  8.083789E-0004  4.662458E-0003  4.963746E-0003
  1.603330E-0003  5.003632E-0003  3.733036E-0003  3.843186E-0003  4.107824E-0003  0.000000E+0000  7.026644E-0004  3.558264E-0003  1.334202E-0002  4.030550E-0003  4.489305E-0002
  1.175015E-0003  1.033804E-0003  2.883206E-0004  1.260646E-0003  2.132269E-0003  7.026644E-0004  0.000000E+0000  1.787030E-0003  2.685633E-0003  1.085582E-0003  1.392266E-0003
  6.076845E-0004  1.690619E-0003  5.729224E-0004  1.050887E-0003  2.845509E-0003  3.558264E-0003  1.787030E-0003  0.000000E+0000  7.088066E-0003  1.964446E-0003  2.096462E-0002
  7.007694E-0004  1.836952E-0003  3.385103E-0004  1.133914E-0002  8.083789E-0004  1.334202E-0002  2.685633E-0003  7.088066E-0003  0.000000E+0000  1.175069E-0002  9.171227E-0003
  1.578436E-0003  4.012658E-0003  1.974051E-0003  2.528488E-0003  4.662458E-0003  4.030550E-0003  1.085582E-0003  1.964446E-0003  1.175069E-0002  0.000000E+0000  4.338733E-0002
  2.568835E-0003  9.994702E-0003  1.163558E-0003  3.596305E-0002  4.963746E-0003  4.489305E-0002  1.392266E-0003  2.096462E-0002  9.171227E-0003  4.338733E-0002  0.000000E+0000

  0.000000E+0000  2.003124E-0003  6.356288E-0005  5.827412E-0003  7.379499E-0004  1.064291E-0003  1.849401E-0003  5.156251E-0003  3.593069E-0004  1.110988E-0002  7.166166E-0003
  2.003124E-0003  0.000000E+0000  5.047077E-0005  4.179180E-0004  7.362139E-0004  7.963630E-0005  6.975948E-0004  2.852475E-0004  1.858934E-0003  9.313170E-0004  1.095162E-0003
  6.356288E-0005  5.047077E-0005  0.000000E+0000  9.029140E-0005  3.767031E-0004  6.708216E-0005  2.604858E-0005  4.156754E-0004  1.682074E-0004  1.759112E-0004  1.708228E-0004
  5.827412E-0003  4.179180E-0004  9.029140E-0005  0.000000E+0000  5.832681E-0003  3.256394E-0003  1.881393E-0003  2.389368E-0003  5.646838E-0003  6.176255E-0003  2.108919E-0002
  7.379499E-0004  7.362139E-0004  3.767031E-0004  5.832681E-0003  0.000000E+0000  1.659214E-0003  6.061578E-0004  1.910886E-0003  6.393306E-0004  8.502931E-0003  4.988011E-0003
  1.064291E-0003  7.963630E-0005  6.708216E-0005  3.256394E-0003  1.659214E-0003  0.000000E+0000  3.737562E-0004  4.862349E-0004  1.700013E-0003  1.499407E-0003  1.017401E-0002
  1.849401E-0003  6.975948E-0004  2.604858E-0005  1.881393E-0003  6.061578E-0004  3.737562E-0004  0.000000E+0000  1.884817E-0003  1.047392E-0003  2.943631E-0003  3.427954E-0003
  5.156251E-0003  2.852475E-0004  4.156754E-0004  2.389368E-0003  1.910886E-0003  4.862349E-0004  1.884817E-0003  0.000000E+0000  5.864684E-0003  3.982109E-0003  3.098030E-0003
  3.593069E-0004  1.858934E-0003  1.682074E-0004  5.646838E-0003  6.393306E-0004  1.700013E-0003  1.047392E-0003  5.864684E-0003  0.000000E+0000  1.030717E-0002  8.131641E-0003
  1.110988E-0002  9.313170E-0004  1.759112E-0004  6.176255E-0003  8.502931E-0003  1.499407E-0003  2.943631E-0003  3.982109E-0003  1.030717E-0002  0.000000E+0000  1.791984E-0002
  7.166166E-0003  1.095162E-0003  1.708228E-0004  2.108919E-0002  4.988011E-0003  1.017401E-0002  3.427954E-0003  3.098030E-0003  8.131641E-0003  1.791984E-0002  0.000000E+0000

  0.000000E+0000  1.047808E-0003  4.295885E-0004  6.958635E-0003  2.931831E-0003  1.677586E-0003  9.002630E-0004  7.332503E-0003  1.306961E-0003  9.817060E-0003  9.604019E-0003
  1.047808E-0003  0.000000E+0000  1.197223E-0004  1.703448E-0003  2.715733E-0004  5.136885E-0004  3.200072E-0004  7.261733E-0004  6.539939E-0004  1.587759E-0003  1.693047E-0003
  4.295885E-0004  1.197223E-0004  0.000000E+0000  2.207378E-0004  3.890859E-0004  3.257140E-0004  1.048799E-0004  5.047344E-0004  4.553196E-0004  2.707073E-0004  2.259513E-0004
  6.958635E-0003  1.703448E-0003  2.207378E-0004  0.000000E+0000  8.565363E-0003  2.517165E-0002  1.975191E-0003  6.288592E-0003  8.266896E-0003  3.107935E-0002  4.137612E-0002
  2.931831E-0003  2.715733E-0004  3.890859E-0004  8.565363E-0003  0.000000E+0000  3.239949E-0003  2.083811E-0003  1.075136E-0003  3.270607E-0003  9.779062E-0003  1.129704E-0002
  1.677586E-0003  5.136885E-0004  3.257140E-0004  2.517165E-0002  3.239949E-0003  0.000000E+0000  8.408924E-0004  3.167849E-0003  2.332411E-0003  1.749373E-0002  2.416708E-0002
  9.002630E-0004  3.200072E-0004  1.048799E-0004  1.975191E-0003  2.083811E-0003  8.408924E-0004  0.000000E+0000  3.632465E-0003  8.968703E-0004  3.398052E-0003  4.914918E-0003
  7.332503E-0003  7.261733E-0004  5.047344E-0004  6.288592E-0003  1.075136E-0003  3.167849E-0003  3.632465E-0003  0.000000E+0000  6.795026E-0003  5.066187E-0003  1.047079E-0002
  1.306961E-0003  6.539939E-0004  4.553196E-0004  8.266896E-0003  3.270607E-0003  2.332411E-0003  8.968703E-0004  6.795026E-0003  0.000000E+0000  8.797109E-0003  1.039609E-0002
  9.817060E-0003  1.587759E-0003  2.707073E-0004  3.107935E-0002  9.779062E-0003  1.749373E-0002  3.398052E-0003  5.066187E-0003  8.797109E-0003  0.000000E+0000  3.303933E-0002
  9.604019E-0003  1.693047E-0003  2.259513E-0004  4.137612E-0002  1.129704E-0002  2.416708E-0002  4.914918E-0003  1.047079E-0002  1.039609E-0002  3.303933E-0002  0.000000E+0000

  0.000000E+0000  2.872901E-0002  4.698476E-0004  4.308357E-0002  1.805143E-0002  4.741120E-0002  6.354688E-0003  6.477690E-0002  1.607366E-0002  4.303794E-0002  3.141119E-0002
  2.872901E-0002  0.000000E+0000  5.798794E-0004  8.473258E-0003  5.644472E-0003  9.910390E-0003  3.431517E-0003  3.812191E-0003  1.276532E-0002  4.622967E-0003  1.102077E-0002
  4.698476E-0004  5.798794E-0004  0.000000E+0000  3.273109E-0004  7.168531E-0004  7.588598E-0004  1.895058E-0004  1.580799E-0003  9.114126E-0004  3.956284E-0004  2.687580E-0004
  4.308357E-0002  8.473258E-0003  3.273109E-0004  0.000000E+0000  3.134706E-0003  3.803116E-0002  2.323330E-0002  2.672685E-0002  1.533976E-0002  2.613419E-0002  1.220607E-0001
  1.805143E-0002  5.644472E-0003  7.168531E-0004  3.134706E-0003  0.000000E+0000  6.472682E-0003  7.919488E-0003  1.598837E-0002  6.686492E-0003  9.679770E-0003  4.213265E-0002
  4.741120E-0002  9.910390E-0003  7.588598E-0004  3.803116E-0002  6.472682E-0003  0.000000E+0000  1.778677E-0002  3.337448E-0002  1.635746E-0002  5.143455E-0002  8.246581E-0002
  6.354688E-0003  3.431517E-0003  1.895058E-0004  2.323330E-0002  7.919488E-0003  1.778677E-0002  0.000000E+0000  8.314990E-0003  6.810671E-0003  2.108851E-0002  2.748172E-0002
  6.477690E-0002  3.812191E-0003  1.580799E-0003  2.672685E-0002  1.598837E-0002  3.337448E-0002  8.314990E-0003  0.000000E+0000  3.329583E-0002  1.628491E-0002  4.748217E-0002
  1.607366E-0002  1.276532E-0002  9.114126E-0004  1.533976E-0002  6.686492E-0003  1.635746E-0002  6.810671E-0003  3.329583E-0002  0.000000E+0000  1.404409E-0002  3.234141E-0002
  4.303794E-0002  4.622967E-0003  3.956284E-0004  2.613419E-0002  9.679770E-0003  5.143455E-0002  2.108851E-0002  1.628491E-0002  1.404409E-0002  0.000000E+0000  9.794648E-0002
  3.141119E-0002  1.102077E-0002  2.687580E-0004  1.220607E-0001  4.213265E-0002  8.246581E-0002  2.748172E-0002  4.748217E-0002  3.234141E-0002  9.794648E-0002  0.000000E+0000

  0.000000E+0000  1.236685E-0003  5.942049E-0006  1.530538E-0003  6.413107E-0004  7.199208E-0004  3.985388E-0004  3.520154E-0003  4.713763E-0004  5.699021E-0003  2.801854E-0003
  1.236685E-0003  0.000000E+0000  4.548784E-0005  8.667668E-0004  6.629554E-0005  5.414607E-0004  6.315168E-0004  6.737620E-0004  3.879903E-0004  1.146749E-0003  1.955508E-0003
  5.942049E-0006  4.548784E-0005  0.000000E+0000  5.184100E-0004  3.889627E-0005  2.153970E-0004  9.925818E-0005  3.087803E-0004  9.221592E-0006  9.399512E-0004  6.522290E-0004
  1.530538E-0003  8.667668E-0004  5.184100E-0004  0.000000E+0000  4.573254E-0004  1.942117E-0002  4.843581E-0003  2.037007E-0003  5.505006E-0003  2.060407E-0002  4.016862E-0002
  6.413107E-0004  6.629554E-0005  3.889627E-0005  4.573254E-0004  0.000000E+0000  1.874553E-0003  4.068153E-0004  3.511539E-0004  2.091044E-0004  7.308034E-0004  2.955155E-0003
  7.199208E-0004  5.414607E-0004  2.153970E-0004  1.942117E-0002  1.874553E-0003  0.000000E+0000  2.791092E-0003  1.680420E-0003  2.536941E-0003  2.002985E-0002  2.063126E-0002
  3.985388E-0004  6.315168E-0004  9.925818E-0005  4.843581E-0003  4.068153E-0004  2.791092E-0003  0.000000E+0000  2.150009E-0003  1.057635E-0003  5.227903E-0003  6.479912E-0003
  3.520154E-0003  6.737620E-0004  3.087803E-0004  2.037007E-0003  3.511539E-0004  1.680420E-0003  2.150009E-0003  0.000000E+0000  3.364143E-0003  1.816695E-0003  4.024854E-0003
  4.713763E-0004  3.879903E-0004  9.221592E-0006  5.505006E-0003  2.091044E-0004  2.536941E-0003  1.057635E-0003  3.364143E-0003  0.000000E+0000  9.882135E-0003  7.879873E-0003
  5.699021E-0003  1.146749E-0003  9.399512E-0004  2.060407E-0002  7.308034E-0004  2.002985E-0002  5.227903E-0003  1.816695E-0003  9.882135E-0003  0.000000E+0000  4.387800E-0002
  2.801854E-0003  1.955508E-0003  6.522290E-0004  4.016862E-0002  2.955155E-0003  2.063126E-0002  6.479912E-0003  4.024854E-0003  7.879873E-0003  4.387800E-0002  0.000000E+0000

  0.000000E+0000  3.714431E-0004  1.415406E-0004  5.632453E-0004  4.142858E-0004  3.094295E-0004  2.596498E-0004  1.593411E-0003  5.315802E-0004  9.305996E-0004  2.642878E-0003
  3.714431E-0004  0.000000E+0000  4.305196E-0004  1.047218E-0003  6.243938E-0004  9.911571E-0004  3.921796E-0004  3.599346E-0004  1.051512E-0003  1.022887E-0003  1.327168E-0003
  1.415406E-0004  4.305196E-0004  0.000000E+0000  4.249196E-0004  2.533667E-0004  1.789838E-0004  7.785204E-0004  8.795508E-0004  1.443867E-0004  2.094779E-0003  1.365143E-0003
  5.632453E-0004  1.047218E-0003  4.249196E-0004  0.000000E+0000  5.116329E-0004  3.096102E-0003  1.115616E-0003  1.441005E-0003  2.039042E-0003  5.291243E-0003  7.469228E-0003
  4.142858E-0004  6.243938E-0004  2.533667E-0004  5.116329E-0004  0.000000E+0000  2.964909E-0004  5.110062E-0004  1.291497E-0003  4.739067E-0004  2.073080E-0003  4.176982E-0003
  3.094295E-0004  9.911571E-0004  1.789838E-0004  3.096102E-0003  2.964909E-0004  0.000000E+0000  3.594345E-0004  1.063529E-0003  1.671567E-0003  2.889939E-0003  5.044775E-0003
  2.596498E-0004  3.921796E-0004  7.785204E-0004  1.115616E-0003  5.110062E-0004  3.594345E-0004  0.000000E+0000  5.872833E-0004  1.559608E-0003  1.020171E-0003  1.613718E-0003
  1.593411E-0003  3.599346E-0004  8.795508E-0004  1.441005E-0003  1.291497E-0003  1.063529E-0003  5.872833E-0004  0.000000E+0000  2.016389E-0003  1.390259E-0003  2.395502E-0003
  5.315802E-0004  1.051512E-0003  1.443867E-0004  2.039042E-0003  4.739067E-0004  1.671567E-0003  1.559608E-0003  2.016389E-0003  0.000000E+0000  5.870841E-0003  3.877403E-0003
  9.305996E-0004  1.022887E-0003  2.094779E-0003  5.291243E-0003  2.073080E-0003  2.889939E-0003  1.020171E-0003  1.390259E-0003  5.870841E-0003  0.000000E+0000  6.118397E-0003
  2.642878E-0003  1.327168E-0003  1.365143E-0003  7.469228E-0003  4.176982E-0003  5.044775E-0003  1.613718E-0003  2.395502E-0003  3.877403E-0003  6.118397E-0003  0.000000E+0000
