6661999 = Ignore first line (new format code)
File name: E:\Folders\PhD\ISAD\ISAD_Curry_data\ISAD_EEGs\eLORETA\EEGs_128Hz_200sec-window\Clinical_v_Healthy\T1_clinical_all\F3-ROIlinLagConn-crss.txt
1 = Number of time frames in Time X Frequency decomposition
3 = Number of EEG files
11 = Number Electrodes
25600 = Number of time frames in EEG files
32768 = Number of time frames in EEG files power of 2
7 = Number of matrices
5 = Band type (1=Classical1; 2=Classical2; 3=DiscreteFreqs; 4=AllDiscreteFreqs; 5=UserDefinedBands)
 1.280000E+0002 = Sampling rate Hz
-1.000000E+0002 = Freq1 Hz
-1.000000E+0002 = Freq2 Hz
 3.906250E-0003 = Frequency resolution Hz

  0.000000E+0000  5.044633E-0003  3.885845E-0002  3.549926E-0002  6.057960E-0002  5.429258E-0002  6.267592E-0002  1.932454E-0002  4.749109E-0002  6.200023E-0002  2.123160E-0002
  5.044633E-0003  0.000000E+0000  3.637819E-0003  6.664061E-0003  5.810067E-0003  6.519318E-0003  9.537326E-0003  2.597181E-0003  6.923117E-0003  7.134317E-0003  6.346163E-0003
  3.885845E-0002  3.637819E-0003  0.000000E+0000  8.269143E-0002  6.047228E-0003  1.979947E-0002  6.209925E-0002  2.249136E-0002  4.418750E-0002  4.388486E-0002  3.847481E-0002
  3.549926E-0002  6.664061E-0003  8.269143E-0002  0.000000E+0000  1.077818E-0001  2.267331E-0002  3.637083E-0002  2.004238E-0002  1.035892E-0001  5.202579E-0002  1.035850E-0001
  6.057960E-0002  5.810067E-0003  6.047228E-0003  1.077818E-0001  0.000000E+0000  5.935850E-0002  9.328048E-0002  2.367405E-0002  6.046065E-0002  8.066996E-0002  1.026609E-0001
  5.429258E-0002  6.519318E-0003  1.979947E-0002  2.267331E-0002  5.935850E-0002  0.000000E+0000  6.765059E-0002  6.378073E-0002  5.867260E-0002  2.350256E-0002  1.147179E-0001
  6.267592E-0002  9.537326E-0003  6.209925E-0002  3.637083E-0002  9.328048E-0002  6.765059E-0002  0.000000E+0000  1.150149E-0001  8.833910E-0002  6.047875E-0002  9.184479E-0002
  1.932454E-0002  2.597181E-0003  2.249136E-0002  2.004238E-0002  2.367405E-0002  6.378073E-0002  1.150149E-0001  0.000000E+0000  1.729426E-0002  1.176281E-0001  8.003966E-0002
  4.749109E-0002  6.923117E-0003  4.418750E-0002  1.035892E-0001  6.046065E-0002  5.867260E-0002  8.833910E-0002  1.729426E-0002  0.000000E+0000  9.471791E-0002  7.746547E-0002
  6.200023E-0002  7.134317E-0003  4.388486E-0002  5.202579E-0002  8.066996E-0002  2.350256E-0002  6.047875E-0002  1.176281E-0001  9.471791E-0002  0.000000E+0000  1.083212E-0001
  2.123160E-0002  6.346163E-0003  3.847481E-0002  1.035850E-0001  1.026609E-0001  1.147179E-0001  9.184479E-0002  8.003966E-0002  7.746547E-0002  1.083212E-0001  0.000000E+0000

  0.000000E+0000  9.109262E-0004  9.683448E-0004  3.189749E-0003  4.048115E-0003  5.514299E-0003  3.158567E-0003  1.490624E-0003  5.520364E-0003  3.282287E-0003  3.504509E-0003
  9.109262E-0004  0.000000E+0000  1.796452E-0004  9.949519E-0004  6.450925E-0004  7.352964E-0004  1.389632E-0003  3.074594E-0004  8.109019E-0004  4.621527E-0004  1.080290E-0003
  9.683448E-0004  1.796452E-0004  0.000000E+0000  2.528108E-0003  6.418323E-0004  2.753165E-0003  9.700294E-0004  3.232069E-0004  1.045866E-0003  3.257890E-0003  4.665699E-0004
  3.189749E-0003  9.949519E-0004  2.528108E-0003  0.000000E+0000  5.081705E-0003  7.477845E-0004  1.744673E-0003  3.494447E-0003  7.300098E-0003  1.150834E-0003  3.573344E-0003
  4.048115E-0003  6.450925E-0004  6.418323E-0004  5.081705E-0003  0.000000E+0000  5.838281E-0003  3.569448E-0003  1.872831E-0003  5.163446E-0003  5.728550E-0003  3.196498E-0003
  5.514299E-0003  7.352964E-0004  2.753165E-0003  7.477845E-0004  5.838281E-0003  0.000000E+0000  2.895892E-0003  6.975356E-0003  7.862794E-0003  9.938672E-0004  5.345677E-0003
  3.158567E-0003  1.389632E-0003  9.700294E-0004  1.744673E-0003  3.569448E-0003  2.895892E-0003  0.000000E+0000  1.943401E-0003  4.648990E-0003  2.255381E-0003  2.911349E-0003
  1.490624E-0003  3.074594E-0004  3.232069E-0004  3.494447E-0003  1.872831E-0003  6.975356E-0003  1.943401E-0003  0.000000E+0000  3.114632E-0003  6.405940E-0003  1.271279E-0003
  5.520364E-0003  8.109019E-0004  1.045866E-0003  7.300098E-0003  5.163446E-0003  7.862794E-0003  4.648990E-0003  3.114632E-0003  0.000000E+0000  7.332289E-0003  3.904715E-0003
  3.282287E-0003  4.621527E-0004  3.257890E-0003  1.150834E-0003  5.728550E-0003  9.938672E-0004  2.255381E-0003  6.405940E-0003  7.332289E-0003  0.000000E+0000  3.341812E-0003
  3.504509E-0003  1.080290E-0003  4.665699E-0004  3.573344E-0003  3.196498E-0003  5.345677E-0003  2.911349E-0003  1.271279E-0003  3.904715E-0003  3.341812E-0003  0.000000E+0000

  0.000000E+0000  3.534984E-0004  3.970942E-0003  7.033764E-0003  9.959668E-0003  5.042567E-0003  9.810648E-0003  5.866562E-0003  9.672489E-0003  7.030024E-0003  5.896738E-0003
  3.534984E-0004  0.000000E+0000  4.156300E-0004  9.974185E-0004  1.052991E-0003  1.519407E-0003  1.796711E-0003  1.548041E-0003  1.676780E-0003  1.129576E-0003  1.075238E-0003
  3.970942E-0003  4.156300E-0004  0.000000E+0000  3.522843E-0003  2.107291E-0003  7.788236E-0004  1.143707E-0002  1.175974E-0003  2.546851E-0003  4.854796E-0003  1.212593E-0002
  7.033764E-0003  9.974185E-0004  3.522843E-0003  0.000000E+0000  8.501808E-0003  4.117720E-0003  2.463432E-0002  3.575436E-0003  1.017197E-0002  1.415463E-0002  2.370482E-0002
  9.959668E-0003  1.052991E-0003  2.107291E-0003  8.501808E-0003  0.000000E+0000  1.425276E-0002  1.382437E-0002  9.956616E-0003  1.034567E-0002  1.276078E-0002  1.387649E-0002
  5.042567E-0003  1.519407E-0003  7.788236E-0004  4.117720E-0003  1.425276E-0002  0.000000E+0000  1.067237E-0002  2.701394E-0003  7.616832E-0003  6.505965E-0003  1.425672E-0002
  9.810648E-0003  1.796711E-0003  1.143707E-0002  2.463432E-0002  1.382437E-0002  1.067237E-0002  0.000000E+0000  5.495684E-0003  2.623722E-0002  6.790497E-0003  1.230839E-0002
  5.866562E-0003  1.548041E-0003  1.175974E-0003  3.575436E-0003  9.956616E-0003  2.701394E-0003  5.495684E-0003  0.000000E+0000  8.291022E-0003  4.734920E-0003  7.899106E-0003
  9.672489E-0003  1.676780E-0003  2.546851E-0003  1.017197E-0002  1.034567E-0002  7.616832E-0003  2.623722E-0002  8.291022E-0003  0.000000E+0000  1.304627E-0002  2.591282E-0002
  7.030024E-0003  1.129576E-0003  4.854796E-0003  1.415463E-0002  1.276078E-0002  6.505965E-0003  6.790497E-0003  4.734920E-0003  1.304627E-0002  0.000000E+0000  9.556134E-0003
  5.896738E-0003  1.075238E-0003  1.212593E-0002  2.370482E-0002  1.387649E-0002  1.425672E-0002  1.230839E-0002  7.899106E-0003  2.591282E-0002  9.556134E-0003  0.000000E+0000

  0.000000E+0000  5.044669E-0004  1.003985E-0002  3.782897E-0003  9.054591E-0003  5.870829E-0003  1.161305E-0002  2.210097E-0003  1.337304E-0002  5.818042E-0003  1.033912E-0002
  5.044669E-0004  0.000000E+0000  1.058496E-0003  3.970664E-0004  1.029946E-0003  4.723886E-0004  5.392522E-0004  2.093386E-0004  1.485789E-0003  2.804299E-0004  1.087885E-0003
  1.003985E-0002  1.058496E-0003  0.000000E+0000  1.366504E-0002  2.204282E-0003  4.836830E-0003  3.691615E-0002  7.066127E-0003  1.157342E-0002  1.794257E-0002  3.221038E-0002
  3.782897E-0003  3.970664E-0004  1.366504E-0002  0.000000E+0000  8.730063E-0003  8.740419E-0003  1.417324E-0002  2.491393E-0003  1.367095E-0002  7.735566E-0003  9.098516E-0003
  9.054591E-0003  1.029946E-0003  2.204282E-0003  8.730063E-0003  0.000000E+0000  1.079145E-0002  1.873610E-0002  1.094535E-0002  1.193071E-0002  1.366185E-0002  1.654893E-0002
  5.870829E-0003  4.723886E-0004  4.836830E-0003  8.740419E-0003  1.079145E-0002  0.000000E+0000  2.092054E-0002  7.217208E-0003  4.166226E-0003  1.184084E-0002  1.352445E-0002
  1.161305E-0002  5.392522E-0004  3.691615E-0002  1.417324E-0002  1.873610E-0002  2.092054E-0002  0.000000E+0000  4.434309E-0003  4.213649E-0002  5.742236E-0003  3.133902E-0002
  2.210097E-0003  2.093386E-0004  7.066127E-0003  2.491393E-0003  1.094535E-0002  7.217208E-0003  4.434309E-0003  0.000000E+0000  7.638701E-0003  3.226218E-0003  5.035270E-0003
  1.337304E-0002  1.485789E-0003  1.157342E-0002  1.367095E-0002  1.193071E-0002  4.166226E-0003  4.213649E-0002  7.638701E-0003  0.000000E+0000  1.617198E-0002  4.540579E-0002
  5.818042E-0003  2.804299E-0004  1.794257E-0002  7.735566E-0003  1.366185E-0002  1.184084E-0002  5.742236E-0003  3.226218E-0003  1.617198E-0002  0.000000E+0000  1.579945E-0002
  1.033912E-0002  1.087885E-0003  3.221038E-0002  9.098516E-0003  1.654893E-0002  1.352445E-0002  3.133902E-0002  5.035270E-0003  4.540579E-0002  1.579945E-0002  0.000000E+0000

  0.000000E+0000  7.236956E-0003  2.743943E-0002  4.855264E-0002  1.104284E-0002  4.924442E-0002  9.131743E-0002  4.275685E-0002  7.712516E-0002  6.157454E-0002  1.699445E-0001
  7.236956E-0003  0.000000E+0000  3.383215E-0003  2.309200E-0003  2.866543E-0004  4.868441E-0003  1.024852E-0002  3.761269E-0003  4.909886E-0003  2.685629E-0003  1.486397E-0002
  2.743943E-0002  3.383215E-0003  0.000000E+0000  3.987736E-0002  5.318336E-0003  2.119056E-0002  6.536706E-0002  2.510730E-0002  3.348984E-0002  4.225077E-0002  8.049252E-0002
  4.855264E-0002  2.309200E-0003  3.987736E-0002  0.000000E+0000  3.311100E-0003  3.312471E-0002  1.133851E-0001  3.223919E-0002  1.064314E-0001  2.205011E-0002  6.466351E-0002
  1.104284E-0002  2.866543E-0004  5.318336E-0003  3.311100E-0003  0.000000E+0000  1.026450E-0002  3.360474E-0002  7.903947E-0003  1.366758E-0002  6.379987E-0003  2.450560E-0002
  4.924442E-0002  4.868441E-0003  2.119056E-0002  3.312471E-0002  1.026450E-0002  0.000000E+0000  8.617282E-0002  4.611059E-0002  4.549284E-0002  4.481287E-0002  1.358611E-0001
  9.131743E-0002  1.024852E-0002  6.536706E-0002  1.133851E-0001  3.360474E-0002  8.617282E-0002  0.000000E+0000  1.047364E-0001  2.452147E-0001  1.560327E-0001  2.645005E-0001
  4.275685E-0002  3.761269E-0003  2.510730E-0002  3.223919E-0002  7.903947E-0003  4.611059E-0002  1.047364E-0001  0.000000E+0000  8.114002E-0002  3.140726E-0002  2.889564E-0002
  7.712516E-0002  4.909886E-0003  3.348984E-0002  1.064314E-0001  1.366758E-0002  4.549284E-0002  2.452147E-0001  8.114002E-0002  0.000000E+0000  1.262277E-0001  2.701068E-0001
  6.157454E-0002  2.685629E-0003  4.225077E-0002  2.205011E-0002  6.379987E-0003  4.481287E-0002  1.560327E-0001  3.140726E-0002  1.262277E-0001  0.000000E+0000  9.548839E-0002
  1.699445E-0001  1.486397E-0002  8.049252E-0002  6.466351E-0002  2.450560E-0002  1.358611E-0001  2.645005E-0001  2.889564E-0002  2.701068E-0001  9.548839E-0002  0.000000E+0000

  0.000000E+0000  5.938153E-0004  1.068738E-0002  6.214400E-0003  5.503349E-0003  5.098102E-0003  2.552543E-0002  5.686549E-0003  1.735541E-0002  6.255816E-0003  2.913266E-0002
  5.938153E-0004  0.000000E+0000  7.800411E-0004  2.474255E-0004  2.142851E-0004  1.631725E-0004  1.410174E-0003  2.723724E-0004  1.240613E-0003  2.149496E-0004  1.773644E-0003
  1.068738E-0002  7.800411E-0004  0.000000E+0000  9.590236E-0003  2.628593E-0003  3.383056E-0003  3.461286E-0002  2.119136E-0003  1.139808E-0002  8.706729E-0003  3.680861E-0002
  6.214400E-0003  2.474255E-0004  9.590236E-0003  0.000000E+0000  3.120089E-0003  9.264159E-0003  1.424412E-0002  1.159873E-0003  1.911215E-0002  2.849394E-0003  1.071054E-0002
  5.503349E-0003  2.142851E-0004  2.628593E-0003  3.120089E-0003  0.000000E+0000  4.060249E-0003  1.120077E-0002  4.784349E-0004  5.318138E-0003  3.343487E-0003  8.351877E-0003
  5.098102E-0003  1.631725E-0004  3.383056E-0003  9.264159E-0003  4.060249E-0003  0.000000E+0000  1.743278E-0002  7.525982E-0003  4.082434E-0003  1.243757E-0002  2.251619E-0002
  2.552543E-0002  1.410174E-0003  3.461286E-0002  1.424412E-0002  1.120077E-0002  1.743278E-0002  0.000000E+0000  7.809596E-0003  7.279085E-0002  1.823167E-0002  7.052903E-0002
  5.686549E-0003  2.723724E-0004  2.119136E-0003  1.159873E-0003  4.784349E-0004  7.525982E-0003  7.809596E-0003  0.000000E+0000  9.727857E-0003  8.990329E-0004  3.859451E-0003
  1.735541E-0002  1.240613E-0003  1.139808E-0002  1.911215E-0002  5.318138E-0003  4.082434E-0003  7.279085E-0002  9.727857E-0003  0.000000E+0000  2.291710E-0002  8.448821E-0002
  6.255816E-0003  2.149496E-0004  8.706729E-0003  2.849394E-0003  3.343487E-0003  1.243757E-0002  1.823167E-0002  8.990329E-0004  2.291710E-0002  0.000000E+0000  1.466616E-0002
  2.913266E-0002  1.773644E-0003  3.680861E-0002  1.071054E-0002  8.351877E-0003  2.251619E-0002  7.052903E-0002  3.859451E-0003  8.448821E-0002  1.466616E-0002  0.000000E+0000

  0.000000E+0000  2.713801E-0004  2.200843E-0003  4.026097E-0003  1.702622E-0003  3.798999E-0003  1.382022E-0002  7.967547E-0003  9.700335E-0003  5.706288E-0003  1.273339E-0002
  2.713801E-0004  0.000000E+0000  1.159321E-0004  2.361865E-0004  8.469482E-0004  5.768514E-0004  5.736371E-0004  1.006325E-0003  2.700643E-0004  4.706995E-0004  1.485927E-0003
  2.200843E-0003  1.159321E-0004  0.000000E+0000  2.561290E-0003  3.588072E-0004  5.603257E-0004  1.080541E-0002  8.514993E-0004  3.470258E-0003  2.276331E-0003  1.384559E-0002
  4.026097E-0003  2.361865E-0004  2.561290E-0003  0.000000E+0000  3.798074E-0003  4.296110E-0003  9.276045E-0003  5.992059E-0003  5.473125E-0003  2.680786E-0003  1.007307E-0002
  1.702622E-0003  8.469482E-0004  3.588072E-0004  3.798074E-0003  0.000000E+0000  2.740514E-0003  5.787561E-0003  5.220187E-0003  8.205489E-0004  1.741357E-0003  9.475345E-0003
  3.798999E-0003  5.768514E-0004  5.603257E-0004  4.296110E-0003  2.740514E-0003  0.000000E+0000  7.070127E-0003  7.469319E-0003  7.108824E-0003  3.998357E-0003  1.074845E-0002
  1.382022E-0002  5.736371E-0004  1.080541E-0002  9.276045E-0003  5.787561E-0003  7.070127E-0003  0.000000E+0000  1.353346E-0002  3.937115E-0002  1.689143E-0002  3.657701E-0002
  7.967547E-0003  1.006325E-0003  8.514993E-0004  5.992059E-0003  5.220187E-0003  7.469319E-0003  1.353346E-0002  0.000000E+0000  1.555011E-0002  8.569302E-0003  5.031366E-0003
  9.700335E-0003  2.700643E-0004  3.470258E-0003  5.473125E-0003  8.205489E-0004  7.108824E-0003  3.937115E-0002  1.555011E-0002  0.000000E+0000  4.828718E-0003  2.780272E-0002
  5.706288E-0003  4.706995E-0004  2.276331E-0003  2.680786E-0003  1.741357E-0003  3.998357E-0003  1.689143E-0002  8.569302E-0003  4.828718E-0003  0.000000E+0000  7.997277E-0003
  1.273339E-0002  1.485927E-0003  1.384559E-0002  1.007307E-0002  9.475345E-0003  1.074845E-0002  3.657701E-0002  5.031366E-0003  2.780272E-0002  7.997277E-0003  0.000000E+0000
