6661999 = Ignore first line (new format code)
File name: E:\Folders\PhD\ISAD\ISAD_Curry_data\ISAD_EEGs\eLORETA\EEGs_128Hz_200sec-window\Clinical_v_Healthy\T1_clinical_all\F31-ROIlinLagConn-crss.txt
1 = Number of time frames in Time X Frequency decomposition
3 = Number of EEG files
11 = Number Electrodes
25600 = Number of time frames in EEG files
32768 = Number of time frames in EEG files power of 2
7 = Number of matrices
5 = Band type (1=Classical1; 2=Classical2; 3=DiscreteFreqs; 4=AllDiscreteFreqs; 5=UserDefinedBands)
 1.280000E+0002 = Sampling rate Hz
-1.000000E+0002 = Freq1 Hz
-1.000000E+0002 = Freq2 Hz
 3.906250E-0003 = Frequency resolution Hz

  0.000000E+0000  7.806832E-0003  3.115123E-0003  3.190508E-0002  3.081918E-0003  2.782813E-0003  2.745455E-0002  2.317870E-0002  3.859717E-0003  4.113528E-0002  1.878639E-0002
  7.806832E-0003  0.000000E+0000  3.372523E-0003  2.829158E-0003  1.522619E-0002  6.983052E-0003  3.321574E-0003  2.237077E-0002  1.110427E-0002  5.319486E-0003  4.382591E-0003
  3.115123E-0003  3.372523E-0003  0.000000E+0000  2.078312E-0003  2.524040E-0003  6.315745E-0003  3.271985E-0003  3.478369E-0003  5.233746E-0003  7.180043E-0003  3.471769E-0003
  3.190508E-0002  2.829158E-0003  2.078312E-0003  0.000000E+0000  1.674728E-0002  2.398118E-0002  1.095610E-0002  2.898321E-0002  7.995959E-0003  1.021290E-0002  2.669668E-0002
  3.081918E-0003  1.522619E-0002  2.524040E-0003  1.674728E-0002  0.000000E+0000  1.927336E-0002  6.511264E-0003  2.303497E-0002  1.475766E-0002  1.411074E-0002  1.264040E-0002
  2.782813E-0003  6.983052E-0003  6.315745E-0003  2.398118E-0002  1.927336E-0002  0.000000E+0000  1.117493E-0002  1.654385E-0002  2.913983E-0003  2.228426E-0002  1.511598E-0002
  2.745455E-0002  3.321574E-0003  3.271985E-0003  1.095610E-0002  6.511264E-0003  1.117493E-0002  0.000000E+0000  2.018558E-0002  1.442757E-0002  1.546035E-0002  2.143450E-0002
  2.317870E-0002  2.237077E-0002  3.478369E-0003  2.898321E-0002  2.303497E-0002  1.654385E-0002  2.018558E-0002  0.000000E+0000  2.728353E-0003  3.394060E-0002  1.454700E-0002
  3.859717E-0003  1.110427E-0002  5.233746E-0003  7.995959E-0003  1.475766E-0002  2.913983E-0003  1.442757E-0002  2.728353E-0003  0.000000E+0000  9.147458E-0003  1.561434E-0002
  4.113528E-0002  5.319486E-0003  7.180043E-0003  1.021290E-0002  1.411074E-0002  2.228426E-0002  1.546035E-0002  3.394060E-0002  9.147458E-0003  0.000000E+0000  2.649447E-0002
  1.878639E-0002  4.382591E-0003  3.471769E-0003  2.669668E-0002  1.264040E-0002  1.511598E-0002  2.143450E-0002  1.454700E-0002  1.561434E-0002  2.649447E-0002  0.000000E+0000

  0.000000E+0000  6.072558E-0004  1.482163E-0003  2.310681E-0003  4.383263E-0003  4.237031E-0003  1.944518E-0003  2.420861E-0003  1.267403E-0003  4.348374E-0003  2.552734E-0003
  6.072558E-0004  0.000000E+0000  6.809214E-0004  2.379252E-0003  2.902961E-0003  2.615310E-0003  2.538959E-0003  9.989245E-0004  1.648444E-0003  4.345044E-0003  2.280360E-0003
  1.482163E-0003  6.809214E-0004  0.000000E+0000  9.008686E-0004  1.233477E-0003  1.923767E-0004  7.749143E-0004  2.137845E-0003  6.994504E-0004  6.213164E-0004  8.160249E-0004
  2.310681E-0003  2.379252E-0003  9.008686E-0004  0.000000E+0000  5.037117E-0003  1.313587E-0003  7.147333E-0003  2.359792E-0003  6.399740E-0003  6.708961E-0003  6.543732E-0003
  4.383263E-0003  2.902961E-0003  1.233477E-0003  5.037117E-0003  0.000000E+0000  6.916784E-0003  7.017978E-0003  9.310340E-0003  4.031510E-0003  7.445437E-0003  9.050335E-0003
  4.237031E-0003  2.615310E-0003  1.923767E-0004  1.313587E-0003  6.916784E-0003  0.000000E+0000  3.988821E-0003  3.976504E-0003  5.355878E-0003  1.710546E-0003  4.934738E-0003
  1.944518E-0003  2.538959E-0003  7.749143E-0004  7.147333E-0003  7.017978E-0003  3.988821E-0003  0.000000E+0000  8.731734E-0003  3.045259E-0003  4.129543E-0003  5.985623E-0003
  2.420861E-0003  9.989245E-0004  2.137845E-0003  2.359792E-0003  9.310340E-0003  3.976504E-0003  8.731734E-0003  0.000000E+0000  5.066904E-0003  8.110120E-0003  7.072350E-0003
  1.267403E-0003  1.648444E-0003  6.994504E-0004  6.399740E-0003  4.031510E-0003  5.355878E-0003  3.045259E-0003  5.066904E-0003  0.000000E+0000  5.674405E-0003  3.326602E-0003
  4.348374E-0003  4.345044E-0003  6.213164E-0004  6.708961E-0003  7.445437E-0003  1.710546E-0003  4.129543E-0003  8.110120E-0003  5.674405E-0003  0.000000E+0000  4.244682E-0003
  2.552734E-0003  2.280360E-0003  8.160249E-0004  6.543732E-0003  9.050335E-0003  4.934738E-0003  5.985623E-0003  7.072350E-0003  3.326602E-0003  4.244682E-0003  0.000000E+0000

  0.000000E+0000  4.551534E-0004  1.683234E-0003  5.695131E-0003  3.589454E-0003  9.416599E-0003  1.178300E-0003  3.393716E-0003  1.239246E-0003  2.983575E-0003  1.739678E-0003
  4.551534E-0004  0.000000E+0000  1.414563E-0004  2.479217E-0004  4.302715E-0004  1.169090E-0003  2.154989E-0004  1.510605E-0004  4.456960E-0004  9.118021E-0004  2.769396E-0004
  1.683234E-0003  1.414563E-0004  0.000000E+0000  2.433685E-0004  1.170923E-0003  2.292071E-0004  5.989581E-0004  1.942201E-0004  1.632667E-0003  4.013627E-0004  1.126061E-0003
  5.695131E-0003  2.479217E-0004  2.433685E-0004  0.000000E+0000  5.603742E-0003  2.163843E-0003  5.746174E-0004  1.532852E-0003  6.346234E-0003  1.290267E-0003  2.393994E-0003
  3.589454E-0003  4.302715E-0004  1.170923E-0003  5.603742E-0003  0.000000E+0000  1.354770E-0002  2.868957E-0003  1.848205E-0003  3.893165E-0003  3.856083E-0003  3.957914E-0003
  9.416599E-0003  1.169090E-0003  2.292071E-0004  2.163843E-0003  1.354770E-0002  0.000000E+0000  1.342950E-0003  2.968971E-0003  1.874823E-0002  3.328472E-0003  3.425090E-0003
  1.178300E-0003  2.154989E-0004  5.989581E-0004  5.746174E-0004  2.868957E-0003  1.342950E-0003  0.000000E+0000  1.606055E-0003  3.043086E-0003  2.191023E-0003  1.515543E-0003
  3.393716E-0003  1.510605E-0004  1.942201E-0004  1.532852E-0003  1.848205E-0003  2.968971E-0003  1.606055E-0003  0.000000E+0000  2.440541E-0003  1.913072E-0003  2.646122E-0003
  1.239246E-0003  4.456960E-0004  1.632667E-0003  6.346234E-0003  3.893165E-0003  1.874823E-0002  3.043086E-0003  2.440541E-0003  0.000000E+0000  2.747118E-0003  3.556013E-0003
  2.983575E-0003  9.118021E-0004  4.013627E-0004  1.290267E-0003  3.856083E-0003  3.328472E-0003  2.191023E-0003  1.913072E-0003  2.747118E-0003  0.000000E+0000  7.470925E-0003
  1.739678E-0003  2.769396E-0004  1.126061E-0003  2.393994E-0003  3.957914E-0003  3.425090E-0003  1.515543E-0003  2.646122E-0003  3.556013E-0003  7.470925E-0003  0.000000E+0000

  0.000000E+0000  6.126724E-0004  5.945904E-0004  1.382808E-0003  1.871676E-0003  2.161710E-0003  9.842146E-0004  1.891087E-0003  2.283114E-0003  3.321293E-0003  6.326722E-0003
  6.126724E-0004  0.000000E+0000  1.422715E-0004  6.797902E-0004  2.488354E-0003  3.306427E-0003  8.523444E-0004  4.116389E-0003  2.584428E-0003  1.497895E-0003  3.158938E-0003
  5.945904E-0004  1.422715E-0004  0.000000E+0000  3.023822E-0004  7.048748E-0004  8.975939E-0004  7.202423E-0004  8.974957E-0004  8.917773E-0004  9.618062E-0004  1.531160E-0003
  1.382808E-0003  6.797902E-0004  3.023822E-0004  0.000000E+0000  3.147489E-0003  2.297164E-0003  1.954972E-0003  3.350650E-0003  3.281973E-0003  2.130814E-0003  5.068754E-0003
  1.871676E-0003  2.488354E-0003  7.048748E-0004  3.147489E-0003  0.000000E+0000  3.228094E-0003  3.045342E-0003  1.177099E-0002  4.861583E-0003  1.997635E-0003  9.985107E-0003
  2.161710E-0003  3.306427E-0003  8.975939E-0004  2.297164E-0003  3.228094E-0003  0.000000E+0000  4.077559E-0003  1.786703E-0002  5.448163E-0003  3.717743E-0003  9.173581E-0003
  9.842146E-0004  8.523444E-0004  7.202423E-0004  1.954972E-0003  3.045342E-0003  4.077559E-0003  0.000000E+0000  2.939553E-0003  3.237192E-0003  1.826929E-0003  3.225024E-0003
  1.891087E-0003  4.116389E-0003  8.974957E-0004  3.350650E-0003  1.177099E-0002  1.786703E-0002  2.939553E-0003  0.000000E+0000  1.221026E-0002  1.370645E-0002  1.388567E-0002
  2.283114E-0003  2.584428E-0003  8.917773E-0004  3.281973E-0003  4.861583E-0003  5.448163E-0003  3.237192E-0003  1.221026E-0002  0.000000E+0000  1.028382E-0003  7.324202E-0003
  3.321293E-0003  1.497895E-0003  9.618062E-0004  2.130814E-0003  1.997635E-0003  3.717743E-0003  1.826929E-0003  1.370645E-0002  1.028382E-0003  0.000000E+0000  2.652547E-0003
  6.326722E-0003  3.158938E-0003  1.531160E-0003  5.068754E-0003  9.985107E-0003  9.173581E-0003  3.225024E-0003  1.388567E-0002  7.324202E-0003  2.652547E-0003  0.000000E+0000

  0.000000E+0000  8.223507E-0004  2.258177E-0003  3.550724E-0002  3.366568E-0002  4.046811E-0002  1.041885E-0002  1.031558E-0002  2.963291E-0002  4.552138E-0002  4.351500E-0002
  8.223507E-0004  0.000000E+0000  1.414073E-0004  2.802204E-0004  2.301021E-0003  1.063348E-0003  4.966819E-0004  1.642325E-0003  2.754512E-0003  5.808541E-0004  6.489091E-0004
  2.258177E-0003  1.414073E-0004  0.000000E+0000  3.989038E-0003  5.036547E-0003  5.757400E-0003  1.480316E-0003  1.918657E-0003  3.409102E-0003  5.262857E-0003  3.638835E-0003
  3.550724E-0002  2.802204E-0004  3.989038E-0003  0.000000E+0000  2.536735E-0002  1.336080E-0002  1.437208E-0002  2.185222E-0002  4.065012E-0002  1.105958E-0002  3.697779E-0002
  3.366568E-0002  2.301021E-0003  5.036547E-0003  2.536735E-0002  0.000000E+0000  2.715644E-0002  3.324324E-0002  1.101073E-0002  3.167360E-0002  3.216453E-0002  4.688074E-0002
  4.046811E-0002  1.063348E-0003  5.757400E-0003  1.336080E-0002  2.715644E-0002  0.000000E+0000  1.956121E-0002  5.612283E-0002  4.064102E-0002  2.149498E-0002  1.733812E-0002
  1.041885E-0002  4.966819E-0004  1.480316E-0003  1.437208E-0002  3.324324E-0002  1.956121E-0002  0.000000E+0000  1.130909E-0002  3.240397E-0002  2.170722E-0002  2.603826E-0002
  1.031558E-0002  1.642325E-0003  1.918657E-0003  2.185222E-0002  1.101073E-0002  5.612283E-0002  1.130909E-0002  0.000000E+0000  7.389540E-0003  5.280004E-0002  2.757012E-0002
  2.963291E-0002  2.754512E-0003  3.409102E-0003  4.065012E-0002  3.167360E-0002  4.064102E-0002  3.240397E-0002  7.389540E-0003  0.000000E+0000  5.071376E-0002  3.803638E-0002
  4.552138E-0002  5.808541E-0004  5.262857E-0003  1.105958E-0002  3.216453E-0002  2.149498E-0002  2.170722E-0002  5.280004E-0002  5.071376E-0002  0.000000E+0000  5.337836E-0002
  4.351500E-0002  6.489091E-0004  3.638835E-0003  3.697779E-0002  4.688074E-0002  1.733812E-0002  2.603826E-0002  2.757012E-0002  3.803638E-0002  5.337836E-0002  0.000000E+0000

  0.000000E+0000  4.028347E-0003  6.705471E-0004  2.647247E-0003  2.720888E-0003  5.321218E-0003  8.585491E-0004  7.179278E-0003  1.991919E-0003  2.557219E-0003  1.567898E-0003
  4.028347E-0003  0.000000E+0000  7.663843E-0004  2.510114E-0003  4.918690E-0003  6.066356E-0003  2.412796E-0004  2.378134E-0003  3.174311E-0003  5.540673E-0003  1.225560E-0003
  6.705471E-0004  7.663843E-0004  0.000000E+0000  1.220233E-0003  9.367043E-0004  1.568797E-0003  2.836273E-0004  1.188142E-0003  6.204365E-0004  5.204870E-0004  8.220437E-0004
  2.647247E-0003  2.510114E-0003  1.220233E-0003  0.000000E+0000  3.373545E-0003  3.121381E-0003  2.255594E-0003  1.159104E-0003  2.729772E-0003  1.781625E-0003  5.161743E-0003
  2.720888E-0003  4.918690E-0003  9.367043E-0004  3.373545E-0003  0.000000E+0000  4.449218E-0003  1.170950E-0003  7.645944E-0003  1.949135E-0003  2.795276E-0003  1.823044E-0003
  5.321218E-0003  6.066356E-0003  1.568797E-0003  3.121381E-0003  4.449218E-0003  0.000000E+0000  1.975659E-0003  1.241594E-0003  5.707304E-0003  1.172515E-0002  1.046669E-0002
  8.585491E-0004  2.412796E-0004  2.836273E-0004  2.255594E-0003  1.170950E-0003  1.975659E-0003  0.000000E+0000  1.041356E-0003  1.452668E-0003  1.061974E-0003  3.020118E-0003
  7.179278E-0003  2.378134E-0003  1.188142E-0003  1.159104E-0003  7.645944E-0003  1.241594E-0003  1.041356E-0003  0.000000E+0000  7.909788E-0003  3.448725E-0003  1.250822E-0003
  1.991919E-0003  3.174311E-0003  6.204365E-0004  2.729772E-0003  1.949135E-0003  5.707304E-0003  1.452668E-0003  7.909788E-0003  0.000000E+0000  1.999634E-0003  4.270061E-0003
  2.557219E-0003  5.540673E-0003  5.204870E-0004  1.781625E-0003  2.795276E-0003  1.172515E-0002  1.061974E-0003  3.448725E-0003  1.999634E-0003  0.000000E+0000  2.435011E-0003
  1.567898E-0003  1.225560E-0003  8.220437E-0004  5.161743E-0003  1.823044E-0003  1.046669E-0002  3.020118E-0003  1.250822E-0003  4.270061E-0003  2.435011E-0003  0.000000E+0000

  0.000000E+0000  2.065884E-0004  5.791546E-0005  1.146058E-0004  4.410544E-0004  5.408160E-0004  3.555451E-0004  8.344089E-0004  5.411991E-0004  3.907933E-0004  5.958707E-0004
  2.065884E-0004  0.000000E+0000  1.086120E-0004  2.932734E-0004  7.634082E-0005  6.046154E-0004  3.399198E-0004  3.252580E-0004  4.843983E-0005  3.377733E-0004  3.436843E-0004
  5.791546E-0005  1.086120E-0004  0.000000E+0000  3.975373E-0004  3.205547E-0004  6.891171E-0004  2.396365E-0004  2.635425E-0004  5.846443E-0004  4.362162E-0004  4.651288E-0004
  1.146058E-0004  2.932734E-0004  3.975373E-0004  0.000000E+0000  8.565185E-0004  1.309404E-0003  1.224312E-0003  6.229478E-0004  8.180843E-0004  1.219500E-0003  8.774697E-0004
  4.410544E-0004  7.634082E-0005  3.205547E-0004  8.565185E-0004  0.000000E+0000  1.164788E-0003  3.369734E-0004  1.071398E-0003  5.268828E-0004  8.938520E-0004  9.883787E-0004
  5.408160E-0004  6.046154E-0004  6.891171E-0004  1.309404E-0003  1.164788E-0003  0.000000E+0000  1.481523E-0003  1.019710E-0003  4.779956E-0004  2.079346E-0003  3.273737E-0003
  3.555451E-0004  3.399198E-0004  2.396365E-0004  1.224312E-0003  3.369734E-0004  1.481523E-0003  0.000000E+0000  2.236786E-0004  4.060298E-0004  1.102006E-0003  1.354673E-0003
  8.344089E-0004  3.252580E-0004  2.635425E-0004  6.229478E-0004  1.071398E-0003  1.019710E-0003  2.236786E-0004  0.000000E+0000  1.308662E-0003  7.660464E-0004  3.954064E-0004
  5.411991E-0004  4.843983E-0005  5.846443E-0004  8.180843E-0004  5.268828E-0004  4.779956E-0004  4.060298E-0004  1.308662E-0003  0.000000E+0000  5.490340E-0004  6.867968E-0004
  3.907933E-0004  3.377733E-0004  4.362162E-0004  1.219500E-0003  8.938520E-0004  2.079346E-0003  1.102006E-0003  7.660464E-0004  5.490340E-0004  0.000000E+0000  2.226902E-0003
  5.958707E-0004  3.436843E-0004  4.651288E-0004  8.774697E-0004  9.883787E-0004  3.273737E-0003  1.354673E-0003  3.954064E-0004  6.867968E-0004  2.226902E-0003  0.000000E+0000
