6661999 = Ignore first line (new format code)
File name: E:\Folders\PhD\ISAD\ISAD_Curry_data\ISAD_EEGs\eLORETA\EEGs_128Hz_200sec-window\Clinical_v_Healthy\T1_clinical_all\F32-ROIlinLagConn-crss.txt
1 = Number of time frames in Time X Frequency decomposition
3 = Number of EEG files
11 = Number Electrodes
25600 = Number of time frames in EEG files
32768 = Number of time frames in EEG files power of 2
7 = Number of matrices
5 = Band type (1=Classical1; 2=Classical2; 3=DiscreteFreqs; 4=AllDiscreteFreqs; 5=UserDefinedBands)
 1.280000E+0002 = Sampling rate Hz
-1.000000E+0002 = Freq1 Hz
-1.000000E+0002 = Freq2 Hz
 3.906250E-0003 = Frequency resolution Hz

  0.000000E+0000  1.614747E-0002  4.165761E-0003  1.108741E-0002  4.228511E-0002  5.096289E-0002  9.260205E-0003  2.843736E-0002  5.782039E-0003  4.118258E-0002  3.872958E-0002
  1.614747E-0002  0.000000E+0000  1.054371E-0002  2.846101E-0002  1.043813E-0001  9.882481E-0002  9.737790E-0003  7.415099E-0002  3.151610E-0002  1.352172E-0001  2.618742E-0002
  4.165761E-0003  1.054371E-0002  0.000000E+0000  3.687406E-0003  2.420400E-0002  3.799616E-0002  5.680475E-0003  2.364569E-0002  7.613607E-0003  3.311788E-0002  1.589642E-0002
  1.108741E-0002  2.846101E-0002  3.687406E-0003  0.000000E+0000  1.621973E-0002  2.355762E-0001  1.351112E-0001  1.404938E-0001  1.623113E-0002  2.071474E-0001  2.577893E-0001
  4.228511E-0002  1.043813E-0001  2.420400E-0002  1.621973E-0002  0.000000E+0000  2.311855E-0001  3.185001E-0002  1.391474E-0001  5.785703E-0002  1.565834E-0001  4.974326E-0002
  5.096289E-0002  9.882481E-0002  3.799616E-0002  2.355762E-0001  2.311855E-0001  0.000000E+0000  4.255673E-0002  2.144685E-0002  5.659276E-0002  4.173850E-0001  1.411238E-0001
  9.260205E-0003  9.737790E-0003  5.680475E-0003  1.351112E-0001  3.185001E-0002  4.255673E-0002  0.000000E+0000  2.947408E-0002  3.041954E-0002  1.027544E-0001  5.066076E-0002
  2.843736E-0002  7.415099E-0002  2.364569E-0002  1.404938E-0001  1.391474E-0001  2.144685E-0002  2.947408E-0002  0.000000E+0000  6.026123E-0002  1.433498E-0001  1.083630E-0001
  5.782039E-0003  3.151610E-0002  7.613607E-0003  1.623113E-0002  5.785703E-0002  5.659276E-0002  3.041954E-0002  6.026123E-0002  0.000000E+0000  5.442248E-0002  2.745080E-0002
  4.118258E-0002  1.352172E-0001  3.311788E-0002  2.071474E-0001  1.565834E-0001  4.173850E-0001  1.027544E-0001  1.433498E-0001  5.442248E-0002  0.000000E+0000  1.671057E-0001
  3.872958E-0002  2.618742E-0002  1.589642E-0002  2.577893E-0001  4.974326E-0002  1.411238E-0001  5.066076E-0002  1.083630E-0001  2.745080E-0002  1.671057E-0001  0.000000E+0000

  0.000000E+0000  4.576342E-0003  1.314812E-0003  3.805810E-0003  7.964583E-0003  1.759540E-0003  1.391095E-0002  3.423014E-0003  3.274919E-0003  4.073078E-0003  2.136062E-0002
  4.576342E-0003  0.000000E+0000  1.783330E-0003  1.327223E-0002  7.300057E-0003  4.706884E-0003  2.737551E-0003  7.531760E-0003  6.007738E-0003  7.961339E-0003  6.671391E-0003
  1.314812E-0003  1.783330E-0003  0.000000E+0000  2.729401E-0003  4.668456E-0003  1.660735E-0003  2.473512E-0003  4.164396E-0003  9.716331E-0004  1.043711E-0003  3.038432E-0003
  3.805810E-0003  1.327223E-0002  2.729401E-0003  0.000000E+0000  7.604343E-0003  9.874827E-0003  6.603715E-0003  9.579949E-0003  3.177893E-0003  1.405854E-0002  5.123551E-0003
  7.964583E-0003  7.300057E-0003  4.668456E-0003  7.604343E-0003  0.000000E+0000  7.536984E-0003  5.817770E-0003  1.903410E-0002  1.136788E-0002  5.270358E-0003  1.120353E-0002
  1.759540E-0003  4.706884E-0003  1.660735E-0003  9.874827E-0003  7.536984E-0003  0.000000E+0000  1.447511E-0002  4.470219E-0003  1.822579E-0003  6.968805E-0003  1.740852E-0002
  1.391095E-0002  2.737551E-0003  2.473512E-0003  6.603715E-0003  5.817770E-0003  1.447511E-0002  0.000000E+0000  1.490370E-0002  3.861216E-0003  9.692272E-0003  4.325692E-0003
  3.423014E-0003  7.531760E-0003  4.164396E-0003  9.579949E-0003  1.903410E-0002  4.470219E-0003  1.490370E-0002  0.000000E+0000  8.821196E-0003  6.766091E-0003  2.098348E-0002
  3.274919E-0003  6.007738E-0003  9.716331E-0004  3.177893E-0003  1.136788E-0002  1.822579E-0003  3.861216E-0003  8.821196E-0003  0.000000E+0000  9.574419E-0003  8.207250E-0003
  4.073078E-0003  7.961339E-0003  1.043711E-0003  1.405854E-0002  5.270358E-0003  6.968805E-0003  9.692272E-0003  6.766091E-0003  9.574419E-0003  0.000000E+0000  1.122666E-0002
  2.136062E-0002  6.671391E-0003  3.038432E-0003  5.123551E-0003  1.120353E-0002  1.740852E-0002  4.325692E-0003  2.098348E-0002  8.207250E-0003  1.122666E-0002  0.000000E+0000

  0.000000E+0000  1.791643E-0003  5.252840E-0004  6.545118E-0004  2.159584E-0003  1.378479E-0003  8.237333E-0004  3.214940E-0003  2.455191E-0003  2.462051E-0003  2.261552E-0003
  1.791643E-0003  0.000000E+0000  2.040841E-0003  3.285699E-0003  5.992730E-0003  3.067545E-0003  2.478319E-0003  6.377901E-0003  3.975844E-0003  6.928820E-0003  4.669514E-0003
  5.252840E-0004  2.040841E-0003  0.000000E+0000  1.120637E-0003  1.260132E-0003  1.194874E-0003  8.674850E-0004  2.703665E-0003  2.132649E-0003  2.279763E-0003  1.856556E-0003
  6.545118E-0004  3.285699E-0003  1.120637E-0003  0.000000E+0000  2.813588E-0003  3.780797E-0003  1.231942E-0003  1.289087E-0003  2.148361E-0004  7.502856E-0003  5.281320E-0003
  2.159584E-0003  5.992730E-0003  1.260132E-0003  2.813588E-0003  0.000000E+0000  4.438055E-0003  2.885728E-0003  1.166343E-0002  6.857778E-0003  6.844986E-0003  4.536143E-0003
  1.378479E-0003  3.067545E-0003  1.194874E-0003  3.780797E-0003  4.438055E-0003  0.000000E+0000  9.511221E-0004  1.341893E-0003  1.888163E-0003  7.290844E-0003  2.593905E-0003
  8.237333E-0004  2.478319E-0003  8.674850E-0004  1.231942E-0003  2.885728E-0003  9.511221E-0004  0.000000E+0000  1.677596E-0003  7.009059E-0004  3.796976E-0003  9.450410E-0004
  3.214940E-0003  6.377901E-0003  2.703665E-0003  1.289087E-0003  1.166343E-0002  1.341893E-0003  1.677596E-0003  0.000000E+0000  9.205152E-0004  4.874304E-0003  2.511603E-0003
  2.455191E-0003  3.975844E-0003  2.132649E-0003  2.148361E-0004  6.857778E-0003  1.888163E-0003  7.009059E-0004  9.205152E-0004  0.000000E+0000  1.312558E-0003  1.832402E-0003
  2.462051E-0003  6.928820E-0003  2.279763E-0003  7.502856E-0003  6.844986E-0003  7.290844E-0003  3.796976E-0003  4.874304E-0003  1.312558E-0003  0.000000E+0000  8.005398E-0003
  2.261552E-0003  4.669514E-0003  1.856556E-0003  5.281320E-0003  4.536143E-0003  2.593905E-0003  9.450410E-0004  2.511603E-0003  1.832402E-0003  8.005398E-0003  0.000000E+0000

  0.000000E+0000  1.046620E-0003  9.901201E-0004  3.557346E-0004  5.863940E-0003  2.092936E-0003  2.704267E-0003  7.772453E-0003  1.587925E-0003  5.466811E-0004  1.701267E-0003
  1.046620E-0003  0.000000E+0000  7.538369E-0004  3.327623E-0004  3.809700E-0003  1.415379E-0003  2.795451E-0003  2.974739E-0003  2.681338E-0003  1.755875E-0003  2.066558E-0003
  9.901201E-0004  7.538369E-0004  0.000000E+0000  1.399069E-0004  8.841097E-0004  6.091542E-0004  2.868099E-0004  2.463897E-0003  2.381076E-0004  5.166000E-0004  2.162586E-0004
  3.557346E-0004  3.327623E-0004  1.399069E-0004  0.000000E+0000  2.836863E-0004  2.521264E-0003  3.332583E-0003  7.721143E-0004  4.023823E-0004  2.428949E-0003  6.364247E-0003
  5.863940E-0003  3.809700E-0003  8.841097E-0004  2.836863E-0004  0.000000E+0000  9.414406E-0004  2.389926E-0003  7.240649E-0003  2.391918E-0003  2.183956E-0003  1.497465E-0003
  2.092936E-0003  1.415379E-0003  6.091542E-0004  2.521264E-0003  9.414406E-0004  0.000000E+0000  1.124149E-0003  4.503440E-0003  1.647871E-0003  1.865324E-0003  1.152132E-0003
  2.704267E-0003  2.795451E-0003  2.868099E-0004  3.332583E-0003  2.389926E-0003  1.124149E-0003  0.000000E+0000  3.511036E-0003  2.316246E-0003  5.733743E-0003  1.077853E-0003
  7.772453E-0003  2.974739E-0003  2.463897E-0003  7.721143E-0004  7.240649E-0003  4.503440E-0003  3.511036E-0003  0.000000E+0000  6.958296E-0003  5.555700E-0004  2.762441E-0003
  1.587925E-0003  2.681338E-0003  2.381076E-0004  4.023823E-0004  2.391918E-0003  1.647871E-0003  2.316246E-0003  6.958296E-0003  0.000000E+0000  1.576463E-0003  9.489629E-0004
  5.466811E-0004  1.755875E-0003  5.166000E-0004  2.428949E-0003  2.183956E-0003  1.865324E-0003  5.733743E-0003  5.555700E-0004  1.576463E-0003  0.000000E+0000  7.654745E-0003
  1.701267E-0003  2.066558E-0003  2.162586E-0004  6.364247E-0003  1.497465E-0003  1.152132E-0003  1.077853E-0003  2.762441E-0003  9.489629E-0004  7.654745E-0003  0.000000E+0000

  0.000000E+0000  1.557573E-0003  1.847799E-0003  1.539784E-0002  1.113364E-0002  6.652086E-0003  1.099589E-0002  8.850300E-0003  4.723681E-0003  2.613535E-0002  6.265256E-0003
  1.557573E-0003  0.000000E+0000  3.688507E-0004  1.092456E-0002  5.103736E-0003  2.929607E-0003  6.197795E-0003  1.836347E-0003  5.157350E-0003  9.331130E-0003  6.593863E-0003
  1.847799E-0003  3.688507E-0004  0.000000E+0000  8.958299E-0003  1.091378E-0003  8.124951E-0004  1.554092E-0002  9.917944E-0004  3.841723E-0003  1.244861E-0002  1.580866E-0002
  1.539784E-0002  1.092456E-0002  8.958299E-0003  0.000000E+0000  7.760585E-0002  2.454189E-0002  4.313734E-0002  2.651964E-0003  4.168487E-0002  2.810634E-0002  6.531572E-0002
  1.113364E-0002  5.103736E-0003  1.091378E-0003  7.760585E-0002  0.000000E+0000  7.056499E-0003  8.720746E-0002  7.738324E-0003  1.939482E-0002  1.044137E-0001  9.774521E-0002
  6.652086E-0003  2.929607E-0003  8.124951E-0004  2.454189E-0002  7.056499E-0003  0.000000E+0000  4.154429E-0002  1.028681E-0002  8.321036E-0003  3.927527E-0002  6.208945E-0002
  1.099589E-0002  6.197795E-0003  1.554092E-0002  4.313734E-0002  8.720746E-0002  4.154429E-0002  0.000000E+0000  6.157285E-0003  2.836976E-0002  5.295725E-0002  6.046465E-0002
  8.850300E-0003  1.836347E-0003  9.917944E-0004  2.651964E-0003  7.738324E-0003  1.028681E-0002  6.157285E-0003  0.000000E+0000  5.201118E-0003  9.157336E-0003  9.773309E-0003
  4.723681E-0003  5.157350E-0003  3.841723E-0003  4.168487E-0002  1.939482E-0002  8.321036E-0003  2.836976E-0002  5.201118E-0003  0.000000E+0000  5.128713E-0002  3.079571E-0002
  2.613535E-0002  9.331130E-0003  1.244861E-0002  2.810634E-0002  1.044137E-0001  3.927527E-0002  5.295725E-0002  9.157336E-0003  5.128713E-0002  0.000000E+0000  8.276089E-0002
  6.265256E-0003  6.593863E-0003  1.580866E-0002  6.531572E-0002  9.774521E-0002  6.208945E-0002  6.046465E-0002  9.773309E-0003  3.079571E-0002  8.276089E-0002  0.000000E+0000

  0.000000E+0000  3.018751E-0003  2.966062E-0004  4.460665E-0004  1.500781E-0003  1.513889E-0003  1.242734E-0003  9.634582E-0003  1.133950E-0003  3.417294E-0003  6.712734E-0004
  3.018751E-0003  0.000000E+0000  8.516035E-0004  3.949123E-0003  3.537460E-0003  2.141454E-0003  1.858657E-0003  1.765219E-0003  5.434102E-0004  2.022393E-0003  2.934967E-0003
  2.966062E-0004  8.516035E-0004  0.000000E+0000  7.445970E-0004  6.315586E-0004  2.081803E-0004  3.961731E-0004  2.697787E-0003  4.740951E-0004  1.119708E-0003  6.999355E-0004
  4.460665E-0004  3.949123E-0003  7.445970E-0004  0.000000E+0000  3.600236E-0003  8.794658E-0004  3.916516E-0003  5.603970E-0003  4.321703E-0003  4.030777E-0003  6.928791E-0003
  1.500781E-0003  3.537460E-0003  6.315586E-0004  3.600236E-0003  0.000000E+0000  1.630439E-0003  3.200493E-0003  1.053496E-0002  3.048363E-0003  5.294733E-0003  2.862889E-0003
  1.513889E-0003  2.141454E-0003  2.081803E-0004  8.794658E-0004  1.630439E-0003  0.000000E+0000  2.922025E-0003  5.140770E-0003  2.078046E-0003  3.698960E-0003  5.915927E-0003
  1.242734E-0003  1.858657E-0003  3.961731E-0004  3.916516E-0003  3.200493E-0003  2.922025E-0003  0.000000E+0000  4.043803E-0003  3.686485E-0003  5.768427E-0003  3.284403E-0003
  9.634582E-0003  1.765219E-0003  2.697787E-0003  5.603970E-0003  1.053496E-0002  5.140770E-0003  4.043803E-0003  0.000000E+0000  1.774309E-0003  6.572973E-0003  4.723353E-0003
  1.133950E-0003  5.434102E-0004  4.740951E-0004  4.321703E-0003  3.048363E-0003  2.078046E-0003  3.686485E-0003  1.774309E-0003  0.000000E+0000  4.132234E-0003  4.223347E-0003
  3.417294E-0003  2.022393E-0003  1.119708E-0003  4.030777E-0003  5.294733E-0003  3.698960E-0003  5.768427E-0003  6.572973E-0003  4.132234E-0003  0.000000E+0000  1.269996E-0002
  6.712734E-0004  2.934967E-0003  6.999355E-0004  6.928791E-0003  2.862889E-0003  5.915927E-0003  3.284403E-0003  4.723353E-0003  4.223347E-0003  1.269996E-0002  0.000000E+0000

  0.000000E+0000  3.846283E-0003  6.961406E-0004  3.369837E-0003  7.156901E-0003  2.272187E-0003  2.228037E-0003  2.838743E-0003  6.326511E-0003  1.847642E-0003  3.663300E-0003
  3.846283E-0003  0.000000E+0000  1.687554E-0003  5.431776E-0003  1.037672E-0002  7.284786E-0003  3.579381E-0003  7.110974E-0004  5.518138E-0003  4.467869E-0003  6.545905E-0003
  6.961406E-0004  1.687554E-0003  0.000000E+0000  1.654515E-0003  1.736440E-0003  5.407927E-0004  1.719741E-0003  1.337277E-0003  1.741790E-0003  1.724320E-0003  2.219092E-0003
  3.369837E-0003  5.431776E-0003  1.654515E-0003  0.000000E+0000  2.976819E-0003  7.242474E-0003  3.616552E-0003  6.854230E-0003  5.281727E-0003  4.810349E-0003  3.195914E-0003
  7.156901E-0003  1.037672E-0002  1.736440E-0003  2.976819E-0003  0.000000E+0000  7.659412E-0003  6.050005E-0003  8.429090E-0003  8.677130E-0003  8.973624E-0003  1.759166E-0002
  2.272187E-0003  7.284786E-0003  5.407927E-0004  7.242474E-0003  7.659412E-0003  0.000000E+0000  1.241084E-0003  6.516276E-0003  5.317802E-0003  3.011271E-0003  5.883615E-0003
  2.228037E-0003  3.579381E-0003  1.719741E-0003  3.616552E-0003  6.050005E-0003  1.241084E-0003  0.000000E+0000  3.744531E-0003  3.592832E-0003  2.234504E-0003  3.135711E-0003
  2.838743E-0003  7.110974E-0004  1.337277E-0003  6.854230E-0003  8.429090E-0003  6.516276E-0003  3.744531E-0003  0.000000E+0000  6.106241E-0003  2.279006E-0003  4.610574E-0003
  6.326511E-0003  5.518138E-0003  1.741790E-0003  5.281727E-0003  8.677130E-0003  5.317802E-0003  3.592832E-0003  6.106241E-0003  0.000000E+0000  3.005832E-0003  5.385434E-0003
  1.847642E-0003  4.467869E-0003  1.724320E-0003  4.810349E-0003  8.973624E-0003  3.011271E-0003  2.234504E-0003  2.279006E-0003  3.005832E-0003  0.000000E+0000  6.511252E-0003
  3.663300E-0003  6.545905E-0003  2.219092E-0003  3.195914E-0003  1.759166E-0002  5.883615E-0003  3.135711E-0003  4.610574E-0003  5.385434E-0003  6.511252E-0003  0.000000E+0000
