6661999 = Ignore first line (new format code)
File name: E:\Folders\PhD\ISAD\ISAD_Curry_data\ISAD_EEGs\eLORETA\EEGs_128Hz_200sec-window\Clinical_v_Healthy\T1_clinical_all\F33-ROIlinLagConn-crss.txt
1 = Number of time frames in Time X Frequency decomposition
3 = Number of EEG files
11 = Number Electrodes
25600 = Number of time frames in EEG files
32768 = Number of time frames in EEG files power of 2
7 = Number of matrices
5 = Band type (1=Classical1; 2=Classical2; 3=DiscreteFreqs; 4=AllDiscreteFreqs; 5=UserDefinedBands)
 1.280000E+0002 = Sampling rate Hz
-1.000000E+0002 = Freq1 Hz
-1.000000E+0002 = Freq2 Hz
 3.906250E-0003 = Frequency resolution Hz

  0.000000E+0000  3.567894E-0002  2.701770E-0002  8.201431E-0002  4.638433E-0002  8.155370E-0002  5.052179E-0002  6.847104E-0002  5.292832E-0002  1.019951E-0001  8.204895E-0002
  3.567894E-0002  0.000000E+0000  2.691253E-0002  1.047372E-0002  6.795938E-0002  1.346004E-0002  2.222664E-0002  2.984347E-0002  3.760855E-0002  4.927697E-0002  2.733907E-0002
  2.701770E-0002  2.691253E-0002  0.000000E+0000  3.077406E-0002  1.717929E-0002  3.885846E-0002  3.458856E-0002  4.931953E-0002  1.376551E-0002  5.507477E-0002  4.598950E-0002
  8.201431E-0002  1.047372E-0002  3.077406E-0002  0.000000E+0000  1.280221E-0001  1.416400E-0002  9.891428E-0003  5.144552E-0002  4.344520E-0002  4.377839E-0002  1.885069E-0002
  4.638433E-0002  6.795938E-0002  1.717929E-0002  1.280221E-0001  0.000000E+0000  1.290154E-0001  9.820032E-0002  1.230240E-0001  8.274841E-0002  1.551324E-0001  1.364025E-0001
  8.155370E-0002  1.346004E-0002  3.885846E-0002  1.416400E-0002  1.290154E-0001  0.000000E+0000  1.936916E-0002  5.351801E-0002  6.755722E-0002  2.363299E-0002  1.877590E-0002
  5.052179E-0002  2.222664E-0002  3.458856E-0002  9.891428E-0003  9.820032E-0002  1.936916E-0002  0.000000E+0000  4.758003E-0002  6.783474E-0002  2.524951E-0002  1.987779E-0002
  6.847104E-0002  2.984347E-0002  4.931953E-0002  5.144552E-0002  1.230240E-0001  5.351801E-0002  4.758003E-0002  0.000000E+0000  6.084741E-0002  9.108062E-0002  7.946687E-0002
  5.292832E-0002  3.760855E-0002  1.376551E-0002  4.344520E-0002  8.274841E-0002  6.755722E-0002  6.783474E-0002  6.084741E-0002  0.000000E+0000  1.091901E-0001  1.060736E-0001
  1.019951E-0001  4.927697E-0002  5.507477E-0002  4.377839E-0002  1.551324E-0001  2.363299E-0002  2.524951E-0002  9.108062E-0002  1.091901E-0001  0.000000E+0000  2.791200E-0002
  8.204895E-0002  2.733907E-0002  4.598950E-0002  1.885069E-0002  1.364025E-0001  1.877590E-0002  1.987779E-0002  7.946687E-0002  1.060736E-0001  2.791200E-0002  0.000000E+0000

  0.000000E+0000  1.396662E-0004  6.741819E-0005  1.673404E-0003  7.269586E-0004  1.213523E-0003  2.948407E-0004  2.857099E-0004  1.346752E-0004  1.043357E-0003  5.648402E-0004
  1.396662E-0004  0.000000E+0000  2.223355E-0004  1.846880E-0003  1.027276E-0003  1.527390E-0003  7.761843E-0004  1.017388E-0003  4.910027E-0004  2.632244E-0003  8.718970E-0004
  6.741819E-0005  2.223355E-0004  0.000000E+0000  1.162729E-0003  7.286309E-0004  8.705532E-0004  1.713032E-0004  7.141872E-0004  1.744298E-0004  9.019893E-0004  3.000319E-0004
  1.673404E-0003  1.846880E-0003  1.162729E-0003  0.000000E+0000  2.032249E-0003  2.231926E-0003  1.866003E-0003  2.997276E-0003  2.296247E-0003  2.223019E-0003  2.870664E-0003
  7.269586E-0004  1.027276E-0003  7.286309E-0004  2.032249E-0003  0.000000E+0000  2.197900E-0003  1.706724E-0003  7.640465E-0004  1.304191E-0003  3.010673E-0003  2.038961E-0003
  1.213523E-0003  1.527390E-0003  8.705532E-0004  2.231926E-0003  2.197900E-0003  0.000000E+0000  2.058938E-0003  3.079215E-0003  2.263359E-0003  1.885890E-0003  2.878827E-0003
  2.948407E-0004  7.761843E-0004  1.713032E-0004  1.866003E-0003  1.706724E-0003  2.058938E-0003  0.000000E+0000  2.237763E-0003  1.099663E-0003  2.180565E-0004  4.871748E-0004
  2.857099E-0004  1.017388E-0003  7.141872E-0004  2.997276E-0003  7.640465E-0004  3.079215E-0003  2.237763E-0003  0.000000E+0000  1.948429E-0003  4.909171E-0003  4.786121E-0003
  1.346752E-0004  4.910027E-0004  1.744298E-0004  2.296247E-0003  1.304191E-0003  2.263359E-0003  1.099663E-0003  1.948429E-0003  0.000000E+0000  3.781228E-0003  1.568645E-0003
  1.043357E-0003  2.632244E-0003  9.019893E-0004  2.223019E-0003  3.010673E-0003  1.885890E-0003  2.180565E-0004  4.909171E-0003  3.781228E-0003  0.000000E+0000  2.550002E-0003
  5.648402E-0004  8.718970E-0004  3.000319E-0004  2.870664E-0003  2.038961E-0003  2.878827E-0003  4.871748E-0004  4.786121E-0003  1.568645E-0003  2.550002E-0003  0.000000E+0000

  0.000000E+0000  5.687576E-0004  8.572507E-0005  1.040234E-0003  5.336478E-0004  5.571801E-0004  3.705617E-0004  4.841447E-0004  2.831491E-0004  4.212559E-0004  1.148800E-0003
  5.687576E-0004  0.000000E+0000  7.361107E-0005  6.187256E-0004  7.315032E-0004  1.985443E-0004  5.483725E-0004  6.004255E-0004  4.779234E-0004  2.845349E-0004  1.700272E-0003
  8.572507E-0005  7.361107E-0005  0.000000E+0000  1.193499E-0004  1.441041E-0004  3.744088E-0004  1.182265E-0004  9.296511E-0005  3.339001E-0005  1.283841E-0004  7.282293E-0004
  1.040234E-0003  6.187256E-0004  1.193499E-0004  0.000000E+0000  1.356784E-0003  7.709339E-0004  1.046805E-0004  2.388105E-0003  1.089466E-0004  3.024950E-0004  5.613774E-0004
  5.336478E-0004  7.315032E-0004  1.441041E-0004  1.356784E-0003  0.000000E+0000  7.318744E-0004  3.067142E-0004  1.480517E-0003  5.088192E-0004  4.586401E-0004  8.315384E-0004
  5.571801E-0004  1.985443E-0004  3.744088E-0004  7.709339E-0004  7.318744E-0004  0.000000E+0000  5.904454E-0004  7.581850E-0004  8.554323E-0004  3.329843E-0004  1.444986E-0003
  3.705617E-0004  5.483725E-0004  1.182265E-0004  1.046805E-0004  3.067142E-0004  5.904454E-0004  0.000000E+0000  9.631131E-0004  5.162124E-0004  3.341634E-0004  2.896930E-0004
  4.841447E-0004  6.004255E-0004  9.296511E-0005  2.388105E-0003  1.480517E-0003  7.581850E-0004  9.631131E-0004  0.000000E+0000  6.049344E-0004  7.824735E-0004  2.164830E-0003
  2.831491E-0004  4.779234E-0004  3.339001E-0005  1.089466E-0004  5.088192E-0004  8.554323E-0004  5.162124E-0004  6.049344E-0004  0.000000E+0000  4.423554E-0004  2.153520E-0003
  4.212559E-0004  2.845349E-0004  1.283841E-0004  3.024950E-0004  4.586401E-0004  3.329843E-0004  3.341634E-0004  7.824735E-0004  4.423554E-0004  0.000000E+0000  2.194253E-0003
  1.148800E-0003  1.700272E-0003  7.282293E-0004  5.613774E-0004  8.315384E-0004  1.444986E-0003  2.896930E-0004  2.164830E-0003  2.153520E-0003  2.194253E-0003  0.000000E+0000

  0.000000E+0000  1.655949E-0004  6.591997E-0004  3.187642E-0003  1.268073E-0003  2.621541E-0003  2.560882E-0004  8.878897E-0004  7.936823E-0004  9.962391E-0004  3.478615E-0004
  1.655949E-0004  0.000000E+0000  1.132234E-0004  4.703665E-0004  4.818544E-0004  5.633136E-0004  3.235221E-0004  6.766206E-0004  3.027544E-0004  4.561582E-0004  8.019066E-0004
  6.591997E-0004  1.132234E-0004  0.000000E+0000  7.854138E-0004  8.079482E-0004  7.025767E-0004  7.096454E-0005  7.380153E-0004  2.726940E-0004  2.736029E-0004  1.717648E-0004
  3.187642E-0003  4.703665E-0004  7.854138E-0004  0.000000E+0000  3.429192E-0003  3.683554E-0003  2.449416E-0003  4.276782E-0003  2.010553E-0003  3.853054E-0003  4.004378E-0003
  1.268073E-0003  4.818544E-0004  8.079482E-0004  3.429192E-0003  0.000000E+0000  3.037515E-0003  1.090673E-0003  1.531646E-0003  1.534513E-0003  1.646648E-0003  1.962801E-0003
  2.621541E-0003  5.633136E-0004  7.025767E-0004  3.683554E-0003  3.037515E-0003  0.000000E+0000  1.186588E-0003  3.501638E-0003  2.194699E-0003  1.521411E-0003  2.589263E-0003
  2.560882E-0004  3.235221E-0004  7.096454E-0005  2.449416E-0003  1.090673E-0003  1.186588E-0003  0.000000E+0000  9.653067E-0004  2.110552E-0004  1.380452E-0003  9.888349E-0004
  8.878897E-0004  6.766206E-0004  7.380153E-0004  4.276782E-0003  1.531646E-0003  3.501638E-0003  9.653067E-0004  0.000000E+0000  1.391722E-0003  2.560745E-0003  1.518874E-0003
  7.936823E-0004  3.027544E-0004  2.726940E-0004  2.010553E-0003  1.534513E-0003  2.194699E-0003  2.110552E-0004  1.391722E-0003  0.000000E+0000  1.093183E-0003  3.021140E-0004
  9.962391E-0004  4.561582E-0004  2.736029E-0004  3.853054E-0003  1.646648E-0003  1.521411E-0003  1.380452E-0003  2.560745E-0003  1.093183E-0003  0.000000E+0000  1.604623E-0003
  3.478615E-0004  8.019066E-0004  1.717648E-0004  4.004378E-0003  1.962801E-0003  2.589263E-0003  9.888349E-0004  1.518874E-0003  3.021140E-0004  1.604623E-0003  0.000000E+0000

  0.000000E+0000  1.178666E-0002  9.785503E-0004  4.682103E-0002  1.414103E-0002  3.847084E-0002  1.228192E-0002  1.309202E-0002  8.602603E-0003  2.903566E-0002  1.826866E-0002
  1.178666E-0002  0.000000E+0000  7.610484E-0003  7.127172E-0003  1.365895E-0002  9.288136E-0003  1.128006E-0002  1.052747E-0002  1.521042E-0002  2.006360E-0002  4.394039E-0003
  9.785503E-0004  7.610484E-0003  0.000000E+0000  3.215565E-0002  1.134489E-0002  2.623377E-0002  6.427997E-0003  7.946194E-0003  3.087471E-0003  1.924161E-0002  1.258445E-0002
  4.682103E-0002  7.127172E-0003  3.215565E-0002  0.000000E+0000  6.431387E-0002  8.705299E-0003  3.370238E-0002  2.337714E-0002  5.658460E-0002  1.019032E-0001  5.999156E-0002
  1.414103E-0002  1.365895E-0002  1.134489E-0002  6.431387E-0002  0.000000E+0000  4.364543E-0002  2.281442E-0002  2.284303E-0002  3.040838E-0002  5.224176E-0002  3.287869E-0002
  3.847084E-0002  9.288136E-0003  2.623377E-0002  8.705299E-0003  4.364543E-0002  0.000000E+0000  2.190540E-0002  3.205698E-0002  4.640302E-0002  5.310728E-0002  4.434297E-0002
  1.228192E-0002  1.128006E-0002  6.427997E-0003  3.370238E-0002  2.281442E-0002  2.190540E-0002  0.000000E+0000  3.572220E-0002  1.422336E-0002  1.355339E-0002  2.276888E-0003
  1.309202E-0002  1.052747E-0002  7.946194E-0003  2.337714E-0002  2.284303E-0002  3.205698E-0002  3.572220E-0002  0.000000E+0000  2.176266E-0002  3.488117E-0002  7.910446E-0003
  8.602603E-0003  1.521042E-0002  3.087471E-0003  5.658460E-0002  3.040838E-0002  4.640302E-0002  1.422336E-0002  2.176266E-0002  0.000000E+0000  3.628479E-0002  2.571619E-0002
  2.903566E-0002  2.006360E-0002  1.924161E-0002  1.019032E-0001  5.224176E-0002  5.310728E-0002  1.355339E-0002  3.488117E-0002  3.628479E-0002  0.000000E+0000  3.761904E-0002
  1.826866E-0002  4.394039E-0003  1.258445E-0002  5.999156E-0002  3.287869E-0002  4.434297E-0002  2.276888E-0003  7.910446E-0003  2.571619E-0002  3.761904E-0002  0.000000E+0000

  0.000000E+0000  7.960198E-0003  9.919343E-0004  4.483043E-0003  9.171545E-0003  8.614654E-0003  5.752468E-0003  5.914893E-0003  1.074753E-0003  6.779488E-0003  6.754357E-0003
  7.960198E-0003  0.000000E+0000  4.217861E-0003  1.801548E-0002  1.050392E-0002  1.862955E-0002  2.502332E-0003  6.471496E-0003  7.604138E-0003  1.044929E-0002  5.223896E-0003
  9.919343E-0004  4.217861E-0003  0.000000E+0000  2.116527E-0003  6.751009E-0003  4.062260E-0003  6.990304E-0004  3.132093E-0003  1.369718E-0004  4.806251E-0003  2.422845E-0003
  4.483043E-0003  1.801548E-0002  2.116527E-0003  0.000000E+0000  6.190909E-0003  2.951977E-0002  7.764306E-0003  1.865982E-0002  5.249585E-0003  1.866028E-0002  1.186851E-0002
  9.171545E-0003  1.050392E-0002  6.751009E-0003  6.190909E-0003  0.000000E+0000  5.205825E-0003  2.636331E-0003  7.335506E-0003  8.997578E-0003  9.074195E-0003  9.964077E-0003
  8.614654E-0003  1.862955E-0002  4.062260E-0003  2.951977E-0002  5.205825E-0003  0.000000E+0000  5.528268E-0003  2.631599E-0002  9.189194E-0003  2.101413E-0002  8.988609E-0003
  5.752468E-0003  2.502332E-0003  6.990304E-0004  7.764306E-0003  2.636331E-0003  5.528268E-0003  0.000000E+0000  1.622622E-0002  5.010255E-0003  7.923719E-0003  6.693362E-0003
  5.914893E-0003  6.471496E-0003  3.132093E-0003  1.865982E-0002  7.335506E-0003  2.631599E-0002  1.622622E-0002  0.000000E+0000  5.183103E-0003  1.502975E-0002  1.969418E-0002
  1.074753E-0003  7.604138E-0003  1.369718E-0004  5.249585E-0003  8.997578E-0003  9.189194E-0003  5.010255E-0003  5.183103E-0003  0.000000E+0000  8.776454E-0003  8.845968E-0003
  6.779488E-0003  1.044929E-0002  4.806251E-0003  1.866028E-0002  9.074195E-0003  2.101413E-0002  7.923719E-0003  1.502975E-0002  8.776454E-0003  0.000000E+0000  1.588779E-0002
  6.754357E-0003  5.223896E-0003  2.422845E-0003  1.186851E-0002  9.964077E-0003  8.988609E-0003  6.693362E-0003  1.969418E-0002  8.845968E-0003  1.588779E-0002  0.000000E+0000

  0.000000E+0000  4.049024E-0004  3.466475E-0004  3.111587E-0003  1.495357E-0003  2.136207E-0003  9.207809E-0004  4.843895E-0004  1.718652E-0004  1.555441E-0003  1.419127E-0003
  4.049024E-0004  0.000000E+0000  5.434087E-0004  3.715499E-0003  1.421182E-0003  2.634069E-0003  1.020290E-0003  1.493953E-0003  7.736328E-0004  1.525152E-0003  1.817511E-0003
  3.466475E-0004  5.434087E-0004  0.000000E+0000  5.409564E-0004  4.885398E-0004  4.894561E-0004  9.140872E-0005  8.868715E-0004  6.498789E-0005  6.133056E-0004  1.969372E-0004
  3.111587E-0003  3.715499E-0003  5.409564E-0004  0.000000E+0000  3.815187E-0003  6.886336E-0003  9.033886E-0004  7.540227E-0003  8.718869E-0004  5.014875E-0003  8.350228E-0004
  1.495357E-0003  1.421182E-0003  4.885398E-0004  3.815187E-0003  0.000000E+0000  3.526553E-0003  1.599882E-0003  4.181632E-0003  8.232322E-0004  3.228927E-0003  1.901531E-0003
  2.136207E-0003  2.634069E-0003  4.894561E-0004  6.886336E-0003  3.526553E-0003  0.000000E+0000  2.423089E-0003  6.831630E-0003  1.129004E-0003  3.881550E-0003  2.946159E-0003
  9.207809E-0004  1.020290E-0003  9.140872E-0005  9.033886E-0004  1.599882E-0003  2.423089E-0003  0.000000E+0000  1.649262E-0003  2.914462E-0004  1.215014E-0003  1.796433E-0003
  4.843895E-0004  1.493953E-0003  8.868715E-0004  7.540227E-0003  4.181632E-0003  6.831630E-0003  1.649262E-0003  0.000000E+0000  5.006540E-0004  3.244972E-0003  2.703468E-0003
  1.718652E-0004  7.736328E-0004  6.498789E-0005  8.718869E-0004  8.232322E-0004  1.129004E-0003  2.914462E-0004  5.006540E-0004  0.000000E+0000  4.547308E-0004  4.197151E-0004
  1.555441E-0003  1.525152E-0003  6.133056E-0004  5.014875E-0003  3.228927E-0003  3.881550E-0003  1.215014E-0003  3.244972E-0003  4.547308E-0004  0.000000E+0000  2.917769E-0003
  1.419127E-0003  1.817511E-0003  1.969372E-0004  8.350228E-0004  1.901531E-0003  2.946159E-0003  1.796433E-0003  2.703468E-0003  4.197151E-0004  2.917769E-0003  0.000000E+0000
