6661999 = Ignore first line (new format code)
File name: E:\Folders\PhD\ISAD\ISAD_Curry_data\ISAD_EEGs\eLORETA\EEGs_128Hz_200sec-window\Clinical_v_Healthy\T1_clinical_all\F34-ROIlinLagConn-crss.txt
1 = Number of time frames in Time X Frequency decomposition
3 = Number of EEG files
11 = Number Electrodes
25600 = Number of time frames in EEG files
32768 = Number of time frames in EEG files power of 2
7 = Number of matrices
5 = Band type (1=Classical1; 2=Classical2; 3=DiscreteFreqs; 4=AllDiscreteFreqs; 5=UserDefinedBands)
 1.280000E+0002 = Sampling rate Hz
-1.000000E+0002 = Freq1 Hz
-1.000000E+0002 = Freq2 Hz
 3.906250E-0003 = Frequency resolution Hz

  0.000000E+0000  2.294764E-0003  6.414186E-0004  3.745039E-0003  3.374142E-0003  3.342322E-0003  1.321639E-0003  3.284413E-0003  2.522009E-0003  3.285909E-0003  5.403583E-0003
  2.294764E-0003  0.000000E+0000  7.653890E-0004  1.060372E-0002  9.633766E-0003  7.712561E-0003  1.471546E-0003  1.112898E-0003  4.061986E-0003  7.850099E-0003  1.375969E-0002
  6.414186E-0004  7.653890E-0004  0.000000E+0000  4.951241E-0003  2.674739E-0003  6.279295E-0003  5.481659E-0003  1.602471E-0003  9.350178E-0004  2.568489E-0003  5.419737E-0003
  3.745039E-0003  1.060372E-0002  4.951241E-0003  0.000000E+0000  2.101369E-0002  1.338526E-0002  9.825983E-0003  2.390057E-0002  1.561108E-0002  1.907642E-0002  9.174082E-0003
  3.374142E-0003  9.633766E-0003  2.674739E-0003  2.101369E-0002  0.000000E+0000  2.477356E-0002  3.968066E-0003  1.283683E-0002  9.748055E-0003  2.586133E-0002  1.245911E-0002
  3.342322E-0003  7.712561E-0003  6.279295E-0003  1.338526E-0002  2.477356E-0002  0.000000E+0000  1.155268E-0002  9.673874E-0003  1.899295E-0002  2.451269E-0002  1.956328E-0002
  1.321639E-0003  1.471546E-0003  5.481659E-0003  9.825983E-0003  3.968066E-0003  1.155268E-0002  0.000000E+0000  2.682359E-0003  1.734736E-0002  2.299780E-0002  6.553665E-0003
  3.284413E-0003  1.112898E-0003  1.602471E-0003  2.390057E-0002  1.283683E-0002  9.673874E-0003  2.682359E-0003  0.000000E+0000  6.239945E-0003  1.348494E-0002  2.021600E-0002
  2.522009E-0003  4.061986E-0003  9.350178E-0004  1.561108E-0002  9.748055E-0003  1.899295E-0002  1.734736E-0002  6.239945E-0003  0.000000E+0000  4.806752E-0003  1.831724E-0002
  3.285909E-0003  7.850099E-0003  2.568489E-0003  1.907642E-0002  2.586133E-0002  2.451269E-0002  2.299780E-0002  1.348494E-0002  4.806752E-0003  0.000000E+0000  2.573433E-0002
  5.403583E-0003  1.375969E-0002  5.419737E-0003  9.174082E-0003  1.245911E-0002  1.956328E-0002  6.553665E-0003  2.021600E-0002  1.831724E-0002  2.573433E-0002  0.000000E+0000

  0.000000E+0000  2.665298E-0004  3.951232E-0005  1.553926E-0004  5.904591E-0004  2.039308E-0004  5.957293E-0005  3.659034E-0004  9.047526E-0005  1.620025E-0004  3.047804E-0004
  2.665298E-0004  0.000000E+0000  6.469125E-0005  3.803438E-0004  1.824031E-0003  3.183279E-0005  6.247711E-0005  4.580914E-0004  1.833468E-0004  3.359790E-0004  6.732399E-0004
  3.951232E-0005  6.469125E-0005  0.000000E+0000  2.036219E-0004  5.852502E-0005  2.423506E-0004  1.637328E-0004  1.162446E-0004  1.031506E-0004  9.828086E-0005  2.605318E-0004
  1.553926E-0004  3.803438E-0004  2.036219E-0004  0.000000E+0000  1.283749E-0003  3.655703E-0004  2.053755E-0004  6.073355E-0004  3.956823E-0004  2.020172E-0004  8.146403E-0004
  5.904591E-0004  1.824031E-0003  5.852502E-0005  1.283749E-0003  0.000000E+0000  8.935946E-0004  3.521846E-0004  2.404548E-0003  5.551017E-0004  1.022397E-0003  9.174032E-0004
  2.039308E-0004  3.183279E-0005  2.423506E-0004  3.655703E-0004  8.935946E-0004  0.000000E+0000  1.570788E-0004  1.930629E-0004  4.778897E-0004  2.825544E-0004  8.756035E-0004
  5.957293E-0005  6.247711E-0005  1.637328E-0004  2.053755E-0004  3.521846E-0004  1.570788E-0004  0.000000E+0000  8.347800E-0005  2.773380E-0004  1.600039E-0004  3.056727E-0004
  3.659034E-0004  4.580914E-0004  1.162446E-0004  6.073355E-0004  2.404548E-0003  1.930629E-0004  8.347800E-0005  0.000000E+0000  3.288429E-0004  4.154805E-0004  9.411232E-0004
  9.047526E-0005  1.833468E-0004  1.031506E-0004  3.956823E-0004  5.551017E-0004  4.778897E-0004  2.773380E-0004  3.288429E-0004  0.000000E+0000  1.878693E-0004  4.908139E-0004
  1.620025E-0004  3.359790E-0004  9.828086E-0005  2.020172E-0004  1.022397E-0003  2.825544E-0004  1.600039E-0004  4.154805E-0004  1.878693E-0004  0.000000E+0000  1.079811E-0003
  3.047804E-0004  6.732399E-0004  2.605318E-0004  8.146403E-0004  9.174032E-0004  8.756035E-0004  3.056727E-0004  9.411232E-0004  4.908139E-0004  1.079811E-0003  0.000000E+0000

  0.000000E+0000  1.347735E-0004  2.254055E-0004  1.537978E-0004  2.305207E-0004  2.225857E-0004  9.454291E-0005  2.227343E-0004  3.987108E-0004  1.965571E-0004  1.699123E-0004
  1.347735E-0004  0.000000E+0000  2.790701E-0004  2.216665E-0004  3.294991E-0004  3.786244E-0004  3.463280E-0004  2.410320E-0004  3.652656E-0004  1.068783E-0004  2.588045E-0004
  2.254055E-0004  2.790701E-0004  0.000000E+0000  1.875750E-0004  3.988018E-0004  1.229543E-0004  7.286149E-0005  5.016163E-0004  3.751419E-0004  1.390560E-0004  1.976180E-0004
  1.537978E-0004  2.216665E-0004  1.875750E-0004  0.000000E+0000  3.747465E-0004  2.099638E-0004  1.931183E-0004  3.923893E-0004  4.373150E-0004  1.328287E-0004  4.141858E-0004
  2.305207E-0004  3.294991E-0004  3.988018E-0004  3.747465E-0004  0.000000E+0000  5.136387E-0004  1.081794E-0004  5.100732E-0004  8.276629E-0004  4.796881E-0004  3.523011E-0004
  2.225857E-0004  3.786244E-0004  1.229543E-0004  2.099638E-0004  5.136387E-0004  0.000000E+0000  1.925030E-0004  5.878217E-0004  5.099455E-0004  2.544455E-0004  5.301010E-0004
  9.454291E-0005  3.463280E-0004  7.286149E-0005  1.931183E-0004  1.081794E-0004  1.925030E-0004  0.000000E+0000  5.241648E-0004  2.720703E-0004  2.403398E-0004  1.927908E-0004
  2.227343E-0004  2.410320E-0004  5.016163E-0004  3.923893E-0004  5.100732E-0004  5.878217E-0004  5.241648E-0004  0.000000E+0000  7.806153E-0004  2.836643E-0004  5.788141E-0004
  3.987108E-0004  3.652656E-0004  3.751419E-0004  4.373150E-0004  8.276629E-0004  5.099455E-0004  2.720703E-0004  7.806153E-0004  0.000000E+0000  6.249209E-0004  5.064940E-0004
  1.965571E-0004  1.068783E-0004  1.390560E-0004  1.328287E-0004  4.796881E-0004  2.544455E-0004  2.403398E-0004  2.836643E-0004  6.249209E-0004  0.000000E+0000  5.384461E-0004
  1.699123E-0004  2.588045E-0004  1.976180E-0004  4.141858E-0004  3.523011E-0004  5.301010E-0004  1.927908E-0004  5.788141E-0004  5.064940E-0004  5.384461E-0004  0.000000E+0000

  0.000000E+0000  7.847634E-0004  1.194204E-0004  1.537372E-0003  5.942120E-0004  4.493677E-0004  1.210255E-0003  1.066601E-0003  2.443576E-0004  6.107147E-0004  6.251187E-0004
  7.847634E-0004  0.000000E+0000  1.434780E-0004  2.795806E-0004  2.008443E-0003  9.063852E-0004  1.378395E-0003  1.988965E-0003  2.175042E-0003  6.055011E-0004  3.369780E-0003
  1.194204E-0004  1.434780E-0004  0.000000E+0000  3.180472E-0004  2.984314E-0004  3.823918E-0004  2.535975E-0004  2.575041E-0004  2.616196E-0004  3.983568E-0004  3.210155E-0004
  1.537372E-0003  2.795806E-0004  3.180472E-0004  0.000000E+0000  5.048656E-0003  1.876289E-0003  2.570452E-0003  5.028341E-0003  4.383570E-0003  2.963624E-0004  4.585776E-0003
  5.942120E-0004  2.008443E-0003  2.984314E-0004  5.048656E-0003  0.000000E+0000  2.913462E-0003  1.231585E-0003  2.539841E-0003  2.128014E-0003  3.650956E-0003  2.198516E-0003
  4.493677E-0004  9.063852E-0004  3.823918E-0004  1.876289E-0003  2.913462E-0003  0.000000E+0000  1.691638E-0003  2.841900E-0003  2.047948E-0003  2.065283E-0003  2.011977E-0003
  1.210255E-0003  1.378395E-0003  2.535975E-0004  2.570452E-0003  1.231585E-0003  1.691638E-0003  0.000000E+0000  2.616985E-0003  3.447533E-0003  1.609228E-0003  3.229865E-0003
  1.066601E-0003  1.988965E-0003  2.575041E-0004  5.028341E-0003  2.539841E-0003  2.841900E-0003  2.616985E-0003  0.000000E+0000  3.159462E-0003  3.330420E-0003  4.682924E-0003
  2.443576E-0004  2.175042E-0003  2.616196E-0004  4.383570E-0003  2.128014E-0003  2.047948E-0003  3.447533E-0003  3.159462E-0003  0.000000E+0000  2.936196E-0003  2.355471E-0003
  6.107147E-0004  6.055011E-0004  3.983568E-0004  2.963624E-0004  3.650956E-0003  2.065283E-0003  1.609228E-0003  3.330420E-0003  2.936196E-0003  0.000000E+0000  3.470480E-0003
  6.251187E-0004  3.369780E-0003  3.210155E-0004  4.585776E-0003  2.198516E-0003  2.011977E-0003  3.229865E-0003  4.682924E-0003  2.355471E-0003  3.470480E-0003  0.000000E+0000

  0.000000E+0000  2.671025E-0002  7.202477E-0003  5.992080E-0002  2.410049E-0002  5.812228E-0002  1.821881E-0002  7.617898E-0002  4.599361E-0002  5.969067E-0002  7.128404E-0002
  2.671025E-0002  0.000000E+0000  1.944861E-0003  3.258250E-0002  6.507992E-0002  6.175107E-0002  1.863257E-0002  5.928416E-0002  2.948255E-0002  3.531775E-0002  4.153175E-0002
  7.202477E-0003  1.944861E-0003  0.000000E+0000  6.002713E-0003  1.247851E-0002  1.856259E-0002  5.098687E-0003  1.872041E-0002  1.172056E-0002  5.077022E-0003  7.390284E-0003
  5.992080E-0002  3.258250E-0002  6.002713E-0003  0.000000E+0000  1.420186E-0001  1.479110E-0001  3.574173E-0002  2.732351E-0001  1.587537E-0001  3.188759E-0002  2.294343E-0001
  2.410049E-0002  6.507992E-0002  1.247851E-0002  1.420186E-0001  0.000000E+0000  1.437390E-0001  5.194746E-0002  2.367738E-0001  1.435763E-0001  1.445210E-0001  2.539790E-0001
  5.812228E-0002  6.175107E-0002  1.856259E-0002  1.479110E-0001  1.437390E-0001  0.000000E+0000  4.875146E-0002  2.736049E-0001  1.652185E-0001  1.564881E-0001  2.977722E-0001
  1.821881E-0002  1.863257E-0002  5.098687E-0003  3.574173E-0002  5.194746E-0002  4.875146E-0002  0.000000E+0000  5.306675E-0002  3.416453E-0002  3.413093E-0002  5.665188E-0002
  7.617898E-0002  5.928416E-0002  1.872041E-0002  2.732351E-0001  2.367738E-0001  2.736049E-0001  5.306675E-0002  0.000000E+0000  9.062616E-0002  2.845303E-0001  2.219035E-0001
  4.599361E-0002  2.948255E-0002  1.172056E-0002  1.587537E-0001  1.435763E-0001  1.652185E-0001  3.416453E-0002  9.062616E-0002  0.000000E+0000  1.682582E-0001  1.393337E-0001
  5.969067E-0002  3.531775E-0002  5.077022E-0003  3.188759E-0002  1.445210E-0001  1.564881E-0001  3.413093E-0002  2.845303E-0001  1.682582E-0001  0.000000E+0000  3.090104E-0001
  7.128404E-0002  4.153175E-0002  7.390284E-0003  2.294343E-0001  2.539790E-0001  2.977722E-0001  5.665188E-0002  2.219035E-0001  1.393337E-0001  3.090104E-0001  0.000000E+0000

  0.000000E+0000  1.887866E-0003  6.416143E-0004  3.197249E-0003  1.882640E-0003  1.829993E-0003  3.433179E-0004  2.125524E-0003  3.548867E-0003  2.359688E-0003  1.538103E-0003
  1.887866E-0003  0.000000E+0000  4.805532E-0004  6.523618E-0004  4.418819E-0003  7.793375E-0004  7.035625E-0004  3.513678E-0003  5.252486E-0003  7.634755E-0004  1.045024E-0003
  6.416143E-0004  4.805532E-0004  0.000000E+0000  2.429081E-0003  2.124862E-0003  2.481396E-0003  4.251842E-0004  1.195030E-0003  4.803956E-0004  2.559269E-0003  2.111346E-0003
  3.197249E-0003  6.523618E-0004  2.429081E-0003  0.000000E+0000  1.126294E-0002  2.435137E-0003  1.615936E-0003  7.771835E-0003  1.364552E-0002  2.329953E-0003  5.324986E-0003
  1.882640E-0003  4.418819E-0003  2.124862E-0003  1.126294E-0002  0.000000E+0000  4.660477E-0003  9.025589E-0004  7.957419E-0003  9.617914E-0003  6.657887E-0003  6.550294E-0003
  1.829993E-0003  7.793375E-0004  2.481396E-0003  2.435137E-0003  4.660477E-0003  0.000000E+0000  1.187325E-0003  4.561229E-0003  1.098496E-0002  1.323599E-0003  5.852901E-0003
  3.433179E-0004  7.035625E-0004  4.251842E-0004  1.615936E-0003  9.025589E-0004  1.187325E-0003  0.000000E+0000  1.712332E-0003  1.990783E-0003  1.253790E-0003  2.005007E-0003
  2.125524E-0003  3.513678E-0003  1.195030E-0003  7.771835E-0003  7.957419E-0003  4.561229E-0003  1.712332E-0003  0.000000E+0000  8.643690E-0003  5.157740E-0003  5.380260E-0003
  3.548867E-0003  5.252486E-0003  4.803956E-0004  1.364552E-0002  9.617914E-0003  1.098496E-0002  1.990783E-0003  8.643690E-0003  0.000000E+0000  1.270453E-0002  8.784779E-0003
  2.359688E-0003  7.634755E-0004  2.559269E-0003  2.329953E-0003  6.657887E-0003  1.323599E-0003  1.253790E-0003  5.157740E-0003  1.270453E-0002  0.000000E+0000  7.066746E-0003
  1.538103E-0003  1.045024E-0003  2.111346E-0003  5.324986E-0003  6.550294E-0003  5.852901E-0003  2.005007E-0003  5.380260E-0003  8.784779E-0003  7.066746E-0003  0.000000E+0000

  0.000000E+0000  1.743474E-0004  8.657102E-0005  7.613564E-0005  9.878555E-0005  5.701475E-0005  1.135554E-0004  2.266769E-0004  1.321546E-0004  9.585629E-0005  1.181530E-0004
  1.743474E-0004  0.000000E+0000  9.232121E-0005  3.268322E-0005  5.165875E-0004  9.351151E-0005  6.480906E-0005  5.078485E-0004  3.275777E-0004  1.415227E-0004  2.272391E-0004
  8.657102E-0005  9.232121E-0005  0.000000E+0000  3.102248E-0004  4.225751E-0004  5.063399E-0004  1.601192E-0004  4.773029E-0004  5.271675E-0005  1.311920E-0004  4.881066E-0004
  7.613564E-0005  3.268322E-0005  3.102248E-0004  0.000000E+0000  5.803216E-0004  1.875744E-0004  7.274524E-0005  2.324919E-0004  5.658858E-0004  1.517585E-0004  5.511189E-0004
  9.878555E-0005  5.165875E-0004  4.225751E-0004  5.803216E-0004  0.000000E+0000  5.339998E-0004  2.919679E-0004  8.462387E-0004  5.835852E-0004  1.553341E-0004  2.540775E-0004
  5.701475E-0005  9.351151E-0005  5.063399E-0004  1.875744E-0004  5.339998E-0004  0.000000E+0000  1.132466E-0004  2.456257E-0004  9.579887E-0004  1.990564E-0004  3.324646E-0004
  1.135554E-0004  6.480906E-0005  1.601192E-0004  7.274524E-0005  2.919679E-0004  1.132466E-0004  0.000000E+0000  1.662874E-0004  2.143633E-0004  2.388849E-0005  6.773459E-0005
  2.266769E-0004  5.078485E-0004  4.773029E-0004  2.324919E-0004  8.462387E-0004  2.456257E-0004  1.662874E-0004  0.000000E+0000  7.905271E-0004  1.934687E-0004  3.513150E-0004
  1.321546E-0004  3.275777E-0004  5.271675E-0005  5.658858E-0004  5.835852E-0004  9.579887E-0004  2.143633E-0004  7.905271E-0004  0.000000E+0000  2.091119E-0004  6.114147E-0004
  9.585629E-0005  1.415227E-0004  1.311920E-0004  1.517585E-0004  1.553341E-0004  1.990564E-0004  2.388849E-0005  1.934687E-0004  2.091119E-0004  0.000000E+0000  2.191018E-0004
  1.181530E-0004  2.272391E-0004  4.881066E-0004  5.511189E-0004  2.540775E-0004  3.324646E-0004  6.773459E-0005  3.513150E-0004  6.114147E-0004  2.191018E-0004  0.000000E+0000
