6661999 = Ignore first line (new format code)
File name: E:\Folders\PhD\ISAD\ISAD_Curry_data\ISAD_EEGs\eLORETA\EEGs_128Hz_200sec-window\Clinical_v_Healthy\T1_clinical_all\F35-ROIlinLagConn-crss.txt
1 = Number of time frames in Time X Frequency decomposition
3 = Number of EEG files
11 = Number Electrodes
25600 = Number of time frames in EEG files
32768 = Number of time frames in EEG files power of 2
7 = Number of matrices
5 = Band type (1=Classical1; 2=Classical2; 3=DiscreteFreqs; 4=AllDiscreteFreqs; 5=UserDefinedBands)
 1.280000E+0002 = Sampling rate Hz
-1.000000E+0002 = Freq1 Hz
-1.000000E+0002 = Freq2 Hz
 3.906250E-0003 = Frequency resolution Hz

  0.000000E+0000  9.579794E-0003  2.903817E-0003  7.868472E-0003  6.687318E-0003  1.415387E-0002  3.662315E-0002  7.287318E-0003  1.172982E-0002  1.139533E-0002  2.544683E-0002
  9.579794E-0003  0.000000E+0000  2.630901E-0003  3.637437E-0003  1.462431E-0002  1.930925E-0002  2.943117E-0002  9.002957E-0003  1.698615E-0002  2.059509E-0002  1.858201E-0002
  2.903817E-0003  2.630901E-0003  0.000000E+0000  4.374018E-0003  7.678398E-0003  1.530934E-0002  5.569146E-0003  4.523805E-0003  3.021440E-0003  1.451194E-0002  1.754248E-0003
  7.868472E-0003  3.637437E-0003  4.374018E-0003  0.000000E+0000  9.935459E-0003  7.687910E-0003  3.589082E-0002  8.130335E-0003  2.352070E-0002  2.080858E-0002  3.363238E-0002
  6.687318E-0003  1.462431E-0002  7.678398E-0003  9.935459E-0003  0.000000E+0000  7.994406E-0002  1.003851E-0001  3.180167E-0002  3.947204E-0002  8.478422E-0002  7.370111E-0002
  1.415387E-0002  1.930925E-0002  1.530934E-0002  7.687910E-0003  7.994406E-0002  0.000000E+0000  5.000859E-0002  1.754924E-0002  3.239230E-0002  7.455349E-0003  4.579480E-0002
  3.662315E-0002  2.943117E-0002  5.569146E-0003  3.589082E-0002  1.003851E-0001  5.000859E-0002  0.000000E+0000  3.078530E-0002  4.828946E-0002  2.566573E-0002  5.567392E-0002
  7.287318E-0003  9.002957E-0003  4.523805E-0003  8.130335E-0003  3.180167E-0002  1.754924E-0002  3.078530E-0002  0.000000E+0000  3.004580E-0002  1.454228E-0002  3.137461E-0002
  1.172982E-0002  1.698615E-0002  3.021440E-0003  2.352070E-0002  3.947204E-0002  3.239230E-0002  4.828946E-0002  3.004580E-0002  0.000000E+0000  1.503803E-0002  2.803023E-0002
  1.139533E-0002  2.059509E-0002  1.451194E-0002  2.080858E-0002  8.478422E-0002  7.455349E-0003  2.566573E-0002  1.454228E-0002  1.503803E-0002  0.000000E+0000  4.229250E-0002
  2.544683E-0002  1.858201E-0002  1.754248E-0003  3.363238E-0002  7.370111E-0002  4.579480E-0002  5.567392E-0002  3.137461E-0002  2.803023E-0002  4.229250E-0002  0.000000E+0000

  0.000000E+0000  2.965418E-0003  2.083991E-0003  8.955424E-0003  7.454246E-0003  1.270205E-0002  1.157333E-0002  7.387690E-0003  1.088912E-0002  1.071121E-0003  7.049761E-0003
  2.965418E-0003  0.000000E+0000  3.416155E-0003  6.851812E-0003  1.618779E-0002  8.666072E-0003  2.384314E-0002  1.864128E-0003  1.122028E-0002  3.075838E-0003  1.611857E-0002
  2.083991E-0003  3.416155E-0003  0.000000E+0000  2.507421E-0003  4.708861E-0003  8.176866E-0003  1.181462E-0002  4.929363E-0003  6.731015E-0003  3.409161E-0003  4.894984E-0003
  8.955424E-0003  6.851812E-0003  2.507421E-0003  0.000000E+0000  9.231927E-0003  1.277536E-0002  1.349845E-0002  1.986070E-0002  1.756126E-0002  1.187991E-0002  1.128044E-0002
  7.454246E-0003  1.618779E-0002  4.708861E-0003  9.231927E-0003  0.000000E+0000  1.129373E-0002  2.928258E-0002  2.351525E-0002  1.155446E-0002  8.993197E-0003  1.424187E-0002
  1.270205E-0002  8.666072E-0003  8.176866E-0003  1.277536E-0002  1.129373E-0002  0.000000E+0000  1.258336E-0002  1.480434E-0002  1.751263E-0002  1.301943E-0002  2.557546E-0002
  1.157333E-0002  2.384314E-0002  1.181462E-0002  1.349845E-0002  2.928258E-0002  1.258336E-0002  0.000000E+0000  8.712924E-0003  1.110685E-0002  2.432135E-0003  2.756930E-0002
  7.387690E-0003  1.864128E-0003  4.929363E-0003  1.986070E-0002  2.351525E-0002  1.480434E-0002  8.712924E-0003  0.000000E+0000  1.556037E-0002  2.674422E-0003  5.087360E-0003
  1.088912E-0002  1.122028E-0002  6.731015E-0003  1.756126E-0002  1.155446E-0002  1.751263E-0002  1.110685E-0002  1.556037E-0002  0.000000E+0000  3.465155E-0003  8.625817E-0003
  1.071121E-0003  3.075838E-0003  3.409161E-0003  1.187991E-0002  8.993197E-0003  1.301943E-0002  2.432135E-0003  2.674422E-0003  3.465155E-0003  0.000000E+0000  6.415373E-0003
  7.049761E-0003  1.611857E-0002  4.894984E-0003  1.128044E-0002  1.424187E-0002  2.557546E-0002  2.756930E-0002  5.087360E-0003  8.625817E-0003  6.415373E-0003  0.000000E+0000

  0.000000E+0000  7.629397E-0004  6.827706E-0005  4.201061E-0004  1.993992E-0003  3.782663E-0004  5.990933E-0004  1.256269E-0003  5.160387E-0004  5.682324E-0004  3.161335E-0004
  7.629397E-0004  0.000000E+0000  1.698919E-0004  8.050404E-0004  1.617920E-0003  7.896943E-0004  8.516421E-0004  1.398293E-0003  1.164165E-0003  7.397337E-0004  1.103417E-0003
  6.827706E-0005  1.698919E-0004  0.000000E+0000  4.416357E-0004  9.217748E-0004  4.870909E-0004  2.337174E-0004  1.872886E-0004  1.774461E-0004  2.143407E-0004  2.414708E-0004
  4.201061E-0004  8.050404E-0004  4.416357E-0004  0.000000E+0000  1.385196E-0003  7.321999E-0004  2.610725E-0004  1.010213E-0003  4.874838E-0004  7.711179E-0004  8.815104E-0004
  1.993992E-0003  1.617920E-0003  9.217748E-0004  1.385196E-0003  0.000000E+0000  1.593025E-0003  2.893546E-0003  3.558079E-0003  2.216824E-0003  1.632403E-0003  1.571498E-0003
  3.782663E-0004  7.896943E-0004  4.870909E-0004  7.321999E-0004  1.593025E-0003  0.000000E+0000  5.210419E-0004  4.880768E-0004  5.993970E-0004  7.713485E-0004  1.095780E-0003
  5.990933E-0004  8.516421E-0004  2.337174E-0004  2.610725E-0004  2.893546E-0003  5.210419E-0004  0.000000E+0000  7.069348E-0004  5.147773E-0004  4.148697E-0004  6.237293E-0004
  1.256269E-0003  1.398293E-0003  1.872886E-0004  1.010213E-0003  3.558079E-0003  4.880768E-0004  7.069348E-0004  0.000000E+0000  8.836739E-0004  6.742413E-0004  4.618910E-0004
  5.160387E-0004  1.164165E-0003  1.774461E-0004  4.874838E-0004  2.216824E-0003  5.993970E-0004  5.147773E-0004  8.836739E-0004  0.000000E+0000  7.360718E-0004  5.804099E-0004
  5.682324E-0004  7.397337E-0004  2.143407E-0004  7.711179E-0004  1.632403E-0003  7.713485E-0004  4.148697E-0004  6.742413E-0004  7.360718E-0004  0.000000E+0000  2.390528E-0004
  3.161335E-0004  1.103417E-0003  2.414708E-0004  8.815104E-0004  1.571498E-0003  1.095780E-0003  6.237293E-0004  4.618910E-0004  5.804099E-0004  2.390528E-0004  0.000000E+0000

  0.000000E+0000  5.907196E-0004  4.031801E-0004  2.254167E-0003  6.841742E-0004  1.568193E-0003  1.765238E-0003  7.571217E-0004  6.790669E-0004  1.670251E-0003  1.440548E-0003
  5.907196E-0004  0.000000E+0000  3.439334E-0004  1.032066E-0003  5.070872E-0004  1.219044E-0003  3.863586E-0003  3.741160E-0004  1.224003E-0003  3.225586E-0004  2.668939E-0003
  4.031801E-0004  3.439334E-0004  0.000000E+0000  1.717483E-0003  9.465771E-0004  1.050450E-0003  4.577488E-0004  3.033812E-0004  3.145596E-0004  1.148658E-0003  4.507383E-0004
  2.254167E-0003  1.032066E-0003  1.717483E-0003  0.000000E+0000  1.938847E-0003  1.407508E-0003  8.433796E-0004  8.436220E-0004  1.174428E-0003  2.312298E-0003  3.115570E-0003
  6.841742E-0004  5.070872E-0004  9.465771E-0004  1.938847E-0003  0.000000E+0000  1.592441E-0003  3.311001E-0003  1.604511E-0003  1.823694E-0003  2.437122E-0003  3.072865E-0003
  1.568193E-0003  1.219044E-0003  1.050450E-0003  1.407508E-0003  1.592441E-0003  0.000000E+0000  1.562773E-0003  2.092044E-0003  1.507141E-0003  1.657868E-0003  2.625903E-0003
  1.765238E-0003  3.863586E-0003  4.577488E-0004  8.433796E-0004  3.311001E-0003  1.562773E-0003  0.000000E+0000  4.366828E-0003  2.064536E-0003  1.044289E-0003  1.474664E-0003
  7.571217E-0004  3.741160E-0004  3.033812E-0004  8.436220E-0004  1.604511E-0003  2.092044E-0003  4.366828E-0003  0.000000E+0000  1.068671E-0003  9.586822E-0004  2.904911E-0003
  6.790669E-0004  1.224003E-0003  3.145596E-0004  1.174428E-0003  1.823694E-0003  1.507141E-0003  2.064536E-0003  1.068671E-0003  0.000000E+0000  8.367873E-0004  8.753137E-0004
  1.670251E-0003  3.225586E-0004  1.148658E-0003  2.312298E-0003  2.437122E-0003  1.657868E-0003  1.044289E-0003  9.586822E-0004  8.367873E-0004  0.000000E+0000  2.548207E-0003
  1.440548E-0003  2.668939E-0003  4.507383E-0004  3.115570E-0003  3.072865E-0003  2.625903E-0003  1.474664E-0003  2.904911E-0003  8.753137E-0004  2.548207E-0003  0.000000E+0000

  0.000000E+0000  2.237500E-0003  2.413497E-0003  1.291901E-0002  6.087072E-0003  8.737922E-0003  1.628083E-0002  5.418264E-0004  7.040937E-0003  1.281532E-0002  1.408937E-0002
  2.237500E-0003  0.000000E+0000  2.086808E-0003  7.983867E-0003  1.780260E-0003  3.324745E-0003  4.606731E-0003  1.958563E-0003  3.455011E-0003  4.397972E-0003  6.585668E-0003
  2.413497E-0003  2.086808E-0003  0.000000E+0000  3.276123E-0002  1.123625E-0002  1.782135E-0002  3.507778E-0002  1.638000E-0003  1.135972E-0002  2.650936E-0002  4.073382E-0002
  1.291901E-0002  7.983867E-0003  3.276123E-0002  0.000000E+0000  2.555924E-0002  5.001790E-0002  1.005299E-0001  7.541349E-0003  6.039859E-0002  3.371843E-0002  1.093595E-0001
  6.087072E-0003  1.780260E-0003  1.123625E-0002  2.555924E-0002  0.000000E+0000  1.519550E-0002  8.310961E-0003  1.805916E-0003  8.030566E-0003  2.625625E-0002  2.146610E-0002
  8.737922E-0003  3.324745E-0003  1.782135E-0002  5.001790E-0002  1.519550E-0002  0.000000E+0000  4.313631E-0002  1.948595E-0003  2.386665E-0002  4.253577E-0002  5.274827E-0002
  1.628083E-0002  4.606731E-0003  3.507778E-0002  1.005299E-0001  8.310961E-0003  4.313631E-0002  0.000000E+0000  4.073770E-0003  3.649362E-0002  8.200211E-0002  9.336285E-0002
  5.418264E-0004  1.958563E-0003  1.638000E-0003  7.541349E-0003  1.805916E-0003  1.948595E-0003  4.073770E-0003  0.000000E+0000  1.794316E-0003  8.092987E-0003  6.616272E-0003
  7.040937E-0003  3.455011E-0003  1.135972E-0002  6.039859E-0002  8.030566E-0003  2.386665E-0002  3.649362E-0002  1.794316E-0003  0.000000E+0000  3.312044E-0002  5.706071E-0002
  1.281532E-0002  4.397972E-0003  2.650936E-0002  3.371843E-0002  2.625625E-0002  4.253577E-0002  8.200211E-0002  8.092987E-0003  3.312044E-0002  0.000000E+0000  5.705836E-0002
  1.408937E-0002  6.585668E-0003  4.073382E-0002  1.093595E-0001  2.146610E-0002  5.274827E-0002  9.336285E-0002  6.616272E-0003  5.706071E-0002  5.705836E-0002  0.000000E+0000

  0.000000E+0000  1.460968E-0003  1.390537E-0003  2.190168E-0003  4.482064E-0003  2.968098E-0003  1.187666E-0003  3.019812E-0003  1.782222E-0003  2.880815E-0003  2.118444E-0003
  1.460968E-0003  0.000000E+0000  1.454112E-0003  2.471486E-0003  5.122437E-0003  4.227889E-0003  5.652422E-0004  3.576767E-0003  8.391420E-0004  5.625817E-0003  2.399854E-0003
  1.390537E-0003  1.454112E-0003  0.000000E+0000  1.405038E-0003  3.628069E-0004  2.484614E-0003  2.047537E-0004  3.113325E-0003  1.511816E-0003  1.412381E-0003  8.801328E-0004
  2.190168E-0003  2.471486E-0003  1.405038E-0003  0.000000E+0000  5.915500E-0003  2.442118E-0003  4.898355E-0004  3.146021E-0003  1.326804E-0003  2.422828E-0003  1.150389E-0003
  4.482064E-0003  5.122437E-0003  3.628069E-0004  5.915500E-0003  0.000000E+0000  5.461001E-0003  8.886326E-0004  9.758708E-0003  3.233702E-0003  6.283334E-0003  3.687887E-0003
  2.968098E-0003  4.227889E-0003  2.484614E-0003  2.442118E-0003  5.461001E-0003  0.000000E+0000  5.505777E-0003  7.615416E-0003  3.196607E-0003  5.403519E-0003  6.150292E-0003
  1.187666E-0003  5.652422E-0004  2.047537E-0004  4.898355E-0004  8.886326E-0004  5.505777E-0003  0.000000E+0000  5.447558E-0003  7.677602E-0004  3.155661E-0003  1.268280E-0003
  3.019812E-0003  3.576767E-0003  3.113325E-0003  3.146021E-0003  9.758708E-0003  7.615416E-0003  5.447558E-0003  0.000000E+0000  2.958428E-0003  8.134604E-0003  6.265484E-0003
  1.782222E-0003  8.391420E-0004  1.511816E-0003  1.326804E-0003  3.233702E-0003  3.196607E-0003  7.677602E-0004  2.958428E-0003  0.000000E+0000  2.575941E-0003  2.016883E-0003
  2.880815E-0003  5.625817E-0003  1.412381E-0003  2.422828E-0003  6.283334E-0003  5.403519E-0003  3.155661E-0003  8.134604E-0003  2.575941E-0003  0.000000E+0000  3.332908E-0003
  2.118444E-0003  2.399854E-0003  8.801328E-0004  1.150389E-0003  3.687887E-0003  6.150292E-0003  1.268280E-0003  6.265484E-0003  2.016883E-0003  3.332908E-0003  0.000000E+0000

  0.000000E+0000  5.182493E-0003  1.260868E-0002  2.065575E-0002  2.253002E-0002  2.399190E-0002  1.791324E-0002  1.001283E-0002  2.235279E-0002  1.918998E-0002  1.701814E-0002
  5.182493E-0003  0.000000E+0000  6.924183E-0003  1.281683E-0002  1.320119E-0002  1.410801E-0002  7.737919E-0003  2.167337E-0003  9.842851E-0003  1.446983E-0002  9.380036E-0003
  1.260868E-0002  6.924183E-0003  0.000000E+0000  1.050609E-0002  1.360064E-0002  1.243063E-0002  1.647019E-0002  1.623913E-0002  2.340397E-0002  5.852509E-0003  2.550287E-0002
  2.065575E-0002  1.281683E-0002  1.050609E-0002  0.000000E+0000  1.694442E-0002  6.967695E-0003  2.788558E-0002  3.496160E-0002  4.734138E-0002  3.702709E-0003  4.456084E-0002
  2.253002E-0002  1.320119E-0002  1.360064E-0002  1.694442E-0002  0.000000E+0000  1.388414E-0002  3.284907E-0002  3.220567E-0002  5.220748E-0002  2.316687E-0002  5.071456E-0002
  2.399190E-0002  1.410801E-0002  1.243063E-0002  6.967695E-0003  1.388414E-0002  0.000000E+0000  1.768989E-0002  3.653043E-0002  3.458937E-0002  5.811349E-0003  3.551254E-0002
  1.791324E-0002  7.737919E-0003  1.647019E-0002  2.788558E-0002  3.284907E-0002  1.768989E-0002  0.000000E+0000  1.601829E-0002  3.137872E-0002  1.924288E-0002  3.289910E-0002
  1.001283E-0002  2.167337E-0003  1.623913E-0002  3.496160E-0002  3.220567E-0002  3.653043E-0002  1.601829E-0002  0.000000E+0000  2.067741E-0002  4.439475E-0002  1.645165E-0002
  2.235279E-0002  9.842851E-0003  2.340397E-0002  4.734138E-0002  5.220748E-0002  3.458937E-0002  3.137872E-0002  2.067741E-0002  0.000000E+0000  4.023313E-0002  3.603082E-0002
  1.918998E-0002  1.446983E-0002  5.852509E-0003  3.702709E-0003  2.316687E-0002  5.811349E-0003  1.924288E-0002  4.439475E-0002  4.023313E-0002  0.000000E+0000  2.981722E-0002
  1.701814E-0002  9.380036E-0003  2.550287E-0002  4.456084E-0002  5.071456E-0002  3.551254E-0002  3.289910E-0002  1.645165E-0002  3.603082E-0002  2.981722E-0002  0.000000E+0000
