6661999 = Ignore first line (new format code)
File name: E:\Folders\PhD\ISAD\ISAD_Curry_data\ISAD_EEGs\eLORETA\EEGs_128Hz_200sec-window\Clinical_v_Healthy\T1_clinical_all\F38-ROIlinLagConn-crss.txt
1 = Number of time frames in Time X Frequency decomposition
3 = Number of EEG files
11 = Number Electrodes
25600 = Number of time frames in EEG files
32768 = Number of time frames in EEG files power of 2
7 = Number of matrices
5 = Band type (1=Classical1; 2=Classical2; 3=DiscreteFreqs; 4=AllDiscreteFreqs; 5=UserDefinedBands)
 1.280000E+0002 = Sampling rate Hz
-1.000000E+0002 = Freq1 Hz
-1.000000E+0002 = Freq2 Hz
 3.906250E-0003 = Frequency resolution Hz

  0.000000E+0000  1.565916E-0002  2.055018E-0002  8.730195E-0002  9.944336E-0002  6.190418E-0002  6.348422E-0002  4.855414E-0002  6.616240E-0002  8.976562E-0002  8.779097E-0002
  1.565916E-0002  0.000000E+0000  1.452577E-0002  7.907999E-0002  5.919195E-0002  4.815776E-0002  8.774742E-0002  5.289505E-0002  7.092214E-0002  8.402594E-0002  1.212823E-0001
  2.055018E-0002  1.452577E-0002  0.000000E+0000  6.194654E-0002  5.438905E-0002  4.173810E-0002  6.851970E-0002  5.521315E-0002  6.547025E-0002  7.777815E-0002  9.780237E-0002
  8.730195E-0002  7.907999E-0002  6.194654E-0002  0.000000E+0000  1.728418E-0001  4.368234E-0002  7.547165E-0002  5.411926E-0002  1.010064E-0001  1.586200E-0002  7.172604E-0002
  9.944336E-0002  5.919195E-0002  5.438905E-0002  1.728418E-0001  0.000000E+0000  1.055788E-0001  1.896686E-0001  1.905790E-0001  2.705670E-0001  1.802383E-0001  1.641680E-0001
  6.190418E-0002  4.815776E-0002  4.173810E-0002  4.368234E-0002  1.055788E-0001  0.000000E+0000  6.115168E-0002  8.526893E-0002  8.197857E-0002  6.524465E-0002  1.026361E-0001
  6.348422E-0002  8.774742E-0002  6.851970E-0002  7.547165E-0002  1.896686E-0001  6.115168E-0002  0.000000E+0000  1.013755E-0001  1.094177E-0001  1.130008E-0001  1.680228E-0001
  4.855414E-0002  5.289505E-0002  5.521315E-0002  5.411926E-0002  1.905790E-0001  8.526893E-0002  1.013755E-0001  0.000000E+0000  9.025323E-0002  6.519601E-0002  1.092196E-0001
  6.616240E-0002  7.092214E-0002  6.547025E-0002  1.010064E-0001  2.705670E-0001  8.197857E-0002  1.094177E-0001  9.025323E-0002  0.000000E+0000  1.002426E-0001  1.189696E-0001
  8.976562E-0002  8.402594E-0002  7.777815E-0002  1.586200E-0002  1.802383E-0001  6.524465E-0002  1.130008E-0001  6.519601E-0002  1.002426E-0001  0.000000E+0000  1.046711E-0001
  8.779097E-0002  1.212823E-0001  9.780237E-0002  7.172604E-0002  1.641680E-0001  1.026361E-0001  1.680228E-0001  1.092196E-0001  1.189696E-0001  1.046711E-0001  0.000000E+0000

  0.000000E+0000  3.989640E-0003  1.005153E-0003  1.707594E-0003  1.580799E-0002  1.655392E-0002  1.903223E-0002  9.048525E-0003  7.668918E-0003  3.498751E-0003  3.383034E-0002
  3.989640E-0003  0.000000E+0000  6.378539E-0004  2.171972E-0003  7.227757E-0003  1.540612E-0002  1.229140E-0002  2.961930E-0003  6.621754E-0003  3.503942E-0003  2.301713E-0002
  1.005153E-0003  6.378539E-0004  0.000000E+0000  1.860606E-0003  1.697365E-0003  6.899974E-0003  4.608945E-0003  1.364734E-0003  1.274605E-0003  3.073781E-0003  5.419891E-0003
  1.707594E-0003  2.171972E-0003  1.860606E-0003  0.000000E+0000  5.580646E-0003  1.081110E-0002  3.827876E-0003  1.743449E-0003  4.109167E-0003  6.399076E-0004  6.267180E-0003
  1.580799E-0002  7.227757E-0003  1.697365E-0003  5.580646E-0003  0.000000E+0000  2.002423E-0002  1.151016E-0002  2.341893E-0002  1.260749E-0002  5.286202E-0003  2.257651E-0002
  1.655392E-0002  1.540612E-0002  6.899974E-0003  1.081110E-0002  2.002423E-0002  0.000000E+0000  1.204792E-0002  7.456251E-0003  2.597883E-0002  1.353645E-0002  1.693182E-0002
  1.903223E-0002  1.229140E-0002  4.608945E-0003  3.827876E-0003  1.151016E-0002  1.204792E-0002  0.000000E+0000  1.140709E-0002  2.501279E-0002  7.685069E-0003  5.239185E-0003
  9.048525E-0003  2.961930E-0003  1.364734E-0003  1.743449E-0003  2.341893E-0002  7.456251E-0003  1.140709E-0002  0.000000E+0000  2.331197E-0003  1.476008E-0003  2.288076E-0002
  7.668918E-0003  6.621754E-0003  1.274605E-0003  4.109167E-0003  1.260749E-0002  2.597883E-0002  2.501279E-0002  2.331197E-0003  0.000000E+0000  8.324237E-0003  4.015133E-0002
  3.498751E-0003  3.503942E-0003  3.073781E-0003  6.399076E-0004  5.286202E-0003  1.353645E-0002  7.685069E-0003  1.476008E-0003  8.324237E-0003  0.000000E+0000  1.487238E-0002
  3.383034E-0002  2.301713E-0002  5.419891E-0003  6.267180E-0003  2.257651E-0002  1.693182E-0002  5.239185E-0003  2.288076E-0002  4.015133E-0002  1.487238E-0002  0.000000E+0000

  0.000000E+0000  1.118842E-0003  2.295456E-0004  5.961931E-0004  2.660575E-0003  1.642595E-0003  8.411972E-0004  3.872217E-0004  1.079732E-0003  8.508117E-0004  7.815926E-0004
  1.118842E-0003  0.000000E+0000  4.765700E-0004  5.805737E-0004  4.715448E-0003  1.298194E-0003  1.125854E-0003  1.317693E-0003  1.899642E-0003  9.818991E-0004  1.326160E-0003
  2.295456E-0004  4.765700E-0004  0.000000E+0000  6.779666E-0005  9.014147E-0004  2.500949E-0004  3.107553E-0004  5.361424E-0004  4.703567E-0004  1.026596E-0004  3.555264E-0004
  5.961931E-0004  5.805737E-0004  6.779666E-0005  0.000000E+0000  2.428188E-0003  1.554094E-0003  6.496670E-0004  9.734221E-0004  1.108046E-0003  9.068967E-0004  6.007400E-0004
  2.660575E-0003  4.715448E-0003  9.014147E-0004  2.428188E-0003  0.000000E+0000  3.785638E-0003  4.369902E-0003  1.828295E-0003  4.033328E-0003  3.457050E-0003  3.901552E-0003
  1.642595E-0003  1.298194E-0003  2.500949E-0004  1.554094E-0003  3.785638E-0003  0.000000E+0000  1.877967E-0003  3.052853E-0003  2.575269E-0003  3.245216E-0003  3.144771E-0003
  8.411972E-0004  1.125854E-0003  3.107553E-0004  6.496670E-0004  4.369902E-0003  1.877967E-0003  0.000000E+0000  2.073858E-0003  2.612137E-0003  1.093051E-0003  2.538495E-0003
  3.872217E-0004  1.317693E-0003  5.361424E-0004  9.734221E-0004  1.828295E-0003  3.052853E-0003  2.073858E-0003  0.000000E+0000  2.370449E-0003  1.435645E-0003  2.213658E-0003
  1.079732E-0003  1.899642E-0003  4.703567E-0004  1.108046E-0003  4.033328E-0003  2.575269E-0003  2.612137E-0003  2.370449E-0003  0.000000E+0000  1.734670E-0003  2.428257E-0003
  8.508117E-0004  9.818991E-0004  1.026596E-0004  9.068967E-0004  3.457050E-0003  3.245216E-0003  1.093051E-0003  1.435645E-0003  1.734670E-0003  0.000000E+0000  1.382607E-0003
  7.815926E-0004  1.326160E-0003  3.555264E-0004  6.007400E-0004  3.901552E-0003  3.144771E-0003  2.538495E-0003  2.213658E-0003  2.428257E-0003  1.382607E-0003  0.000000E+0000

  0.000000E+0000  4.912883E-0004  6.792085E-0005  8.948210E-0005  3.969643E-0004  2.968767E-0004  3.867781E-0004  8.618409E-0004  3.773343E-0004  1.685687E-0004  3.437948E-0004
  4.912883E-0004  0.000000E+0000  1.784189E-0004  1.021701E-0003  5.500793E-0004  1.500936E-0003  1.069300E-0003  6.822524E-0004  8.624158E-0004  1.298940E-0003  1.505879E-0003
  6.792085E-0005  1.784189E-0004  0.000000E+0000  1.988010E-0004  1.468952E-0004  8.019804E-0005  2.837757E-0004  1.666433E-0004  4.603137E-0005  1.931552E-0004  2.617763E-0004
  8.948210E-0005  1.021701E-0003  1.988010E-0004  0.000000E+0000  8.002290E-0004  5.679613E-0004  8.438780E-0004  9.270092E-0004  8.991259E-0004  4.633628E-0004  4.821887E-0004
  3.969643E-0004  5.500793E-0004  1.468952E-0004  8.002290E-0004  0.000000E+0000  1.038472E-0003  4.319422E-0004  1.110546E-0003  5.991872E-0004  1.123405E-0003  6.694518E-0004
  2.968767E-0004  1.500936E-0003  8.019804E-0005  5.679613E-0004  1.038472E-0003  0.000000E+0000  9.973859E-0004  1.962971E-0003  7.720619E-0004  6.356518E-0004  7.145810E-0004
  3.867781E-0004  1.069300E-0003  2.837757E-0004  8.438780E-0004  4.319422E-0004  9.973859E-0004  0.000000E+0000  7.364093E-0004  1.396347E-0003  1.147152E-0003  1.468911E-0003
  8.618409E-0004  6.822524E-0004  1.666433E-0004  9.270092E-0004  1.110546E-0003  1.962971E-0003  7.364093E-0004  0.000000E+0000  2.909837E-0004  1.155804E-0003  1.690468E-0003
  3.773343E-0004  8.624158E-0004  4.603137E-0005  8.991259E-0004  5.991872E-0004  7.720619E-0004  1.396347E-0003  2.909837E-0004  0.000000E+0000  1.176685E-0003  1.791607E-0003
  1.685687E-0004  1.298940E-0003  1.931552E-0004  4.633628E-0004  1.123405E-0003  6.356518E-0004  1.147152E-0003  1.155804E-0003  1.176685E-0003  0.000000E+0000  1.278050E-0003
  3.437948E-0004  1.505879E-0003  2.617763E-0004  4.821887E-0004  6.694518E-0004  7.145810E-0004  1.468911E-0003  1.690468E-0003  1.791607E-0003  1.278050E-0003  0.000000E+0000

  0.000000E+0000  1.106639E-0002  2.817327E-0003  1.942315E-0002  6.375863E-0003  2.758527E-0002  2.220524E-0002  6.611536E-0003  1.009033E-0002  2.303542E-0002  2.383265E-0002
  1.106639E-0002  0.000000E+0000  2.718910E-0003  8.340384E-0003  2.353619E-0002  1.574159E-0002  1.218816E-0002  7.710544E-0003  5.387703E-0003  1.045237E-0002  1.656067E-0002
  2.817327E-0003  2.718910E-0003  0.000000E+0000  2.714131E-0003  4.978412E-0003  7.882845E-0003  6.376103E-0003  5.003342E-0003  1.656242E-0003  4.617176E-0003  9.070875E-0003
  1.942315E-0002  8.340384E-0003  2.714131E-0003  0.000000E+0000  5.123848E-0002  5.380481E-0002  2.455444E-0002  1.751921E-0002  4.455767E-0003  2.663383E-0002  7.018806E-0002
  6.375863E-0003  2.353619E-0002  4.978412E-0003  5.123848E-0002  0.000000E+0000  7.085819E-0002  6.176460E-0002  1.824986E-0002  2.394088E-0002  6.028395E-0002  6.521711E-0002
  2.758527E-0002  1.574159E-0002  7.882845E-0003  5.380481E-0002  7.085819E-0002  0.000000E+0000  3.590836E-0002  1.412991E-0002  1.840310E-0002  7.585757E-0002  5.268554E-0002
  2.220524E-0002  1.218816E-0002  6.376103E-0003  2.455444E-0002  6.176460E-0002  3.590836E-0002  0.000000E+0000  1.271357E-0002  1.676110E-0002  2.859005E-0002  3.622424E-0002
  6.611536E-0003  7.710544E-0003  5.003342E-0003  1.751921E-0002  1.824986E-0002  1.412991E-0002  1.271357E-0002  0.000000E+0000  1.181470E-0002  1.779913E-0002  1.499080E-0002
  1.009033E-0002  5.387703E-0003  1.656242E-0003  4.455767E-0003  2.394088E-0002  1.840310E-0002  1.676110E-0002  1.181470E-0002  0.000000E+0000  9.640489E-0003  1.957372E-0002
  2.303542E-0002  1.045237E-0002  4.617176E-0003  2.663383E-0002  6.028395E-0002  7.585757E-0002  2.859005E-0002  1.779913E-0002  9.640489E-0003  0.000000E+0000  6.070977E-0002
  2.383265E-0002  1.656067E-0002  9.070875E-0003  7.018806E-0002  6.521711E-0002  5.268554E-0002  3.622424E-0002  1.499080E-0002  1.957372E-0002  6.070977E-0002  0.000000E+0000

  0.000000E+0000  1.896560E-0003  5.866356E-0004  3.448674E-0003  3.804391E-0003  3.106350E-0003  4.133978E-0003  5.726182E-0004  3.297795E-0003  3.606933E-0003  4.841390E-0003
  1.896560E-0003  0.000000E+0000  6.321563E-0004  2.770517E-0003  5.353656E-0003  6.198073E-0003  1.853640E-0003  2.185740E-0003  1.257429E-0003  3.589584E-0003  3.223856E-0003
  5.866356E-0004  6.321563E-0004  0.000000E+0000  2.231193E-0003  8.908649E-0004  3.205725E-0003  2.059272E-0003  5.984214E-0004  4.503486E-0004  2.773069E-0003  2.824404E-0003
  3.448674E-0003  2.770517E-0003  2.231193E-0003  0.000000E+0000  8.702983E-0003  4.224196E-0003  3.125377E-0003  1.063367E-0003  5.082492E-0003  1.588566E-0003  6.780985E-0003
  3.804391E-0003  5.353656E-0003  8.908649E-0004  8.702983E-0003  0.000000E+0000  9.085134E-0003  9.016019E-0003  2.175808E-0003  5.523670E-0003  8.998000E-0003  9.486769E-0003
  3.106350E-0003  6.198073E-0003  3.205725E-0003  4.224196E-0003  9.085134E-0003  0.000000E+0000  5.619091E-0003  2.082149E-0003  8.516635E-0003  8.582832E-0003  8.479621E-0003
  4.133978E-0003  1.853640E-0003  2.059272E-0003  3.125377E-0003  9.016019E-0003  5.619091E-0003  0.000000E+0000  1.776759E-0003  5.693506E-0003  3.795710E-0003  7.182386E-0003
  5.726182E-0004  2.185740E-0003  5.984214E-0004  1.063367E-0003  2.175808E-0003  2.082149E-0003  1.776759E-0003  0.000000E+0000  1.731704E-0003  1.044196E-0003  2.517132E-0003
  3.297795E-0003  1.257429E-0003  4.503486E-0004  5.082492E-0003  5.523670E-0003  8.516635E-0003  5.693506E-0003  1.731704E-0003  0.000000E+0000  8.200528E-0003  7.297199E-0003
  3.606933E-0003  3.589584E-0003  2.773069E-0003  1.588566E-0003  8.998000E-0003  8.582832E-0003  3.795710E-0003  1.044196E-0003  8.200528E-0003  0.000000E+0000  7.924656E-0003
  4.841390E-0003  3.223856E-0003  2.824404E-0003  6.780985E-0003  9.486769E-0003  8.479621E-0003  7.182386E-0003  2.517132E-0003  7.297199E-0003  7.924656E-0003  0.000000E+0000

  0.000000E+0000  2.756348E-0004  1.688385E-0005  7.692462E-0004  3.143700E-0004  1.110538E-0003  1.101833E-0003  9.998475E-0004  7.200887E-0004  1.229932E-0003  1.078692E-0003
  2.756348E-0004  0.000000E+0000  1.169960E-0004  4.708475E-0003  2.633511E-0004  5.524467E-0003  2.345711E-0003  1.733286E-0003  7.328104E-0004  6.311149E-0003  2.913626E-0003
  1.688385E-0005  1.169960E-0004  0.000000E+0000  2.233414E-0004  9.065932E-0005  6.104221E-0005  1.536681E-0003  9.989191E-0005  2.161879E-0004  1.305803E-0004  1.563422E-0003
  7.692462E-0004  4.708475E-0003  2.233414E-0004  0.000000E+0000  3.326472E-0003  1.932873E-0003  1.253429E-0003  9.004599E-0004  1.339345E-0003  4.269930E-0003  5.969155E-0004
  3.143700E-0004  2.633511E-0004  9.065932E-0005  3.326472E-0003  0.000000E+0000  3.151466E-0003  1.444177E-0003  1.503884E-0003  1.499237E-0003  3.583638E-0003  2.001941E-0003
  1.110538E-0003  5.524467E-0003  6.104221E-0005  1.932873E-0003  3.151466E-0003  0.000000E+0000  1.414354E-0003  1.193191E-0003  7.524256E-0004  2.520955E-0003  1.622108E-0003
  1.101833E-0003  2.345711E-0003  1.536681E-0003  1.253429E-0003  1.444177E-0003  1.414354E-0003  0.000000E+0000  2.154636E-0003  3.992081E-0003  1.552619E-0003  3.740010E-0003
  9.998475E-0004  1.733286E-0003  9.989191E-0005  9.004599E-0004  1.503884E-0003  1.193191E-0003  2.154636E-0003  0.000000E+0000  3.704240E-0004  9.971996E-0004  3.459578E-0003
  7.200887E-0004  7.328104E-0004  2.161879E-0004  1.339345E-0003  1.499237E-0003  7.524256E-0004  3.992081E-0003  3.704240E-0004  0.000000E+0000  1.381752E-0003  3.893706E-0003
  1.229932E-0003  6.311149E-0003  1.305803E-0004  4.269930E-0003  3.583638E-0003  2.520955E-0003  1.552619E-0003  9.971996E-0004  1.381752E-0003  0.000000E+0000  1.272553E-0003
  1.078692E-0003  2.913626E-0003  1.563422E-0003  5.969155E-0004  2.001941E-0003  1.622108E-0003  3.740010E-0003  3.459578E-0003  3.893706E-0003  1.272553E-0003  0.000000E+0000
