6661999 = Ignore first line (new format code)
File name: E:\Folders\PhD\ISAD\ISAD_Curry_data\ISAD_EEGs\eLORETA\EEGs_128Hz_200sec-window\Clinical_v_Healthy\T1_clinical_all\F4-ROIlinLagConn-crss.txt
1 = Number of time frames in Time X Frequency decomposition
3 = Number of EEG files
11 = Number Electrodes
25600 = Number of time frames in EEG files
32768 = Number of time frames in EEG files power of 2
7 = Number of matrices
5 = Band type (1=Classical1; 2=Classical2; 3=DiscreteFreqs; 4=AllDiscreteFreqs; 5=UserDefinedBands)
 1.280000E+0002 = Sampling rate Hz
-1.000000E+0002 = Freq1 Hz
-1.000000E+0002 = Freq2 Hz
 3.906250E-0003 = Frequency resolution Hz

  0.000000E+0000  2.352708E-0002  1.982904E-0002  5.926241E-0002  2.062957E-0002  3.494997E-0002  3.838702E-0002  4.996942E-0002  7.746143E-0003  3.642685E-0002  6.544308E-0003
  2.352708E-0002  0.000000E+0000  1.302018E-0002  2.106121E-0002  3.130145E-0002  1.250293E-0002  5.717225E-0002  4.461380E-0002  4.179224E-0002  2.355217E-0002  7.632256E-0002
  1.982904E-0002  1.302018E-0002  0.000000E+0000  7.303560E-0002  1.401618E-0002  1.792057E-0002  1.099200E-0002  4.367882E-0002  1.973575E-0002  5.465830E-0002  2.830756E-0002
  5.926241E-0002  2.106121E-0002  7.303560E-0002  0.000000E+0000  3.591412E-0002  6.302141E-0003  2.893183E-0002  5.194495E-0002  9.067322E-0002  4.723680E-0002  5.332809E-0002
  2.062957E-0002  3.130145E-0002  1.401618E-0002  3.591412E-0002  0.000000E+0000  4.672738E-0002  7.633451E-0002  1.254174E-0001  7.163554E-0002  4.158003E-0002  3.722594E-0002
  3.494997E-0002  1.250293E-0002  1.792057E-0002  6.302141E-0003  4.672738E-0002  0.000000E+0000  2.523816E-0002  2.300400E-0002  1.358199E-0002  7.421038E-0003  1.498521E-0002
  3.838702E-0002  5.717225E-0002  1.099200E-0002  2.893183E-0002  7.633451E-0002  2.523816E-0002  0.000000E+0000  5.449595E-0002  1.308460E-0002  5.321071E-0002  5.130147E-0002
  4.996942E-0002  4.461380E-0002  4.367882E-0002  5.194495E-0002  1.254174E-0001  2.300400E-0002  5.449595E-0002  0.000000E+0000  3.321899E-0002  3.369554E-0002  5.138800E-0002
  7.746143E-0003  4.179224E-0002  1.973575E-0002  9.067322E-0002  7.163554E-0002  1.358199E-0002  1.308460E-0002  3.321899E-0002  0.000000E+0000  7.681841E-0002  1.954692E-0002
  3.642685E-0002  2.355217E-0002  5.465830E-0002  4.723680E-0002  4.158003E-0002  7.421038E-0003  5.321071E-0002  3.369554E-0002  7.681841E-0002  0.000000E+0000  3.590133E-0002
  6.544308E-0003  7.632256E-0002  2.830756E-0002  5.332809E-0002  3.722594E-0002  1.498521E-0002  5.130147E-0002  5.138800E-0002  1.954692E-0002  3.590133E-0002  0.000000E+0000

  0.000000E+0000  6.754348E-0003  1.922241E-0002  2.167159E-0002  4.731905E-0003  1.260344E-0002  1.398255E-0002  2.201622E-0002  2.006614E-0002  1.420069E-0002  1.625923E-0002
  6.754348E-0003  0.000000E+0000  2.555318E-0002  1.720178E-0002  9.098398E-0003  1.401221E-0002  1.574111E-0002  2.592443E-0002  2.769314E-0002  1.618177E-0002  1.759472E-0002
  1.922241E-0002  2.555318E-0002  0.000000E+0000  1.634827E-0002  7.065920E-0003  7.104587E-0003  7.325964E-0003  5.170544E-0002  1.126942E-0002  2.418670E-0002  5.909721E-0003
  2.167159E-0002  1.720178E-0002  1.634827E-0002  0.000000E+0000  6.500615E-0003  1.960736E-0002  2.261796E-0002  5.038456E-0002  2.906754E-0002  4.421880E-0002  1.804525E-0002
  4.731905E-0003  9.098398E-0003  7.065920E-0003  6.500615E-0003  0.000000E+0000  2.895158E-0003  1.473452E-0002  8.493565E-0003  6.469185E-0003  9.481069E-0003  7.690388E-0003
  1.260344E-0002  1.401221E-0002  7.104587E-0003  1.960736E-0002  2.895158E-0003  0.000000E+0000  2.220272E-0002  1.644412E-0002  1.408298E-0002  4.145133E-0002  2.702079E-0002
  1.398255E-0002  1.574111E-0002  7.325964E-0003  2.261796E-0002  1.473452E-0002  2.220272E-0002  0.000000E+0000  3.449185E-0002  2.053160E-0002  3.566443E-0002  1.536567E-0002
  2.201622E-0002  2.592443E-0002  5.170544E-0002  5.038456E-0002  8.493565E-0003  1.644412E-0002  3.449185E-0002  0.000000E+0000  5.705071E-0002  4.662972E-0002  3.775197E-0002
  2.006614E-0002  2.769314E-0002  1.126942E-0002  2.906754E-0002  6.469185E-0003  1.408298E-0002  2.053160E-0002  5.705071E-0002  0.000000E+0000  3.676609E-0002  2.694031E-0002
  1.420069E-0002  1.618177E-0002  2.418670E-0002  4.421880E-0002  9.481069E-0003  4.145133E-0002  3.566443E-0002  4.662972E-0002  3.676609E-0002  0.000000E+0000  3.170335E-0002
  1.625923E-0002  1.759472E-0002  5.909721E-0003  1.804525E-0002  7.690388E-0003  2.702079E-0002  1.536567E-0002  3.775197E-0002  2.694031E-0002  3.170335E-0002  0.000000E+0000

  0.000000E+0000  6.633285E-0003  5.556018E-0002  1.362831E-0002  1.794143E-0002  1.216670E-0002  1.620367E-0002  3.339957E-0002  2.140890E-0002  1.031293E-0002  2.922810E-0002
  6.633285E-0003  0.000000E+0000  8.868180E-0003  1.100937E-0003  6.747247E-0003  1.773091E-0003  6.663340E-0003  2.425180E-0003  2.075280E-0003  1.988393E-0003  5.877592E-0003
  5.556018E-0002  8.868180E-0003  0.000000E+0000  1.830366E-0002  1.400462E-0002  1.969887E-0002  4.814643E-0002  4.457531E-0002  4.056640E-0002  2.087130E-0003  5.282449E-0002
  1.362831E-0002  1.100937E-0003  1.830366E-0002  0.000000E+0000  6.998817E-0003  1.423575E-0002  2.326830E-0002  8.186422E-0003  1.217917E-0002  6.645930E-0003  2.241358E-0002
  1.794143E-0002  6.747247E-0003  1.400462E-0002  6.998817E-0003  0.000000E+0000  3.318653E-0003  8.468403E-0003  3.167243E-0002  1.481179E-0002  1.062564E-0002  9.652553E-0003
  1.216670E-0002  1.773091E-0003  1.969887E-0002  1.423575E-0002  3.318653E-0003  0.000000E+0000  1.339207E-0002  1.299022E-0002  2.178905E-0002  6.136493E-0003  1.247987E-0002
  1.620367E-0002  6.663340E-0003  4.814643E-0002  2.326830E-0002  8.468403E-0003  1.339207E-0002  0.000000E+0000  5.148380E-0002  4.356091E-0002  1.177212E-0002  6.694220E-0002
  3.339957E-0002  2.425180E-0003  4.457531E-0002  8.186422E-0003  3.167243E-0002  1.299022E-0002  5.148380E-0002  0.000000E+0000  1.677759E-0002  9.427493E-0003  3.557398E-0002
  2.140890E-0002  2.075280E-0003  4.056640E-0002  1.217917E-0002  1.481179E-0002  2.178905E-0002  4.356091E-0002  1.677759E-0002  0.000000E+0000  9.283864E-0003  4.474159E-0002
  1.031293E-0002  1.988393E-0003  2.087130E-0003  6.645930E-0003  1.062564E-0002  6.136493E-0003  1.177212E-0002  9.427493E-0003  9.283864E-0003  0.000000E+0000  1.105878E-0002
  2.922810E-0002  5.877592E-0003  5.282449E-0002  2.241358E-0002  9.652553E-0003  1.247987E-0002  6.694220E-0002  3.557398E-0002  4.474159E-0002  1.105878E-0002  0.000000E+0000

  0.000000E+0000  5.549012E-0002  1.926990E-0001  1.984527E-0002  7.468943E-0002  1.934522E-0002  2.781487E-0002  1.398562E-0001  9.846026E-0002  1.378751E-0002  4.664297E-0002
  5.549012E-0002  0.000000E+0000  5.894998E-0002  9.951697E-0003  3.294423E-0002  3.750790E-0003  1.080032E-0002  1.549910E-0002  2.853188E-0002  1.485515E-0002  1.712435E-0002
  1.926990E-0001  5.894998E-0002  0.000000E+0000  4.044058E-0002  1.040433E-0002  2.809171E-0002  2.737132E-0002  1.533985E-0001  1.123420E-0001  1.108844E-0002  2.762363E-0002
  1.984527E-0002  9.951697E-0003  4.044058E-0002  0.000000E+0000  1.603176E-0002  5.368357E-0002  1.684547E-0002  4.110830E-0002  2.304087E-0002  4.726821E-0002  4.118048E-0002
  7.468943E-0002  3.294423E-0002  1.040433E-0002  1.603176E-0002  0.000000E+0000  6.693868E-0003  1.068890E-0002  6.734177E-0002  3.537607E-0002  2.522661E-0002  1.731270E-0002
  1.934522E-0002  3.750790E-0003  2.809171E-0002  5.368357E-0002  6.693868E-0003  0.000000E+0000  1.275126E-0002  2.097266E-0002  3.598923E-0002  2.373645E-0002  1.137686E-0002
  2.781487E-0002  1.080032E-0002  2.737132E-0002  1.684547E-0002  1.068890E-0002  1.275126E-0002  0.000000E+0000  3.535242E-0002  5.054318E-0002  1.611760E-0002  5.687610E-0002
  1.398562E-0001  1.549910E-0002  1.533985E-0001  4.110830E-0002  6.734177E-0002  2.097266E-0002  3.535242E-0002  0.000000E+0000  7.333318E-0002  1.597981E-0002  4.448909E-0002
  9.846026E-0002  2.853188E-0002  1.123420E-0001  2.304087E-0002  3.537607E-0002  3.598923E-0002  5.054318E-0002  7.333318E-0002  0.000000E+0000  1.488805E-0002  2.895322E-0002
  1.378751E-0002  1.485515E-0002  1.108844E-0002  4.726821E-0002  2.522661E-0002  2.373645E-0002  1.611760E-0002  1.597981E-0002  1.488805E-0002  0.000000E+0000  2.566413E-0002
  4.664297E-0002  1.712435E-0002  2.762363E-0002  4.118048E-0002  1.731270E-0002  1.137686E-0002  5.687610E-0002  4.448909E-0002  2.895322E-0002  2.566413E-0002  0.000000E+0000

  0.000000E+0000  1.579274E-0002  1.508429E-0001  6.631116E-0002  1.034526E-0001  6.326046E-0002  4.994238E-0002  2.057056E-0001  8.913677E-0002  3.630988E-0002  1.504508E-0001
  1.579274E-0002  0.000000E+0000  4.053166E-0003  2.545840E-0002  6.311273E-0002  1.164310E-0002  2.648935E-0003  7.114001E-0003  7.888139E-0004  2.087995E-0002  2.615687E-0002
  1.508429E-0001  4.053166E-0003  0.000000E+0000  7.945422E-0002  1.425154E-0001  1.908493E-0002  1.629643E-0002  6.087778E-0002  5.867280E-0002  1.833035E-0002  3.657906E-0002
  6.631116E-0002  2.545840E-0002  7.945422E-0002  0.000000E+0000  1.014627E-0001  4.999841E-0002  4.865567E-0002  1.313743E-0001  7.358208E-0002  3.915504E-0002  1.221679E-0001
  1.034526E-0001  6.311273E-0002  1.425154E-0001  1.014627E-0001  0.000000E+0000  9.462649E-0002  8.521333E-0002  2.319249E-0001  1.826683E-0001  6.632793E-0002  1.027850E-0001
  6.326046E-0002  1.164310E-0002  1.908493E-0002  4.999841E-0002  9.462649E-0002  0.000000E+0000  2.248836E-0002  2.783060E-0002  3.744064E-0002  4.429935E-0002  1.237804E-0001
  4.994238E-0002  2.648935E-0003  1.629643E-0002  4.865567E-0002  8.521333E-0002  2.248836E-0002  0.000000E+0000  3.211149E-0002  3.431788E-0002  2.504514E-0002  4.283509E-0002
  2.057056E-0001  7.114001E-0003  6.087778E-0002  1.313743E-0001  2.319249E-0001  2.783060E-0002  3.211149E-0002  0.000000E+0000  2.629676E-0002  2.944218E-0002  5.047434E-0002
  8.913677E-0002  7.888139E-0004  5.867280E-0002  7.358208E-0002  1.826683E-0001  3.744064E-0002  3.431788E-0002  2.629676E-0002  0.000000E+0000  1.693059E-0002  3.591457E-0002
  3.630988E-0002  2.087995E-0002  1.833035E-0002  3.915504E-0002  6.632793E-0002  4.429935E-0002  2.504514E-0002  2.944218E-0002  1.693059E-0002  0.000000E+0000  1.171604E-0001
  1.504508E-0001  2.615687E-0002  3.657906E-0002  1.221679E-0001  1.027850E-0001  1.237804E-0001  4.283509E-0002  5.047434E-0002  3.591457E-0002  1.171604E-0001  0.000000E+0000

  0.000000E+0000  4.955540E-0003  3.813512E-0002  2.119936E-0003  1.132857E-0002  4.026703E-0003  5.247199E-0003  2.343480E-0002  8.582051E-0003  7.259867E-0004  4.912113E-0003
  4.955540E-0003  0.000000E+0000  1.632905E-0002  7.228610E-0004  7.477423E-0003  2.243204E-0003  5.234191E-0003  8.614048E-0003  3.251261E-0003  2.141637E-0003  3.559803E-0003
  3.813512E-0002  1.632905E-0002  0.000000E+0000  1.188513E-0002  8.585639E-0003  1.357223E-0002  3.650235E-0002  4.644084E-0002  5.305766E-0002  1.235371E-0003  5.538215E-0002
  2.119936E-0003  7.228610E-0004  1.188513E-0002  0.000000E+0000  4.341544E-0003  2.870967E-0003  3.451963E-0003  9.151955E-0003  3.025508E-0003  2.559501E-0003  3.423975E-0003
  1.132857E-0002  7.477423E-0003  8.585639E-0003  4.341544E-0003  0.000000E+0000  2.455318E-0003  5.039888E-0003  1.703669E-0002  1.559635E-0002  1.981512E-0003  9.383793E-0003
  4.026703E-0003  2.243204E-0003  1.357223E-0002  2.870967E-0003  2.455318E-0003  0.000000E+0000  3.362739E-0003  1.344274E-0002  1.145001E-0002  4.971689E-0003  3.947702E-0003
  5.247199E-0003  5.234191E-0003  3.650235E-0002  3.451963E-0003  5.039888E-0003  3.362739E-0003  0.000000E+0000  4.051577E-0002  3.643179E-0002  4.946449E-0003  2.997020E-0002
  2.343480E-0002  8.614048E-0003  4.644084E-0002  9.151955E-0003  1.703669E-0002  1.344274E-0002  4.051577E-0002  0.000000E+0000  3.566755E-0002  1.291597E-0003  4.849180E-0002
  8.582051E-0003  3.251261E-0003  5.305766E-0002  3.025508E-0003  1.559635E-0002  1.145001E-0002  3.643179E-0002  3.566755E-0002  0.000000E+0000  9.556130E-0004  2.553815E-0002
  7.259867E-0004  2.141637E-0003  1.235371E-0003  2.559501E-0003  1.981512E-0003  4.971689E-0003  4.946449E-0003  1.291597E-0003  9.556130E-0004  0.000000E+0000  7.866686E-0003
  4.912113E-0003  3.559803E-0003  5.538215E-0002  3.423975E-0003  9.383793E-0003  3.947702E-0003  2.997020E-0002  4.849180E-0002  2.553815E-0002  7.866686E-0003  0.000000E+0000

  0.000000E+0000  1.545301E-0003  4.302582E-0003  1.660431E-0003  1.266978E-0003  8.955461E-0004  9.605457E-0004  2.667237E-0003  2.968085E-0003  7.001280E-0004  1.483076E-0003
  1.545301E-0003  0.000000E+0000  1.340117E-0003  1.157783E-0003  3.525411E-0003  1.150821E-0002  2.424058E-0003  1.716075E-0003  1.387306E-0003  7.461079E-0003  5.367024E-0003
  4.302582E-0003  1.340117E-0003  0.000000E+0000  5.607741E-0004  3.035726E-0004  1.955722E-0003  2.413972E-0003  2.931535E-0003  3.858071E-0003  6.970434E-0004  4.480950E-0003
  1.660431E-0003  1.157783E-0003  5.607741E-0004  0.000000E+0000  6.879493E-0004  6.612374E-0004  1.536352E-0003  1.102831E-0003  3.642069E-0004  1.662302E-0003  1.717790E-0003
  1.266978E-0003  3.525411E-0003  3.035726E-0004  6.879493E-0004  0.000000E+0000  1.022331E-0002  1.023366E-0003  5.778218E-0003  2.344273E-0003  4.217033E-0003  2.193332E-0003
  8.955461E-0004  1.150821E-0002  1.955722E-0003  6.612374E-0004  1.022331E-0002  0.000000E+0000  9.995527E-0004  1.053302E-0002  1.304635E-0003  2.152609E-0003  5.464409E-0004
  9.605457E-0004  2.424058E-0003  2.413972E-0003  1.536352E-0003  1.023366E-0003  9.995527E-0004  0.000000E+0000  4.471541E-0003  1.924689E-0003  1.289064E-0003  2.933252E-0003
  2.667237E-0003  1.716075E-0003  2.931535E-0003  1.102831E-0003  5.778218E-0003  1.053302E-0002  4.471541E-0003  0.000000E+0000  3.961838E-0003  4.793785E-0003  1.068805E-0002
  2.968085E-0003  1.387306E-0003  3.858071E-0003  3.642069E-0004  2.344273E-0003  1.304635E-0003  1.924689E-0003  3.961838E-0003  0.000000E+0000  2.139899E-0003  2.373214E-0003
  7.001280E-0004  7.461079E-0003  6.970434E-0004  1.662302E-0003  4.217033E-0003  2.152609E-0003  1.289064E-0003  4.793785E-0003  2.139899E-0003  0.000000E+0000  2.365429E-0003
  1.483076E-0003  5.367024E-0003  4.480950E-0003  1.717790E-0003  2.193332E-0003  5.464409E-0004  2.933252E-0003  1.068805E-0002  2.373214E-0003  2.365429E-0003  0.000000E+0000
