6661999 = Ignore first line (new format code)
File name: E:\Folders\PhD\ISAD\ISAD_Curry_data\ISAD_EEGs\eLORETA\EEGs_128Hz_200sec-window\Clinical_v_Healthy\T1_clinical_all\F40-ROIlinLagConn-crss.txt
1 = Number of time frames in Time X Frequency decomposition
3 = Number of EEG files
11 = Number Electrodes
25600 = Number of time frames in EEG files
32768 = Number of time frames in EEG files power of 2
7 = Number of matrices
5 = Band type (1=Classical1; 2=Classical2; 3=DiscreteFreqs; 4=AllDiscreteFreqs; 5=UserDefinedBands)
 1.280000E+0002 = Sampling rate Hz
-1.000000E+0002 = Freq1 Hz
-1.000000E+0002 = Freq2 Hz
 3.906250E-0003 = Frequency resolution Hz

  0.000000E+0000  1.939704E-0002  6.912778E-0002  6.881054E-0002  3.410805E-0002  4.279794E-0002  9.252806E-0002  4.817738E-0002  6.079962E-0002  6.379642E-0002  1.199290E-0001
  1.939704E-0002  0.000000E+0000  3.362647E-0002  3.876199E-0002  3.474414E-0002  4.064507E-0002  2.297642E-0002  6.604841E-0002  6.124262E-0002  6.064048E-0002  6.518763E-0002
  6.912778E-0002  3.362647E-0002  0.000000E+0000  1.344573E-0002  2.993570E-0002  4.011313E-0002  1.124648E-0002  4.428175E-0002  1.684301E-0002  3.679668E-0002  2.247216E-0002
  6.881054E-0002  3.876199E-0002  1.344573E-0002  0.000000E+0000  2.885592E-0002  1.793014E-0001  6.456067E-0003  2.109768E-0002  2.392533E-0002  9.641983E-0003  1.763441E-0002
  3.410805E-0002  3.474414E-0002  2.993570E-0002  2.885592E-0002  0.000000E+0000  4.989181E-0002  2.785367E-0002  7.512887E-0002  4.210151E-0002  7.566831E-0002  4.747204E-0002
  4.279794E-0002  4.064507E-0002  4.011313E-0002  1.793014E-0001  4.989181E-0002  0.000000E+0000  6.068525E-0002  4.802078E-0002  3.959959E-0002  5.481065E-0002  7.743730E-0002
  9.252806E-0002  2.297642E-0002  1.124648E-0002  6.456067E-0003  2.785367E-0002  6.068525E-0002  0.000000E+0000  1.639527E-0002  4.427697E-0002  2.770205E-0002  3.780816E-0002
  4.817738E-0002  6.604841E-0002  4.428175E-0002  2.109768E-0002  7.512887E-0002  4.802078E-0002  1.639527E-0002  0.000000E+0000  3.919325E-0002  8.522694E-0002  3.313649E-0002
  6.079962E-0002  6.124262E-0002  1.684301E-0002  2.392533E-0002  4.210151E-0002  3.959959E-0002  4.427697E-0002  3.919325E-0002  0.000000E+0000  8.688608E-0003  2.206489E-0002
  6.379642E-0002  6.064048E-0002  3.679668E-0002  9.641983E-0003  7.566831E-0002  5.481065E-0002  2.770205E-0002  8.522694E-0002  8.688608E-0003  0.000000E+0000  6.653387E-0002
  1.199290E-0001  6.518763E-0002  2.247216E-0002  1.763441E-0002  4.747204E-0002  7.743730E-0002  3.780816E-0002  3.313649E-0002  2.206489E-0002  6.653387E-0002  0.000000E+0000

  0.000000E+0000  9.779125E-0003  2.394505E-0003  5.992712E-0003  5.195979E-0003  2.096093E-0002  4.406014E-0003  1.100617E-0002  1.790738E-0003  1.501497E-0002  1.585048E-0002
  9.779125E-0003  0.000000E+0000  3.246175E-0003  6.130361E-0003  5.445487E-0003  2.667893E-0002  1.095846E-0002  1.553306E-0002  6.372818E-0003  1.725419E-0002  1.857685E-0002
  2.394505E-0003  3.246175E-0003  0.000000E+0000  1.038408E-0002  1.923527E-0003  1.349071E-0002  6.237475E-0003  6.638816E-0003  2.869059E-0003  4.467228E-0003  1.813871E-0002
  5.992712E-0003  6.130361E-0003  1.038408E-0002  0.000000E+0000  1.814464E-0002  1.003281E-0002  3.228550E-0003  4.211260E-0003  4.786408E-0003  5.584086E-0003  4.818400E-0003
  5.195979E-0003  5.445487E-0003  1.923527E-0003  1.814464E-0002  0.000000E+0000  2.137135E-0002  1.187578E-0002  1.086418E-0002  5.698725E-0003  1.248778E-0002  2.570922E-0002
  2.096093E-0002  2.667893E-0002  1.349071E-0002  1.003281E-0002  2.137135E-0002  0.000000E+0000  8.061676E-0003  1.680068E-0002  2.208034E-0002  1.092289E-0002  1.375462E-0002
  4.406014E-0003  1.095846E-0002  6.237475E-0003  3.228550E-0003  1.187578E-0002  8.061676E-0003  0.000000E+0000  3.308294E-0003  7.740979E-0003  4.108371E-0003  4.631527E-0003
  1.100617E-0002  1.553306E-0002  6.638816E-0003  4.211260E-0003  1.086418E-0002  1.680068E-0002  3.308294E-0003  0.000000E+0000  7.950539E-0003  1.065469E-0002  7.966488E-0003
  1.790738E-0003  6.372818E-0003  2.869059E-0003  4.786408E-0003  5.698725E-0003  2.208034E-0002  7.740979E-0003  7.950539E-0003  0.000000E+0000  6.018552E-0003  1.083870E-0002
  1.501497E-0002  1.725419E-0002  4.467228E-0003  5.584086E-0003  1.248778E-0002  1.092289E-0002  4.108371E-0003  1.065469E-0002  6.018552E-0003  0.000000E+0000  3.208132E-0003
  1.585048E-0002  1.857685E-0002  1.813871E-0002  4.818400E-0003  2.570922E-0002  1.375462E-0002  4.631527E-0003  7.966488E-0003  1.083870E-0002  3.208132E-0003  0.000000E+0000

  0.000000E+0000  4.699629E-0004  2.342360E-0004  2.438720E-0003  4.213271E-0004  1.588221E-0003  1.612288E-0003  4.067078E-0004  9.609819E-0004  1.618060E-0003  3.549886E-0003
  4.699629E-0004  0.000000E+0000  2.533086E-0004  3.108340E-0003  2.711307E-0004  1.111924E-0003  2.083827E-0003  8.788377E-0004  2.141347E-0003  8.499334E-0004  3.204930E-0003
  2.342360E-0004  2.533086E-0004  0.000000E+0000  1.529773E-0003  3.386046E-0004  8.728796E-0004  1.367572E-0003  6.345976E-0004  1.274220E-0003  5.875312E-0004  1.958551E-0003
  2.438720E-0003  3.108340E-0003  1.529773E-0003  0.000000E+0000  4.525190E-0003  6.455360E-0003  3.158039E-0003  6.234751E-0003  5.377427E-0003  7.734987E-0003  6.922983E-0003
  4.213271E-0004  2.711307E-0004  3.386046E-0004  4.525190E-0003  0.000000E+0000  1.873585E-0003  1.887786E-0003  7.825557E-0004  2.068884E-0003  9.072493E-0004  4.960449E-0003
  1.588221E-0003  1.111924E-0003  8.728796E-0004  6.455360E-0003  1.873585E-0003  0.000000E+0000  4.332578E-0003  2.848614E-0003  5.161712E-0003  3.166714E-0003  4.774362E-0003
  1.612288E-0003  2.083827E-0003  1.367572E-0003  3.158039E-0003  1.887786E-0003  4.332578E-0003  0.000000E+0000  3.593184E-0003  3.718053E-0003  3.934823E-0003  3.987349E-0003
  4.067078E-0004  8.788377E-0004  6.345976E-0004  6.234751E-0003  7.825557E-0004  2.848614E-0003  3.593184E-0003  0.000000E+0000  3.819836E-0003  2.029526E-0003  8.766517E-0003
  9.609819E-0004  2.141347E-0003  1.274220E-0003  5.377427E-0003  2.068884E-0003  5.161712E-0003  3.718053E-0003  3.819836E-0003  0.000000E+0000  3.547436E-0003  7.353805E-0003
  1.618060E-0003  8.499334E-0004  5.875312E-0004  7.734987E-0003  9.072493E-0004  3.166714E-0003  3.934823E-0003  2.029526E-0003  3.547436E-0003  0.000000E+0000  5.931275E-0003
  3.549886E-0003  3.204930E-0003  1.958551E-0003  6.922983E-0003  4.960449E-0003  4.774362E-0003  3.987349E-0003  8.766517E-0003  7.353805E-0003  5.931275E-0003  0.000000E+0000

  0.000000E+0000  7.574346E-0004  6.761958E-0004  1.451454E-0003  1.532081E-0003  1.433000E-0003  1.253185E-0003  1.186901E-0003  1.542845E-0003  1.315168E-0003  1.206297E-0003
  7.574346E-0004  0.000000E+0000  9.424506E-0004  1.481827E-0003  2.398247E-0003  1.980066E-0003  1.224618E-0003  1.179256E-0003  1.425249E-0003  2.112169E-0003  1.377302E-0003
  6.761958E-0004  9.424506E-0004  0.000000E+0000  1.136306E-0003  2.432585E-0003  1.295423E-0003  9.661280E-0004  1.060553E-0003  1.474724E-0003  1.901579E-0003  1.667471E-0003
  1.451454E-0003  1.481827E-0003  1.136306E-0003  0.000000E+0000  3.329045E-0003  2.457541E-0004  1.766088E-0003  1.212725E-0003  7.507794E-0004  1.318926E-0004  1.601589E-0003
  1.532081E-0003  2.398247E-0003  2.432585E-0003  3.329045E-0003  0.000000E+0000  5.211035E-0003  2.646978E-0003  4.511202E-0003  4.218806E-0003  5.056976E-0003  1.925473E-0003
  1.433000E-0003  1.980066E-0003  1.295423E-0003  2.457541E-0004  5.211035E-0003  0.000000E+0000  2.277508E-0003  1.707308E-0003  3.623564E-0003  1.403371E-0003  3.376860E-0003
  1.253185E-0003  1.224618E-0003  9.661280E-0004  1.766088E-0003  2.646978E-0003  2.277508E-0003  0.000000E+0000  2.114952E-0003  2.152115E-0003  2.826622E-0003  1.445719E-0003
  1.186901E-0003  1.179256E-0003  1.060553E-0003  1.212725E-0003  4.511202E-0003  1.707308E-0003  2.114952E-0003  0.000000E+0000  6.249223E-0004  3.919503E-0003  2.130608E-0003
  1.542845E-0003  1.425249E-0003  1.474724E-0003  7.507794E-0004  4.218806E-0003  3.623564E-0003  2.152115E-0003  6.249223E-0004  0.000000E+0000  3.119881E-0003  2.553096E-0003
  1.315168E-0003  2.112169E-0003  1.901579E-0003  1.318926E-0004  5.056976E-0003  1.403371E-0003  2.826622E-0003  3.919503E-0003  3.119881E-0003  0.000000E+0000  2.844318E-0003
  1.206297E-0003  1.377302E-0003  1.667471E-0003  1.601589E-0003  1.925473E-0003  3.376860E-0003  1.445719E-0003  2.130608E-0003  2.553096E-0003  2.844318E-0003  0.000000E+0000

  0.000000E+0000  9.740210E-0003  1.356219E-0002  2.570525E-0003  2.111546E-0002  1.199224E-0002  3.555652E-0003  1.552830E-0002  2.363234E-0002  1.137250E-0002  9.537433E-0003
  9.740210E-0003  0.000000E+0000  9.312717E-0003  8.091561E-0003  2.692441E-0002  1.030685E-0002  3.811316E-0003  1.993194E-0002  2.928189E-0002  9.139641E-0003  8.555757E-0003
  1.356219E-0002  9.312717E-0003  0.000000E+0000  6.741981E-0003  1.654435E-0002  6.155081E-0003  2.016275E-0003  1.473105E-0002  1.181280E-0002  5.066335E-0003  5.175393E-0003
  2.570525E-0003  8.091561E-0003  6.741981E-0003  0.000000E+0000  6.714509E-0003  1.137689E-0002  4.262857E-0003  3.064927E-0003  6.462811E-0003  7.479236E-0003  6.111933E-0003
  2.111546E-0002  2.692441E-0002  1.654435E-0002  6.714509E-0003  0.000000E+0000  1.672231E-0002  8.322658E-0003  2.135564E-0002  3.048939E-0002  1.230022E-0002  1.512738E-0002
  1.199224E-0002  1.030685E-0002  6.155081E-0003  1.137689E-0002  1.672231E-0002  0.000000E+0000  3.798011E-0003  2.359959E-0002  2.765442E-0002  1.449937E-0002  5.406577E-0003
  3.555652E-0003  3.811316E-0003  2.016275E-0003  4.262857E-0003  8.322658E-0003  3.798011E-0003  0.000000E+0000  4.868223E-0003  6.563380E-0003  5.552696E-0004  3.001656E-0003
  1.552830E-0002  1.993194E-0002  1.473105E-0002  3.064927E-0003  2.135564E-0002  2.359959E-0002  4.868223E-0003  0.000000E+0000  1.778098E-0002  1.312800E-0002  1.044002E-0002
  2.363234E-0002  2.928189E-0002  1.181280E-0002  6.462811E-0003  3.048939E-0002  2.765442E-0002  6.563380E-0003  1.778098E-0002  0.000000E+0000  8.488026E-0003  7.076336E-0003
  1.137250E-0002  9.139641E-0003  5.066335E-0003  7.479236E-0003  1.230022E-0002  1.449937E-0002  5.552696E-0004  1.312800E-0002  8.488026E-0003  0.000000E+0000  3.075540E-0003
  9.537433E-0003  8.555757E-0003  5.175393E-0003  6.111933E-0003  1.512738E-0002  5.406577E-0003  3.001656E-0003  1.044002E-0002  7.076336E-0003  3.075540E-0003  0.000000E+0000

  0.000000E+0000  5.575418E-0003  5.757890E-0003  3.039606E-0003  1.067117E-0002  1.307609E-0002  5.068787E-0003  9.464296E-0003  1.236893E-0002  1.585105E-0002  1.637518E-0002
  5.575418E-0003  0.000000E+0000  2.119618E-0003  3.856894E-0003  3.123997E-0003  5.941819E-0003  2.009328E-0003  7.353863E-0003  4.658122E-0003  8.787448E-0003  3.279230E-0003
  5.757890E-0003  2.119618E-0003  0.000000E+0000  2.890629E-0003  2.400909E-0003  7.041250E-0003  2.081062E-0003  5.824520E-0003  2.518356E-0003  7.207986E-0003  4.768287E-0003
  3.039606E-0003  3.856894E-0003  2.890629E-0003  0.000000E+0000  4.011021E-0003  6.320153E-0003  1.996312E-0003  4.955251E-0003  4.893213E-0003  8.263140E-0003  5.663653E-0003
  1.067117E-0002  3.123997E-0003  2.400909E-0003  4.011021E-0003  0.000000E+0000  7.436520E-0003  1.341770E-0003  1.086003E-0002  3.345566E-0003  9.682216E-0003  4.439204E-0003
  1.307609E-0002  5.941819E-0003  7.041250E-0003  6.320153E-0003  7.436520E-0003  0.000000E+0000  4.674574E-0003  7.127593E-0003  8.918145E-0003  1.191192E-0002  1.065895E-0002
  5.068787E-0003  2.009328E-0003  2.081062E-0003  1.996312E-0003  1.341770E-0003  4.674574E-0003  0.000000E+0000  2.983058E-0003  2.035508E-0003  5.821423E-0003  4.494323E-0003
  9.464296E-0003  7.353863E-0003  5.824520E-0003  4.955251E-0003  1.086003E-0002  7.127593E-0003  2.983058E-0003  0.000000E+0000  1.085728E-0002  7.380563E-0003  1.184330E-0002
  1.236893E-0002  4.658122E-0003  2.518356E-0003  4.893213E-0003  3.345566E-0003  8.918145E-0003  2.035508E-0003  1.085728E-0002  0.000000E+0000  1.080281E-0002  7.571823E-0003
  1.585105E-0002  8.787448E-0003  7.207986E-0003  8.263140E-0003  9.682216E-0003  1.191192E-0002  5.821423E-0003  7.380563E-0003  1.080281E-0002  0.000000E+0000  1.641766E-0002
  1.637518E-0002  3.279230E-0003  4.768287E-0003  5.663653E-0003  4.439204E-0003  1.065895E-0002  4.494323E-0003  1.184330E-0002  7.571823E-0003  1.641766E-0002  0.000000E+0000

  0.000000E+0000  2.250822E-0003  1.226693E-0003  3.881903E-0003  3.158407E-0003  3.438317E-0003  2.342851E-0003  4.352283E-0003  4.591224E-0003  2.307166E-0003  1.791308E-0003
  2.250822E-0003  0.000000E+0000  1.525134E-0003  5.583838E-0003  2.750783E-0003  6.317158E-0004  4.266670E-0003  4.221870E-0003  3.853310E-0003  2.306376E-0003  2.733500E-0003
  1.226693E-0003  1.525134E-0003  0.000000E+0000  2.541303E-0003  2.128584E-0003  9.552380E-0004  2.848449E-0003  1.804410E-0003  1.735454E-0003  1.344722E-0003  4.368924E-0003
  3.881903E-0003  5.583838E-0003  2.541303E-0003  0.000000E+0000  5.332862E-0003  7.468920E-0003  1.877428E-0003  5.504268E-0003  5.392438E-0003  1.195791E-0003  3.278583E-0003
  3.158407E-0003  2.750783E-0003  2.128584E-0003  5.332862E-0003  0.000000E+0000  8.656538E-0004  6.373712E-0003  5.775334E-0003  4.808480E-0003  2.791589E-0003  4.179975E-0003
  3.438317E-0003  6.317158E-0004  9.552380E-0004  7.468920E-0003  8.656538E-0004  0.000000E+0000  3.221606E-0003  3.794985E-0003  2.172331E-0003  1.520108E-0003  2.065334E-0003
  2.342851E-0003  4.266670E-0003  2.848449E-0003  1.877428E-0003  6.373712E-0003  3.221606E-0003  0.000000E+0000  2.419528E-0003  4.543845E-0003  1.706381E-0003  5.312499E-0003
  4.352283E-0003  4.221870E-0003  1.804410E-0003  5.504268E-0003  5.775334E-0003  3.794985E-0003  2.419528E-0003  0.000000E+0000  3.014087E-0003  3.951036E-0003  2.984350E-0003
  4.591224E-0003  3.853310E-0003  1.735454E-0003  5.392438E-0003  4.808480E-0003  2.172331E-0003  4.543845E-0003  3.014087E-0003  0.000000E+0000  4.904005E-0003  2.301766E-0003
  2.307166E-0003  2.306376E-0003  1.344722E-0003  1.195791E-0003  2.791589E-0003  1.520108E-0003  1.706381E-0003  3.951036E-0003  4.904005E-0003  0.000000E+0000  2.563349E-0003
  1.791308E-0003  2.733500E-0003  4.368924E-0003  3.278583E-0003  4.179975E-0003  2.065334E-0003  5.312499E-0003  2.984350E-0003  2.301766E-0003  2.563349E-0003  0.000000E+0000
