6661999 = Ignore first line (new format code)
File name: E:\Folders\PhD\ISAD\ISAD_Curry_data\ISAD_EEGs\eLORETA\EEGs_128Hz_200sec-window\Clinical_v_Healthy\T1_clinical_all\F41-ROIlinLagConn-crss.txt
1 = Number of time frames in Time X Frequency decomposition
2 = Number of EEG files
11 = Number Electrodes
25600 = Number of time frames in EEG files
32768 = Number of time frames in EEG files power of 2
7 = Number of matrices
5 = Band type (1=Classical1; 2=Classical2; 3=DiscreteFreqs; 4=AllDiscreteFreqs; 5=UserDefinedBands)
 1.280000E+0002 = Sampling rate Hz
-1.000000E+0002 = Freq1 Hz
-1.000000E+0002 = Freq2 Hz
 3.906250E-0003 = Frequency resolution Hz

  0.000000E+0000  2.044052E-0002  1.007205E-0001  3.152000E-0002  6.349465E-0002  7.051770E-0002  7.910880E-0002  2.884684E-0002  5.493904E-0002  6.456733E-0002  1.019740E-0001
  2.044052E-0002  0.000000E+0000  6.994835E-0002  1.322510E-0002  4.119511E-0002  6.532175E-0002  7.095769E-0002  1.741928E-0002  1.288706E-0002  2.842271E-0002  9.488180E-0002
  1.007205E-0001  6.994835E-0002  0.000000E+0000  6.630853E-0002  1.011483E-0001  9.575786E-0002  1.116829E-0001  1.264147E-0001  1.284152E-0001  1.160234E-0001  1.399685E-0001
  3.152000E-0002  1.322510E-0002  6.630853E-0002  0.000000E+0000  4.645126E-0002  6.496025E-0002  7.354183E-0002  3.248511E-0002  2.868750E-0002  4.086381E-0002  9.281300E-0002
  6.349465E-0002  4.119511E-0002  1.011483E-0001  4.645126E-0002  0.000000E+0000  1.070168E-0001  1.001448E-0001  7.715013E-0002  8.852412E-0002  1.176000E-0001  1.285666E-0001
  7.051770E-0002  6.532175E-0002  9.575786E-0002  6.496025E-0002  1.070168E-0001  0.000000E+0000  1.046039E-0001  9.191135E-0002  1.043569E-0001  9.960373E-0002  1.744286E-0001
  7.910880E-0002  7.095769E-0002  1.116829E-0001  7.354183E-0002  1.001448E-0001  1.046039E-0001  0.000000E+0000  1.026751E-0001  1.242948E-0001  1.161937E-0001  1.238879E-0001
  2.884684E-0002  1.741928E-0002  1.264147E-0001  3.248511E-0002  7.715013E-0002  9.191135E-0002  1.026751E-0001  0.000000E+0000  1.205668E-0001  8.397641E-0002  1.807957E-0001
  5.493904E-0002  1.288706E-0002  1.284152E-0001  2.868750E-0002  8.852412E-0002  1.043569E-0001  1.242948E-0001  1.205668E-0001  0.000000E+0000  8.410537E-0002  1.845251E-0001
  6.456733E-0002  2.842271E-0002  1.160234E-0001  4.086381E-0002  1.176000E-0001  9.960373E-0002  1.161937E-0001  8.397641E-0002  8.410537E-0002  0.000000E+0000  1.789073E-0001
  1.019740E-0001  9.488180E-0002  1.399685E-0001  9.281300E-0002  1.285666E-0001  1.744286E-0001  1.238879E-0001  1.807957E-0001  1.845251E-0001  1.789073E-0001  0.000000E+0000

  0.000000E+0000  8.076364E-0004  2.344401E-0003  1.187517E-0003  1.822342E-0003  1.920716E-0003  3.113550E-0003  1.554282E-0003  1.685471E-0003  1.982263E-0003  2.889598E-0003
  8.076364E-0004  0.000000E+0000  1.359817E-0003  3.626047E-0004  8.310043E-0004  1.250938E-0003  2.015407E-0003  1.036323E-0003  9.980558E-0004  1.380114E-0003  1.983310E-0003
  2.344401E-0003  1.359817E-0003  0.000000E+0000  1.405671E-0003  4.939940E-0003  3.263848E-0003  4.991312E-0003  4.292839E-0003  5.811931E-0003  3.682675E-0003  4.408645E-0003
  1.187517E-0003  3.626047E-0004  1.405671E-0003  0.000000E+0000  1.393793E-0003  1.579788E-0003  2.725084E-0003  1.723630E-0003  1.925742E-0003  2.026349E-0003  2.528090E-0003
  1.822342E-0003  8.310043E-0004  4.939940E-0003  1.393793E-0003  0.000000E+0000  3.639738E-0003  4.868737E-0003  3.277678E-0003  3.963980E-0003  2.940278E-0003  4.459414E-0003
  1.920716E-0003  1.250938E-0003  3.263848E-0003  1.579788E-0003  3.639738E-0003  0.000000E+0000  3.009133E-0003  3.078118E-0003  3.700486E-0003  2.753610E-0003  3.178500E-0003
  3.113550E-0003  2.015407E-0003  4.991312E-0003  2.725084E-0003  4.868737E-0003  3.009133E-0003  0.000000E+0000  3.797654E-0003  5.317071E-0003  2.913097E-0003  2.835013E-0003
  1.554282E-0003  1.036323E-0003  4.292839E-0003  1.723630E-0003  3.277678E-0003  3.078118E-0003  3.797654E-0003  0.000000E+0000  4.163997E-0003  2.887733E-0003  4.257988E-0003
  1.685471E-0003  9.980558E-0004  5.811931E-0003  1.925742E-0003  3.963980E-0003  3.700486E-0003  5.317071E-0003  4.163997E-0003  0.000000E+0000  3.079570E-0003  4.944026E-0003
  1.982263E-0003  1.380114E-0003  3.682675E-0003  2.026349E-0003  2.940278E-0003  2.753610E-0003  2.913097E-0003  2.887733E-0003  3.079570E-0003  0.000000E+0000  3.482235E-0003
  2.889598E-0003  1.983310E-0003  4.408645E-0003  2.528090E-0003  4.459414E-0003  3.178500E-0003  2.835013E-0003  4.257988E-0003  4.944026E-0003  3.482235E-0003  0.000000E+0000

  0.000000E+0000  2.098744E-0004  5.584300E-0004  9.677240E-0005  1.222960E-0003  1.991677E-0003  4.750299E-0004  2.045978E-0004  5.684284E-0004  1.654780E-0003  2.244784E-0004
  2.098744E-0004  0.000000E+0000  2.873169E-0004  7.727884E-0005  7.259257E-0004  7.869577E-0004  5.444954E-0004  3.001494E-0004  5.649991E-0004  7.704313E-0004  4.527904E-0004
  5.584300E-0004  2.873169E-0004  0.000000E+0000  2.469879E-0004  5.819622E-0004  7.428423E-0004  1.005660E-0003  5.887041E-0004  5.706740E-0004  7.248046E-0004  1.153654E-0003
  9.677240E-0005  7.727884E-0005  2.469879E-0004  0.000000E+0000  6.232952E-0004  6.867885E-0004  3.756952E-0004  2.409491E-0004  4.760144E-0004  6.866170E-0004  1.710558E-0004
  1.222960E-0003  7.259257E-0004  5.819622E-0004  6.232952E-0004  0.000000E+0000  1.857278E-0003  3.889724E-0003  1.844964E-0003  2.099933E-0003  2.778456E-0003  5.773591E-0003
  1.991677E-0003  7.869577E-0004  7.428423E-0004  6.867885E-0004  1.857278E-0003  0.000000E+0000  2.086706E-0003  3.608502E-0003  3.433472E-0003  2.884369E-0003  2.327982E-0003
  4.750299E-0004  5.444954E-0004  1.005660E-0003  3.756952E-0004  3.889724E-0003  2.086706E-0003  0.000000E+0000  4.798915E-0004  1.912795E-0004  1.728721E-0003  1.283597E-0003
  2.045978E-0004  3.001494E-0004  5.887041E-0004  2.409491E-0004  1.844964E-0003  3.608502E-0003  4.798915E-0004  0.000000E+0000  2.531925E-0003  2.838327E-0003  8.579039E-0004
  5.684284E-0004  5.649991E-0004  5.706740E-0004  4.760144E-0004  2.099933E-0003  3.433472E-0003  1.912795E-0004  2.531925E-0003  0.000000E+0000  2.778681E-0003  1.405529E-0003
  1.654780E-0003  7.704313E-0004  7.248046E-0004  6.866170E-0004  2.778456E-0003  2.884369E-0003  1.728721E-0003  2.838327E-0003  2.778681E-0003  0.000000E+0000  1.888388E-0003
  2.244784E-0004  4.527904E-0004  1.153654E-0003  1.710558E-0004  5.773591E-0003  2.327982E-0003  1.283597E-0003  8.579039E-0004  1.405529E-0003  1.888388E-0003  0.000000E+0000

  0.000000E+0000  3.248690E-0005  8.652480E-0005  3.957684E-0005  7.692885E-0005  6.645713E-0005  1.337043E-0004  6.207171E-0005  8.468310E-0005  8.403715E-0005  8.844947E-0005
  3.248690E-0005  0.000000E+0000  4.729475E-0005  1.376094E-0005  6.183805E-0005  4.466621E-0005  8.283285E-0005  5.877758E-0005  7.395780E-0005  6.716940E-0005  5.991251E-0005
  8.652480E-0005  4.729475E-0005  0.000000E+0000  5.567072E-0005  2.567596E-0004  1.361211E-0004  2.259085E-0004  1.708970E-0004  2.810705E-0004  1.457143E-0004  1.391325E-0004
  3.957684E-0005  1.376094E-0005  5.567072E-0005  0.000000E+0000  9.393664E-0005  5.793079E-0005  1.162886E-0004  7.095043E-0005  9.655840E-0005  8.153980E-0005  7.675026E-0005
  7.692885E-0005  6.183805E-0005  2.567596E-0004  9.393664E-0005  0.000000E+0000  1.242927E-0004  2.180399E-0004  1.435715E-0004  2.135417E-0004  1.817349E-0004  1.571007E-0004
  6.645713E-0005  4.466621E-0005  1.361211E-0004  5.793079E-0005  1.242927E-0004  0.000000E+0000  1.259095E-0004  1.635542E-0004  1.796203E-0004  1.264233E-0004  1.060547E-0004
  1.337043E-0004  8.283285E-0005  2.259085E-0004  1.162886E-0004  2.180399E-0004  1.259095E-0004  0.000000E+0000  1.595229E-0004  2.374662E-0004  1.195253E-0004  1.161578E-0004
  6.207171E-0005  5.877758E-0005  1.708970E-0004  7.095043E-0005  1.435715E-0004  1.635542E-0004  1.595229E-0004  0.000000E+0000  1.744733E-0004  2.143057E-0004  2.007311E-0004
  8.468310E-0005  7.395780E-0005  2.810705E-0004  9.655840E-0005  2.135417E-0004  1.796203E-0004  2.374662E-0004  1.744733E-0004  0.000000E+0000  2.593760E-0004  2.805169E-0004
  8.403715E-0005  6.716940E-0005  1.457143E-0004  8.153980E-0005  1.817349E-0004  1.264233E-0004  1.195253E-0004  2.143057E-0004  2.593760E-0004  0.000000E+0000  1.382640E-0004
  8.844947E-0005  5.991251E-0005  1.391325E-0004  7.675026E-0005  1.571007E-0004  1.060547E-0004  1.161578E-0004  2.007311E-0004  2.805169E-0004  1.382640E-0004  0.000000E+0000

  0.000000E+0000  2.458550E-0003  6.706801E-0003  3.509110E-0003  5.351790E-0003  5.423707E-0003  6.470791E-0003  3.724755E-0003  5.088204E-0003  4.827719E-0003  7.192873E-0003
  2.458550E-0003  0.000000E+0000  4.667929E-0003  1.502404E-0003  3.329679E-0003  4.641009E-0003  5.453807E-0003  2.379399E-0003  1.870513E-0003  3.381243E-0003  6.172973E-0003
  6.706801E-0003  4.667929E-0003  0.000000E+0000  4.542351E-0003  7.353317E-0003  7.136168E-0003  8.382103E-0003  9.222071E-0003  9.951030E-0003  8.130096E-0003  9.250596E-0003
  3.509110E-0003  1.502404E-0003  4.542351E-0003  0.000000E+0000  3.642425E-0003  4.817521E-0003  5.958928E-0003  4.073258E-0003  3.871351E-0003  4.633676E-0003  6.588039E-0003
  5.351790E-0003  3.329679E-0003  7.353317E-0003  3.642425E-0003  0.000000E+0000  6.423530E-0003  7.390162E-0003  7.169270E-0003  7.372333E-0003  6.703082E-0003  7.650300E-0003
  5.423707E-0003  4.641009E-0003  7.136168E-0003  4.817521E-0003  6.423530E-0003  0.000000E+0000  6.281012E-0003  7.510171E-0003  8.221054E-0003  5.868169E-0003  6.830795E-0003
  6.470791E-0003  5.453807E-0003  8.382103E-0003  5.958928E-0003  7.390162E-0003  6.281012E-0003  0.000000E+0000  8.165874E-0003  9.318954E-0003  6.420619E-0003  7.866380E-0003
  3.724755E-0003  2.379399E-0003  9.222071E-0003  4.073258E-0003  7.169270E-0003  7.510171E-0003  8.165874E-0003  0.000000E+0000  8.961873E-0003  6.443062E-0003  1.000992E-0002
  5.088204E-0003  1.870513E-0003  9.951030E-0003  3.871351E-0003  7.372333E-0003  8.221054E-0003  9.318954E-0003  8.961873E-0003  0.000000E+0000  7.140522E-0003  1.050410E-0002
  4.827719E-0003  3.381243E-0003  8.130096E-0003  4.633676E-0003  6.703082E-0003  5.868169E-0003  6.420619E-0003  6.443062E-0003  7.140522E-0003  0.000000E+0000  7.248355E-0003
  7.192873E-0003  6.172973E-0003  9.250596E-0003  6.588039E-0003  7.650300E-0003  6.830795E-0003  7.866380E-0003  1.000992E-0002  1.050410E-0002  7.248355E-0003  0.000000E+0000

  0.000000E+0000  2.747817E-0003  8.456267E-0003  4.974476E-0003  7.811815E-0003  6.954635E-0003  6.865222E-0003  4.932761E-0003  8.504011E-0003  5.490918E-0003  8.730877E-0003
  2.747817E-0003  0.000000E+0000  4.570954E-0003  2.586623E-0003  6.049509E-0003  5.359999E-0003  4.868038E-0003  1.588947E-0003  3.301769E-0003  2.695126E-0003  6.381475E-0003
  8.456267E-0003  4.570954E-0003  0.000000E+0000  4.395950E-0003  1.087183E-0002  9.932022E-0003  9.929900E-0003  1.045290E-0002  9.563527E-0003  9.427312E-0003  1.262556E-0002
  4.974476E-0003  2.586623E-0003  4.395950E-0003  0.000000E+0000  6.735905E-0003  5.914744E-0003  6.161059E-0003  5.023574E-0003  3.756065E-0003  5.354501E-0003  7.728187E-0003
  7.811815E-0003  6.049509E-0003  1.087183E-0002  6.735905E-0003  0.000000E+0000  9.941461E-0003  9.254968E-0003  1.309827E-0002  1.360832E-0002  9.596556E-0003  1.204698E-0002
  6.954635E-0003  5.359999E-0003  9.932022E-0003  5.914744E-0003  9.941461E-0003  0.000000E+0000  6.362913E-0003  1.080188E-0002  1.179666E-0002  8.811799E-0003  9.214278E-0003
  6.865222E-0003  4.868038E-0003  9.929900E-0003  6.161059E-0003  9.254968E-0003  6.362913E-0003  0.000000E+0000  8.832835E-0003  1.095579E-0002  6.189893E-0003  7.004509E-0003
  4.932761E-0003  1.588947E-0003  1.045290E-0002  5.023574E-0003  1.309827E-0002  1.080188E-0002  8.832835E-0003  0.000000E+0000  1.217287E-0002  2.970041E-0003  1.270938E-0002
  8.504011E-0003  3.301769E-0003  9.563527E-0003  3.756065E-0003  1.360832E-0002  1.179666E-0002  1.095579E-0002  1.217287E-0002  0.000000E+0000  9.471024E-0003  1.420411E-0002
  5.490918E-0003  2.695126E-0003  9.427312E-0003  5.354501E-0003  9.596556E-0003  8.811799E-0003  6.189893E-0003  2.970041E-0003  9.471024E-0003  0.000000E+0000  1.001281E-0002
  8.730877E-0003  6.381475E-0003  1.262556E-0002  7.728187E-0003  1.204698E-0002  9.214278E-0003  7.004509E-0003  1.270938E-0002  1.420411E-0002  1.001281E-0002  0.000000E+0000

  0.000000E+0000  8.077417E-0005  3.437193E-0004  1.238354E-0004  5.120270E-0004  4.485538E-0004  5.372008E-0004  2.966381E-0004  4.944153E-0004  6.331647E-0004  2.537930E-0004
  8.077417E-0005  0.000000E+0000  1.121101E-0004  4.142430E-0005  3.971783E-0004  2.386510E-0004  1.868035E-0004  2.670564E-0004  4.162141E-0004  2.781533E-0004  9.495475E-0005
  3.437193E-0004  1.121101E-0004  0.000000E+0000  2.728887E-0004  1.374743E-0003  7.166313E-0004  1.199342E-0003  6.149850E-0004  1.440114E-0003  1.130389E-0003  6.426442E-0004
  1.238354E-0004  4.142430E-0005  2.728887E-0004  0.000000E+0000  6.158242E-0004  3.699740E-0004  4.507204E-0004  3.284283E-0004  5.517869E-0004  4.961530E-0004  1.916724E-0004
  5.120270E-0004  3.971783E-0004  1.374743E-0003  6.158242E-0004  0.000000E+0000  7.922114E-0004  1.235819E-0003  5.550745E-0004  1.239839E-0003  1.098780E-0003  9.920126E-0004
  4.485538E-0004  2.386510E-0004  7.166313E-0004  3.699740E-0004  7.922114E-0004  0.000000E+0000  4.602455E-0004  5.288345E-0004  9.356421E-0004  4.296909E-0004  5.666630E-0004
  5.372008E-0004  1.868035E-0004  1.199342E-0003  4.507204E-0004  1.235819E-0003  4.602455E-0004  0.000000E+0000  5.959293E-0004  1.216480E-0003  3.932664E-0004  2.747481E-0004
  2.966381E-0004  2.670564E-0004  6.149850E-0004  3.284283E-0004  5.550745E-0004  5.288345E-0004  5.959293E-0004  0.000000E+0000  6.283832E-0004  7.340398E-0004  7.161862E-0004
  4.944153E-0004  4.162141E-0004  1.440114E-0003  5.517869E-0004  1.239839E-0003  9.356421E-0004  1.216480E-0003  6.283832E-0004  0.000000E+0000  1.524386E-0003  1.486619E-0003
  6.331647E-0004  2.781533E-0004  1.130389E-0003  4.961530E-0004  1.098780E-0003  4.296909E-0004  3.932664E-0004  7.340398E-0004  1.524386E-0003  0.000000E+0000  8.067691E-0004
  2.537930E-0004  9.495475E-0005  6.426442E-0004  1.916724E-0004  9.920126E-0004  5.666630E-0004  2.747481E-0004  7.161862E-0004  1.486619E-0003  8.067691E-0004  0.000000E+0000
