6661999 = Ignore first line (new format code)
File name: E:\Folders\PhD\ISAD\ISAD_Curry_data\ISAD_EEGs\eLORETA\EEGs_128Hz_200sec-window\Clinical_v_Healthy\T1_clinical_all\F42-ROIlinLagConn-crss.txt
1 = Number of time frames in Time X Frequency decomposition
3 = Number of EEG files
11 = Number Electrodes
25600 = Number of time frames in EEG files
32768 = Number of time frames in EEG files power of 2
7 = Number of matrices
5 = Band type (1=Classical1; 2=Classical2; 3=DiscreteFreqs; 4=AllDiscreteFreqs; 5=UserDefinedBands)
 1.280000E+0002 = Sampling rate Hz
-1.000000E+0002 = Freq1 Hz
-1.000000E+0002 = Freq2 Hz
 3.906250E-0003 = Frequency resolution Hz

  0.000000E+0000  3.377094E-0002  1.322225E-0001  5.992262E-0002  9.473633E-0002  2.532893E-0002  1.625368E-0001  2.759276E-0002  9.708068E-0002  1.304637E-0001  1.994103E-0001
  3.377094E-0002  0.000000E+0000  1.037294E-0002  8.707051E-0003  5.113666E-0002  3.598706E-0002  5.134111E-0002  3.996414E-0002  2.497831E-0002  4.006771E-0002  4.312997E-0002
  1.322225E-0001  1.037294E-0002  0.000000E+0000  1.664486E-0002  2.069371E-0002  1.005802E-0001  2.941351E-0002  1.245812E-0002  2.743727E-0002  7.129171E-0002  6.100238E-0002
  5.992262E-0002  8.707051E-0003  1.664486E-0002  0.000000E+0000  3.380676E-0002  8.885485E-0002  7.056971E-0002  2.774326E-0002  4.357039E-0002  5.659842E-0002  9.903575E-0002
  9.473633E-0002  5.113666E-0002  2.069371E-0002  3.380676E-0002  0.000000E+0000  1.029892E-0001  9.838814E-0002  9.945727E-0002  6.900018E-0002  8.719943E-0002  8.312649E-0002
  2.532893E-0002  3.598706E-0002  1.005802E-0001  8.885485E-0002  1.029892E-0001  0.000000E+0000  1.847722E-0001  2.730847E-0002  9.443282E-0002  1.773356E-0001  1.890777E-0001
  1.625368E-0001  5.134111E-0002  2.941351E-0002  7.056971E-0002  9.838814E-0002  1.847722E-0001  0.000000E+0000  4.726733E-0002  4.958925E-0002  1.218847E-0001  1.081807E-0001
  2.759276E-0002  3.996414E-0002  1.245812E-0002  2.774326E-0002  9.945727E-0002  2.730847E-0002  4.726733E-0002  0.000000E+0000  2.434906E-0002  2.093863E-0002  6.635668E-0002
  9.708068E-0002  2.497831E-0002  2.743727E-0002  4.357039E-0002  6.900018E-0002  9.443282E-0002  4.958925E-0002  2.434906E-0002  0.000000E+0000  6.339765E-0002  6.364312E-0002
  1.304637E-0001  4.006771E-0002  7.129171E-0002  5.659842E-0002  8.719943E-0002  1.773356E-0001  1.218847E-0001  2.093863E-0002  6.339765E-0002  0.000000E+0000  9.385287E-0002
  1.994103E-0001  4.312997E-0002  6.100238E-0002  9.903575E-0002  8.312649E-0002  1.890777E-0001  1.081807E-0001  6.635668E-0002  6.364312E-0002  9.385287E-0002  0.000000E+0000

  0.000000E+0000  2.141722E-0003  2.759609E-0003  4.294379E-0003  7.331736E-0003  7.974146E-0003  5.625942E-0003  3.575494E-0003  2.414293E-0003  5.702518E-0003  1.315158E-0002
  2.141722E-0003  0.000000E+0000  7.619556E-0004  3.317468E-0003  2.159962E-0003  5.700006E-0003  3.484277E-0003  8.720844E-0004  3.107144E-0004  3.331030E-0003  6.890536E-0003
  2.759609E-0003  7.619556E-0004  0.000000E+0000  1.298261E-0003  1.488393E-0003  1.881202E-0003  1.651623E-0004  1.184972E-0003  1.281299E-0003  3.469206E-0003  8.993054E-0004
  4.294379E-0003  3.317468E-0003  1.298261E-0003  0.000000E+0000  7.112860E-0003  9.275265E-0003  1.417300E-0003  4.533772E-0003  1.071885E-0002  2.569705E-0002  5.276144E-0003
  7.331736E-0003  2.159962E-0003  1.488393E-0003  7.112860E-0003  0.000000E+0000  6.930854E-0003  8.815739E-0003  3.373992E-0003  5.396061E-0003  7.718562E-0003  2.055994E-0002
  7.974146E-0003  5.700006E-0003  1.881202E-0003  9.275265E-0003  6.930854E-0003  0.000000E+0000  5.001585E-0003  3.906283E-0003  4.322832E-0003  8.359943E-0003  9.300306E-0003
  5.625942E-0003  3.484277E-0003  1.651623E-0004  1.417300E-0003  8.815739E-0003  5.001585E-0003  0.000000E+0000  4.374786E-0003  6.502128E-0003  5.892465E-0003  2.552039E-0003
  3.575494E-0003  8.720844E-0004  1.184972E-0003  4.533772E-0003  3.373992E-0003  3.906283E-0003  4.374786E-0003  0.000000E+0000  1.144943E-0003  3.613753E-0003  9.217571E-0003
  2.414293E-0003  3.107144E-0004  1.281299E-0003  1.071885E-0002  5.396061E-0003  4.322832E-0003  6.502128E-0003  1.144943E-0003  0.000000E+0000  5.082950E-0003  1.310498E-0002
  5.702518E-0003  3.331030E-0003  3.469206E-0003  2.569705E-0002  7.718562E-0003  8.359943E-0003  5.892465E-0003  3.613753E-0003  5.082950E-0003  0.000000E+0000  7.854602E-0003
  1.315158E-0002  6.890536E-0003  8.993054E-0004  5.276144E-0003  2.055994E-0002  9.300306E-0003  2.552039E-0003  9.217571E-0003  1.310498E-0002  7.854602E-0003  0.000000E+0000

  0.000000E+0000  5.937940E-0003  2.031254E-0003  2.528895E-0003  7.156328E-0003  8.153327E-0003  1.475100E-0003  7.808359E-0003  4.231851E-0003  5.682352E-0003  6.218002E-0003
  5.937940E-0003  0.000000E+0000  2.347557E-0003  4.808286E-0003  4.236836E-0003  1.257634E-0002  4.518195E-0003  4.486110E-0003  6.215665E-0003  1.721837E-0002  1.245602E-0002
  2.031254E-0003  2.347557E-0003  0.000000E+0000  1.950940E-0003  2.450734E-0003  2.468619E-0003  8.696247E-0004  1.796700E-0003  1.662890E-0003  5.631564E-0004  1.547331E-0003
  2.528895E-0003  4.808286E-0003  1.950940E-0003  0.000000E+0000  6.178627E-0003  6.489118E-0003  2.629037E-0003  8.182697E-0003  2.112662E-0003  5.543363E-0003  3.863292E-0003
  7.156328E-0003  4.236836E-0003  2.450734E-0003  6.178627E-0003  0.000000E+0000  1.219502E-0002  2.706629E-0003  1.122244E-0002  6.631473E-0003  1.594867E-0002  9.953480E-0003
  8.153327E-0003  1.257634E-0002  2.468619E-0003  6.489118E-0003  1.219502E-0002  0.000000E+0000  3.919765E-0003  1.017841E-0002  9.279639E-0003  1.044641E-0002  5.882832E-0003
  1.475100E-0003  4.518195E-0003  8.696247E-0004  2.629037E-0003  2.706629E-0003  3.919765E-0003  0.000000E+0000  3.950386E-0003  2.805028E-0003  2.081498E-0003  4.847191E-0004
  7.808359E-0003  4.486110E-0003  1.796700E-0003  8.182697E-0003  1.122244E-0002  1.017841E-0002  3.950386E-0003  0.000000E+0000  5.088815E-0003  1.293249E-0002  1.359553E-0002
  4.231851E-0003  6.215665E-0003  1.662890E-0003  2.112662E-0003  6.631473E-0003  9.279639E-0003  2.805028E-0003  5.088815E-0003  0.000000E+0000  1.202139E-0002  3.646807E-0003
  5.682352E-0003  1.721837E-0002  5.631564E-0004  5.543363E-0003  1.594867E-0002  1.044641E-0002  2.081498E-0003  1.293249E-0002  1.202139E-0002  0.000000E+0000  8.826406E-0003
  6.218002E-0003  1.245602E-0002  1.547331E-0003  3.863292E-0003  9.953480E-0003  5.882832E-0003  4.847191E-0004  1.359553E-0002  3.646807E-0003  8.826406E-0003  0.000000E+0000

  0.000000E+0000  3.004903E-0003  3.061124E-0003  4.675811E-0003  4.153616E-0003  3.758344E-0003  5.857245E-0003  5.783563E-0003  6.304077E-0003  7.561975E-0003  9.834347E-0003
  3.004903E-0003  0.000000E+0000  3.790322E-0003  1.675615E-0003  5.331310E-0003  2.512389E-0003  5.305676E-0003  3.936754E-0003  5.420875E-0003  6.379378E-0003  6.786019E-0003
  3.061124E-0003  3.790322E-0003  0.000000E+0000  9.642947E-0004  2.949788E-0003  3.250277E-0003  2.781724E-0003  3.478413E-0003  3.205235E-0003  5.415067E-0003  2.200176E-0003
  4.675811E-0003  1.675615E-0003  9.642947E-0004  0.000000E+0000  3.774813E-0003  1.694542E-0003  1.672811E-0003  2.275420E-0003  3.831670E-0003  2.084222E-0003  3.861067E-0003
  4.153616E-0003  5.331310E-0003  2.949788E-0003  3.774813E-0003  0.000000E+0000  3.388386E-0003  5.681428E-0003  8.766751E-0003  4.402955E-0003  1.145757E-0002  6.129822E-0003
  3.758344E-0003  2.512389E-0003  3.250277E-0003  1.694542E-0003  3.388386E-0003  0.000000E+0000  4.590528E-0003  6.934783E-0003  4.418044E-0003  4.828551E-0003  5.334895E-0003
  5.857245E-0003  5.305676E-0003  2.781724E-0003  1.672811E-0003  5.681428E-0003  4.590528E-0003  0.000000E+0000  6.795334E-0003  5.584920E-0003  7.652376E-0003  5.486696E-0003
  5.783563E-0003  3.936754E-0003  3.478413E-0003  2.275420E-0003  8.766751E-0003  6.934783E-0003  6.795334E-0003  0.000000E+0000  7.477916E-0003  1.057115E-0002  6.421692E-0003
  6.304077E-0003  5.420875E-0003  3.205235E-0003  3.831670E-0003  4.402955E-0003  4.418044E-0003  5.584920E-0003  7.477916E-0003  0.000000E+0000  9.481676E-0003  8.125271E-0003
  7.561975E-0003  6.379378E-0003  5.415067E-0003  2.084222E-0003  1.145757E-0002  4.828551E-0003  7.652376E-0003  1.057115E-0002  9.481676E-0003  0.000000E+0000  8.884978E-0003
  9.834347E-0003  6.786019E-0003  2.200176E-0003  3.861067E-0003  6.129822E-0003  5.334895E-0003  5.486696E-0003  6.421692E-0003  8.125271E-0003  8.884978E-0003  0.000000E+0000

  0.000000E+0000  1.151376E-0002  2.591628E-0002  2.624729E-0002  2.632278E-0002  1.484813E-0002  2.158107E-0002  2.108518E-0002  3.180526E-0002  2.213707E-0002  3.728155E-0002
  1.151376E-0002  0.000000E+0000  7.431061E-0003  4.743236E-0003  1.181332E-0002  1.592494E-0003  4.394215E-0003  1.127885E-0002  1.471352E-0002  9.274962E-0003  6.293810E-0003
  2.591628E-0002  7.431061E-0003  0.000000E+0000  2.538908E-0002  3.043412E-0002  1.225821E-0002  1.435057E-0002  3.145696E-0002  3.074790E-0002  2.312775E-0002  3.725526E-0002
  2.624729E-0002  4.743236E-0003  2.538908E-0002  0.000000E+0000  6.488509E-0002  5.249471E-0003  2.356695E-0002  3.502659E-0002  4.430768E-0002  2.593808E-0002  4.990878E-0002
  2.632278E-0002  1.181332E-0002  3.043412E-0002  6.488509E-0002  0.000000E+0000  1.488112E-0002  6.461328E-0002  2.692390E-0002  4.451446E-0002  6.282855E-0002  6.431998E-0002
  1.484813E-0002  1.592494E-0003  1.225821E-0002  5.249471E-0003  1.488112E-0002  0.000000E+0000  7.628055E-0003  1.447367E-0002  2.149859E-0002  1.652611E-0002  1.510594E-0002
  2.158107E-0002  4.394215E-0003  1.435057E-0002  2.356695E-0002  6.461328E-0002  7.628055E-0003  0.000000E+0000  4.099397E-0002  5.038483E-0002  2.993350E-0002  3.089597E-0002
  2.108518E-0002  1.127885E-0002  3.145696E-0002  3.502659E-0002  2.692390E-0002  1.447367E-0002  4.099397E-0002  0.000000E+0000  3.527388E-0002  3.672947E-0002  4.822154E-0002
  3.180526E-0002  1.471352E-0002  3.074790E-0002  4.430768E-0002  4.451446E-0002  2.149859E-0002  5.038483E-0002  3.527388E-0002  0.000000E+0000  4.685532E-0002  5.738077E-0002
  2.213707E-0002  9.274962E-0003  2.312775E-0002  2.593808E-0002  6.282855E-0002  1.652611E-0002  2.993350E-0002  3.672947E-0002  4.685532E-0002  0.000000E+0000  3.618307E-0002
  3.728155E-0002  6.293810E-0003  3.725526E-0002  4.990878E-0002  6.431998E-0002  1.510594E-0002  3.089597E-0002  4.822154E-0002  5.738077E-0002  3.618307E-0002  0.000000E+0000

  0.000000E+0000  1.867376E-0004  7.374968E-0004  2.360224E-0003  1.217642E-0003  1.053929E-0003  2.830276E-0003  1.005143E-0003  1.203197E-0003  1.279420E-0003  2.118330E-0003
  1.867376E-0004  0.000000E+0000  1.310399E-0004  1.339941E-0003  7.550578E-0004  5.717559E-0004  1.010862E-0004  3.077691E-0004  4.803660E-0004  6.290943E-0004  2.944213E-0004
  7.374968E-0004  1.310399E-0004  0.000000E+0000  2.241263E-0003  1.428584E-0003  7.856061E-0004  1.779365E-0003  1.415582E-0003  7.784815E-0004  1.415963E-0003  2.010307E-0003
  2.360224E-0003  1.339941E-0003  2.241263E-0003  0.000000E+0000  6.763974E-0004  4.353751E-0004  1.839435E-0003  2.310259E-0003  1.774953E-0003  6.243174E-0004  2.687540E-0003
  1.217642E-0003  7.550578E-0004  1.428584E-0003  6.763974E-0004  0.000000E+0000  7.266548E-0004  2.079220E-0003  1.240339E-0003  1.793612E-0003  1.152769E-0003  2.054931E-0003
  1.053929E-0003  5.717559E-0004  7.856061E-0004  4.353751E-0004  7.266548E-0004  0.000000E+0000  1.644882E-0004  1.002225E-0003  8.586383E-0004  8.495365E-0004  5.984030E-0004
  2.830276E-0003  1.010862E-0004  1.779365E-0003  1.839435E-0003  2.079220E-0003  1.644882E-0004  0.000000E+0000  1.529276E-0003  1.578921E-0003  5.089332E-0004  1.704236E-0003
  1.005143E-0003  3.077691E-0004  1.415582E-0003  2.310259E-0003  1.240339E-0003  1.002225E-0003  1.529276E-0003  0.000000E+0000  1.357663E-0003  1.099265E-0003  1.573684E-0003
  1.203197E-0003  4.803660E-0004  7.784815E-0004  1.774953E-0003  1.793612E-0003  8.586383E-0004  1.578921E-0003  1.357663E-0003  0.000000E+0000  1.388264E-0003  2.511836E-0003
  1.279420E-0003  6.290943E-0004  1.415963E-0003  6.243174E-0004  1.152769E-0003  8.495365E-0004  5.089332E-0004  1.099265E-0003  1.388264E-0003  0.000000E+0000  1.995774E-0003
  2.118330E-0003  2.944213E-0004  2.010307E-0003  2.687540E-0003  2.054931E-0003  5.984030E-0004  1.704236E-0003  1.573684E-0003  2.511836E-0003  1.995774E-0003  0.000000E+0000

  0.000000E+0000  5.656680E-0004  7.709186E-0005  2.757116E-0004  6.977855E-0004  4.059999E-0004  2.391372E-0004  7.780457E-0004  2.930809E-0004  2.061671E-0004  5.331102E-0004
  5.656680E-0004  0.000000E+0000  3.827919E-0004  5.758853E-0004  3.384171E-0004  3.948713E-0004  1.349470E-0003  3.190229E-0004  5.260088E-0004  2.059165E-0004  1.599651E-0003
  7.709186E-0005  3.827919E-0004  0.000000E+0000  2.832063E-0004  2.547431E-0004  1.267416E-0004  3.899528E-0004  1.282280E-0004  1.715369E-0004  1.265716E-0004  8.153158E-0004
  2.757116E-0004  5.758853E-0004  2.832063E-0004  0.000000E+0000  6.433076E-0004  1.157395E-0003  2.057060E-0004  8.703093E-0004  3.530413E-0004  1.079953E-0003  2.804432E-0004
  6.977855E-0004  3.384171E-0004  2.547431E-0004  6.433076E-0004  0.000000E+0000  1.645044E-0003  1.335672E-0003  3.976348E-0004  6.765508E-0004  5.354885E-0004  2.079630E-0003
  4.059999E-0004  3.948713E-0004  1.267416E-0004  1.157395E-0003  1.645044E-0003  0.000000E+0000  1.855141E-0003  7.700789E-0004  4.740153E-0004  1.619515E-0003  1.956667E-0003
  2.391372E-0004  1.349470E-0003  3.899528E-0004  2.057060E-0004  1.335672E-0003  1.855141E-0003  0.000000E+0000  1.605268E-0003  7.775140E-0004  1.229567E-0003  6.571833E-0004
  7.780457E-0004  3.190229E-0004  1.282280E-0004  8.703093E-0004  3.976348E-0004  7.700789E-0004  1.605268E-0003  0.000000E+0000  4.542050E-0004  3.750719E-0004  2.023461E-0003
  2.930809E-0004  5.260088E-0004  1.715369E-0004  3.530413E-0004  6.765508E-0004  4.740153E-0004  7.775140E-0004  4.542050E-0004  0.000000E+0000  4.132865E-0004  1.129867E-0003
  2.061671E-0004  2.059165E-0004  1.265716E-0004  1.079953E-0003  5.354885E-0004  1.619515E-0003  1.229567E-0003  3.750719E-0004  4.132865E-0004  0.000000E+0000  1.716056E-0003
  5.331102E-0004  1.599651E-0003  8.153158E-0004  2.804432E-0004  2.079630E-0003  1.956667E-0003  6.571833E-0004  2.023461E-0003  1.129867E-0003  1.716056E-0003  0.000000E+0000
