6661999 = Ignore first line (new format code)
File name: E:\Folders\PhD\ISAD\ISAD_Curry_data\ISAD_EEGs\eLORETA\EEGs_128Hz_200sec-window\Clinical_v_Healthy\T1_clinical_all\F43-ROIlinLagConn-crss.txt
1 = Number of time frames in Time X Frequency decomposition
3 = Number of EEG files
11 = Number Electrodes
25600 = Number of time frames in EEG files
32768 = Number of time frames in EEG files power of 2
7 = Number of matrices
5 = Band type (1=Classical1; 2=Classical2; 3=DiscreteFreqs; 4=AllDiscreteFreqs; 5=UserDefinedBands)
 1.280000E+0002 = Sampling rate Hz
-1.000000E+0002 = Freq1 Hz
-1.000000E+0002 = Freq2 Hz
 3.906250E-0003 = Frequency resolution Hz

  0.000000E+0000  5.294537E-0003  5.170052E-0002  1.963180E-0002  4.544159E-0002  1.608525E-0001  2.271255E-0001  3.007806E-0002  2.821715E-0002  2.757278E-0002  6.662531E-0002
  5.294537E-0003  0.000000E+0000  1.679496E-0002  3.532394E-0002  5.219651E-0002  2.680635E-0002  2.332688E-0002  1.779293E-0002  1.833205E-0002  3.126624E-0002  2.580133E-0002
  5.170052E-0002  1.679496E-0002  0.000000E+0000  4.431107E-0002  3.483688E-0002  6.041934E-0002  1.207101E-0001  3.766184E-0002  5.778651E-0002  2.646098E-0002  5.366597E-0002
  1.963180E-0002  3.532394E-0002  4.431107E-0002  0.000000E+0000  9.593410E-0002  8.780821E-0002  2.367059E-0001  9.381859E-0002  5.715395E-0002  3.656751E-0002  1.578134E-0001
  4.544159E-0002  5.219651E-0002  3.483688E-0002  9.593410E-0002  0.000000E+0000  1.092938E-0001  7.360043E-0002  4.450244E-0002  6.872571E-0002  1.100698E-0001  3.148249E-0002
  1.608525E-0001  2.680635E-0002  6.041934E-0002  8.780821E-0002  1.092938E-0001  0.000000E+0000  1.726261E-0001  9.745183E-0002  2.160265E-0001  6.064963E-0002  1.916956E-0001
  2.271255E-0001  2.332688E-0002  1.207101E-0001  2.367059E-0001  7.360043E-0002  1.726261E-0001  0.000000E+0000  1.136427E-0001  2.221640E-0001  1.712856E-0001  8.451719E-0002
  3.007806E-0002  1.779293E-0002  3.766184E-0002  9.381859E-0002  4.450244E-0002  9.745183E-0002  1.136427E-0001  0.000000E+0000  5.504924E-0002  7.215866E-0002  5.314994E-0002
  2.821715E-0002  1.833205E-0002  5.778651E-0002  5.715395E-0002  6.872571E-0002  2.160265E-0001  2.221640E-0001  5.504924E-0002  0.000000E+0000  3.552012E-0002  8.792612E-0002
  2.757278E-0002  3.126624E-0002  2.646098E-0002  3.656751E-0002  1.100698E-0001  6.064963E-0002  1.712856E-0001  7.215866E-0002  3.552012E-0002  0.000000E+0000  1.839643E-0001
  6.662531E-0002  2.580133E-0002  5.366597E-0002  1.578134E-0001  3.148249E-0002  1.916956E-0001  8.451719E-0002  5.314994E-0002  8.792612E-0002  1.839643E-0001  0.000000E+0000

  0.000000E+0000  1.360150E-0002  6.881606E-0003  4.530648E-0003  8.148313E-0003  8.985511E-0003  1.706263E-0002  6.054529E-0003  3.873692E-0003  1.354716E-0002  1.677235E-0002
  1.360150E-0002  0.000000E+0000  3.870164E-0003  1.891186E-0002  7.532404E-0003  8.077865E-0003  4.313763E-0003  8.543149E-0003  1.751680E-0002  1.874548E-0002  8.853976E-0003
  6.881606E-0003  3.870164E-0003  0.000000E+0000  1.257740E-0002  3.695100E-0003  9.578823E-0003  7.724549E-0003  4.676589E-0003  1.502012E-0002  1.108045E-0002  1.119749E-0002
  4.530648E-0003  1.891186E-0002  1.257740E-0002  0.000000E+0000  1.243248E-0002  1.289876E-0002  2.948982E-0002  7.707675E-0003  1.421788E-0002  3.643349E-0002  3.441272E-0002
  8.148313E-0003  7.532404E-0003  3.695100E-0003  1.243248E-0002  0.000000E+0000  1.353376E-0002  5.814516E-0003  2.958060E-0003  1.216032E-0002  1.244283E-0002  5.544699E-0003
  8.985511E-0003  8.077865E-0003  9.578823E-0003  1.289876E-0002  1.353376E-0002  0.000000E+0000  8.958911E-0003  9.712273E-0003  2.191178E-0002  1.136900E-0002  1.205002E-0002
  1.706263E-0002  4.313763E-0003  7.724549E-0003  2.948982E-0002  5.814516E-0003  8.958911E-0003  0.000000E+0000  5.008718E-0003  2.923200E-0002  1.009091E-0002  1.163594E-0002
  6.054529E-0003  8.543149E-0003  4.676589E-0003  7.707675E-0003  2.958060E-0003  9.712273E-0003  5.008718E-0003  0.000000E+0000  1.160732E-0002  7.873042E-0003  1.775332E-0003
  3.873692E-0003  1.751680E-0002  1.502012E-0002  1.421788E-0002  1.216032E-0002  2.191178E-0002  2.923200E-0002  1.160732E-0002  0.000000E+0000  1.720733E-0002  2.757114E-0002
  1.354716E-0002  1.874548E-0002  1.108045E-0002  3.643349E-0002  1.244283E-0002  1.136900E-0002  1.009091E-0002  7.873042E-0003  1.720733E-0002  0.000000E+0000  1.420702E-0002
  1.677235E-0002  8.853976E-0003  1.119749E-0002  3.441272E-0002  5.544699E-0003  1.205002E-0002  1.163594E-0002  1.775332E-0003  2.757114E-0002  1.420702E-0002  0.000000E+0000

  0.000000E+0000  1.256096E-0002  3.639892E-0003  3.633941E-0002  7.116679E-0003  4.119742E-0002  1.332155E-0002  2.274999E-0002  1.059842E-0002  3.677334E-0002  2.912160E-0002
  1.256096E-0002  0.000000E+0000  4.206091E-0003  1.098503E-0002  4.578247E-0003  8.464226E-0003  1.522223E-0003  1.016802E-0002  1.173711E-0002  7.098885E-0003  9.445350E-0003
  3.639892E-0003  4.206091E-0003  0.000000E+0000  2.220537E-0002  2.543755E-0003  2.810272E-0002  4.162840E-0003  1.319690E-0002  1.165840E-0003  2.494624E-0002  1.531721E-0002
  3.633941E-0002  1.098503E-0002  2.220537E-0002  0.000000E+0000  2.380688E-0002  7.535328E-0003  2.235310E-0002  7.488143E-0003  4.735871E-0002  2.543615E-0002  1.506567E-0002
  7.116679E-0003  4.578247E-0003  2.543755E-0003  2.380688E-0002  0.000000E+0000  2.301935E-0002  7.793738E-0003  2.060658E-0002  1.072901E-0002  2.072495E-0002  2.045804E-0002
  4.119742E-0002  8.464226E-0003  2.810272E-0002  7.535328E-0003  2.301935E-0002  0.000000E+0000  3.823856E-0002  8.428665E-0003  4.858531E-0002  2.285487E-0002  2.835316E-0002
  1.332155E-0002  1.522223E-0003  4.162840E-0003  2.235310E-0002  7.793738E-0003  3.823856E-0002  0.000000E+0000  8.173548E-0003  8.474661E-0003  3.155161E-0002  1.292594E-0002
  2.274999E-0002  1.016802E-0002  1.319690E-0002  7.488143E-0003  2.060658E-0002  8.428665E-0003  8.173548E-0003  0.000000E+0000  3.512647E-0002  6.350712E-0003  4.411440E-0003
  1.059842E-0002  1.173711E-0002  1.165840E-0003  4.735871E-0002  1.072901E-0002  4.858531E-0002  8.474661E-0003  3.512647E-0002  0.000000E+0000  4.115630E-0002  3.697275E-0002
  3.677334E-0002  7.098885E-0003  2.494624E-0002  2.543615E-0002  2.072495E-0002  2.285487E-0002  3.155161E-0002  6.350712E-0003  4.115630E-0002  0.000000E+0000  2.271659E-0002
  2.912160E-0002  9.445350E-0003  1.531721E-0002  1.506567E-0002  2.045804E-0002  2.835316E-0002  1.292594E-0002  4.411440E-0003  3.697275E-0002  2.271659E-0002  0.000000E+0000

  0.000000E+0000  9.142713E-0004  4.923017E-0004  2.230239E-0003  1.235029E-0003  1.920131E-0003  1.219911E-0003  7.905549E-0004  7.588389E-0004  2.487815E-0003  1.927181E-0003
  9.142713E-0004  0.000000E+0000  1.148842E-0003  2.346316E-0003  1.729698E-0003  1.100822E-0003  2.101408E-0003  2.127009E-0003  1.833340E-0003  2.008099E-0003  4.439479E-0003
  4.923017E-0004  1.148842E-0003  0.000000E+0000  7.279910E-0004  4.362931E-0004  9.121613E-0004  3.448965E-0004  9.602925E-0004  1.948795E-0004  9.897760E-0004  4.502494E-0004
  2.230239E-0003  2.346316E-0003  7.279910E-0004  0.000000E+0000  6.164668E-0003  6.490413E-0003  5.734083E-0003  3.460566E-0003  2.087075E-0003  4.456919E-0003  9.911422E-0003
  1.235029E-0003  1.729698E-0003  4.362931E-0004  6.164668E-0003  0.000000E+0000  2.632958E-0003  3.311850E-0003  9.623836E-0004  4.275581E-0004  4.877434E-0003  1.051275E-0002
  1.920131E-0003  1.100822E-0003  9.121613E-0004  6.490413E-0003  2.632958E-0003  0.000000E+0000  1.767869E-0003  1.422496E-0003  4.992018E-0003  5.343165E-0003  5.826290E-0003
  1.219911E-0003  2.101408E-0003  3.448965E-0004  5.734083E-0003  3.311850E-0003  1.767869E-0003  0.000000E+0000  2.782067E-0003  5.296502E-0004  5.841193E-0003  6.602321E-0003
  7.905549E-0004  2.127009E-0003  9.602925E-0004  3.460566E-0003  9.623836E-0004  1.422496E-0003  2.782067E-0003  0.000000E+0000  2.711166E-0003  2.707157E-0003  6.620501E-0003
  7.588389E-0004  1.833340E-0003  1.948795E-0004  2.087075E-0003  4.275581E-0004  4.992018E-0003  5.296502E-0004  2.711166E-0003  0.000000E+0000  4.078649E-0003  2.003308E-0003
  2.487815E-0003  2.008099E-0003  9.897760E-0004  4.456919E-0003  4.877434E-0003  5.343165E-0003  5.841193E-0003  2.707157E-0003  4.078649E-0003  0.000000E+0000  5.209883E-0003
  1.927181E-0003  4.439479E-0003  4.502494E-0004  9.911422E-0003  1.051275E-0002  5.826290E-0003  6.602321E-0003  6.620501E-0003  2.003308E-0003  5.209883E-0003  0.000000E+0000

  0.000000E+0000  7.642070E-0002  2.440174E-0002  8.736049E-0002  4.600567E-0002  1.158015E-0001  4.737799E-0002  4.531394E-0002  3.404526E-0002  7.294791E-0002  5.575088E-0002
  7.642070E-0002  0.000000E+0000  2.410120E-0002  6.802534E-0002  6.524814E-0002  9.510471E-0002  8.374456E-0002  1.158665E-0001  1.983796E-0002  1.282536E-0001  9.311629E-0002
  2.440174E-0002  2.410120E-0002  0.000000E+0000  6.119410E-0002  4.291216E-0002  9.530558E-0002  6.581444E-0002  6.034330E-0002  1.456496E-0002  5.586234E-0002  5.005677E-0002
  8.736049E-0002  6.802534E-0002  6.119410E-0002  0.000000E+0000  1.127556E-0001  3.021879E-0001  1.162103E-0001  1.513664E-0001  5.976713E-0002  3.015222E-0001  1.201897E-0001
  4.600567E-0002  6.524814E-0002  4.291216E-0002  1.127556E-0001  0.000000E+0000  2.225150E-0001  8.654027E-0002  9.164608E-0002  5.442869E-0002  1.178767E-0001  7.793852E-0002
  1.158015E-0001  9.510471E-0002  9.530558E-0002  3.021879E-0001  2.225150E-0001  0.000000E+0000  2.048660E-0001  1.744530E-0001  9.631074E-0002  4.443810E-0001  2.069801E-0001
  4.737799E-0002  8.374456E-0002  6.581444E-0002  1.162103E-0001  8.654027E-0002  2.048660E-0001  0.000000E+0000  1.089465E-0001  4.411496E-0002  1.854418E-0001  1.370829E-0001
  4.531394E-0002  1.158665E-0001  6.034330E-0002  1.513664E-0001  9.164608E-0002  1.744530E-0001  1.089465E-0001  0.000000E+0000  5.321774E-0002  1.682755E-0001  1.124847E-0001
  3.404526E-0002  1.983796E-0002  1.456496E-0002  5.976713E-0002  5.442869E-0002  9.631074E-0002  4.411496E-0002  5.321774E-0002  0.000000E+0000  6.618827E-0002  5.052762E-0002
  7.294791E-0002  1.282536E-0001  5.586234E-0002  3.015222E-0001  1.178767E-0001  4.443810E-0001  1.854418E-0001  1.682755E-0001  6.618827E-0002  0.000000E+0000  1.608166E-0001
  5.575088E-0002  9.311629E-0002  5.005677E-0002  1.201897E-0001  7.793852E-0002  2.069801E-0001  1.370829E-0001  1.124847E-0001  5.052762E-0002  1.608166E-0001  0.000000E+0000

  0.000000E+0000  5.491044E-0003  4.476913E-0003  3.679826E-0003  8.967013E-0003  1.250472E-0002  1.140100E-0002  2.537988E-0003  3.900904E-0003  3.085290E-0003  1.374169E-0002
  5.491044E-0003  0.000000E+0000  1.171528E-0003  8.455178E-0003  4.214846E-0003  1.155331E-0002  3.185231E-0003  7.796507E-0003  1.061834E-0003  9.511365E-0003  4.979801E-0003
  4.476913E-0003  1.171528E-0003  0.000000E+0000  7.183547E-0003  4.210811E-0003  1.202746E-0002  5.122211E-0003  8.576880E-0003  9.001402E-0004  9.304949E-0003  4.547076E-0003
  3.679826E-0003  8.455178E-0003  7.183547E-0003  0.000000E+0000  1.255441E-0002  3.130385E-0002  1.595703E-0002  6.497960E-0003  8.851003E-0003  1.609252E-0002  3.023291E-0002
  8.967013E-0003  4.214846E-0003  4.210811E-0003  1.255441E-0002  0.000000E+0000  3.475888E-0002  7.666552E-0003  1.553333E-0002  3.981659E-0003  2.170776E-0002  1.198544E-0002
  1.250472E-0002  1.155331E-0002  1.202746E-0002  3.130385E-0002  3.475888E-0002  0.000000E+0000  2.306537E-0002  2.038288E-0002  1.770990E-0002  3.452402E-0002  4.561012E-0002
  1.140100E-0002  3.185231E-0003  5.122211E-0003  1.595703E-0002  7.666552E-0003  2.306537E-0002  0.000000E+0000  2.170295E-0002  9.119225E-0003  2.576889E-0002  2.416715E-0002
  2.537988E-0003  7.796507E-0003  8.576880E-0003  6.497960E-0003  1.553333E-0002  2.038288E-0002  2.170295E-0002  0.000000E+0000  7.850694E-0003  5.902244E-0003  4.063977E-0002
  3.900904E-0003  1.061834E-0003  9.001402E-0004  8.851003E-0003  3.981659E-0003  1.770990E-0002  9.119225E-0003  7.850694E-0003  0.000000E+0000  7.595113E-0003  1.190929E-0002
  3.085290E-0003  9.511365E-0003  9.304949E-0003  1.609252E-0002  2.170776E-0002  3.452402E-0002  2.576889E-0002  5.902244E-0003  7.595113E-0003  0.000000E+0000  3.197175E-0002
  1.374169E-0002  4.979801E-0003  4.547076E-0003  3.023291E-0002  1.198544E-0002  4.561012E-0002  2.416715E-0002  4.063977E-0002  1.190929E-0002  3.197175E-0002  0.000000E+0000

  0.000000E+0000  2.649392E-0004  3.591939E-0005  2.876137E-0004  4.124550E-0004  3.523880E-0004  4.428932E-0004  3.810718E-0004  3.148546E-0004  5.796867E-0004  2.458830E-0004
  2.649392E-0004  0.000000E+0000  1.614596E-0004  6.911132E-0004  4.705545E-0004  1.849567E-0003  7.024058E-0004  1.340153E-0003  6.191103E-0004  5.508424E-0004  4.051609E-0004
  3.591939E-0005  1.614596E-0004  0.000000E+0000  2.967721E-0004  4.830280E-0004  2.666531E-0004  4.254439E-0004  2.306151E-0004  2.644286E-0004  3.358225E-0004  6.012114E-0004
  2.876137E-0004  6.911132E-0004  2.967721E-0004  0.000000E+0000  1.530123E-0003  2.851595E-0003  1.386778E-0003  4.200703E-0003  8.311406E-0004  3.672511E-0003  3.257764E-0003
  4.124550E-0004  4.705545E-0004  4.830280E-0004  1.530123E-0003  0.000000E+0000  1.643532E-0003  2.891493E-0003  1.325068E-0003  6.843540E-0004  2.263071E-0003  1.710651E-0003
  3.523880E-0004  1.849567E-0003  2.666531E-0004  2.851595E-0003  1.643532E-0003  0.000000E+0000  1.736559E-0003  5.411310E-0003  7.697318E-0004  3.488126E-0003  2.055697E-0003
  4.428932E-0004  7.024058E-0004  4.254439E-0004  1.386778E-0003  2.891493E-0003  1.736559E-0003  0.000000E+0000  3.036745E-0003  1.509642E-0003  1.914098E-0003  4.723513E-0003
  3.810718E-0004  1.340153E-0003  2.306151E-0004  4.200703E-0003  1.325068E-0003  5.411310E-0003  3.036745E-0003  0.000000E+0000  2.189687E-0004  4.053437E-0003  2.739175E-0003
  3.148546E-0004  6.191103E-0004  2.644286E-0004  8.311406E-0004  6.843540E-0004  7.697318E-0004  1.509642E-0003  2.189687E-0004  0.000000E+0000  1.179505E-0003  6.303325E-0004
  5.796867E-0004  5.508424E-0004  3.358225E-0004  3.672511E-0003  2.263071E-0003  3.488126E-0003  1.914098E-0003  4.053437E-0003  1.179505E-0003  0.000000E+0000  4.119076E-0003
  2.458830E-0004  4.051609E-0004  6.012114E-0004  3.257764E-0003  1.710651E-0003  2.055697E-0003  4.723513E-0003  2.739175E-0003  6.303325E-0004  4.119076E-0003  0.000000E+0000
