6661999 = Ignore first line (new format code)
File name: E:\Folders\PhD\ISAD\ISAD_Curry_data\ISAD_EEGs\eLORETA\EEGs_128Hz_200sec-window\Clinical_v_Healthy\T1_clinical_all\F45-ROIlinLagConn-crss.txt
1 = Number of time frames in Time X Frequency decomposition
3 = Number of EEG files
11 = Number Electrodes
25600 = Number of time frames in EEG files
32768 = Number of time frames in EEG files power of 2
7 = Number of matrices
5 = Band type (1=Classical1; 2=Classical2; 3=DiscreteFreqs; 4=AllDiscreteFreqs; 5=UserDefinedBands)
 1.280000E+0002 = Sampling rate Hz
-1.000000E+0002 = Freq1 Hz
-1.000000E+0002 = Freq2 Hz
 3.906250E-0003 = Frequency resolution Hz

  0.000000E+0000  2.013222E-0002  5.349604E-0003  2.512423E-0002  3.918413E-0002  2.364126E-0002  1.914127E-0002  3.128348E-0002  2.176040E-0002  1.834986E-0002  2.534281E-0002
  2.013222E-0002  0.000000E+0000  2.170458E-0003  4.781859E-0002  2.325776E-0003  5.979401E-0002  3.247493E-0002  1.569663E-0002  1.027219E-0002  5.385049E-0002  3.497710E-0002
  5.349604E-0003  2.170458E-0003  0.000000E+0000  5.070458E-0003  6.344762E-0003  4.751957E-0003  2.992480E-0003  7.145894E-0003  4.587256E-0003  2.972302E-0003  4.616712E-0003
  2.512423E-0002  4.781859E-0002  5.070458E-0003  0.000000E+0000  2.672312E-0002  8.963076E-0003  5.145271E-0003  1.052325E-0001  5.695168E-0002  9.145821E-0003  6.984345E-0003
  3.918413E-0002  2.325776E-0003  6.344762E-0003  2.672312E-0002  0.000000E+0000  4.752228E-0002  2.032292E-0002  1.834324E-0002  3.339241E-0002  2.600596E-0002  3.714851E-0002
  2.364126E-0002  5.979401E-0002  4.751957E-0003  8.963076E-0003  4.752228E-0002  0.000000E+0000  3.612963E-0003  8.634726E-0002  4.472809E-0002  2.962186E-0002  2.664148E-0002
  1.914127E-0002  3.247493E-0002  2.992480E-0003  5.145271E-0003  2.032292E-0002  3.612963E-0003  0.000000E+0000  6.245999E-0002  3.901052E-0002  5.487055E-0003  9.266394E-0003
  3.128348E-0002  1.569663E-0002  7.145894E-0003  1.052325E-0001  1.834324E-0002  8.634726E-0002  6.245999E-0002  0.000000E+0000  6.483869E-0003  6.899831E-0002  8.085728E-0002
  2.176040E-0002  1.027219E-0002  4.587256E-0003  5.695168E-0002  3.339241E-0002  4.472809E-0002  3.901052E-0002  6.483869E-0003  0.000000E+0000  5.060973E-0002  4.873705E-0002
  1.834986E-0002  5.385049E-0002  2.972302E-0003  9.145821E-0003  2.600596E-0002  2.962186E-0002  5.487055E-0003  6.899831E-0002  5.060973E-0002  0.000000E+0000  1.199440E-0002
  2.534281E-0002  3.497710E-0002  4.616712E-0003  6.984345E-0003  3.714851E-0002  2.664148E-0002  9.266394E-0003  8.085728E-0002  4.873705E-0002  1.199440E-0002  0.000000E+0000

  0.000000E+0000  9.916034E-0003  8.810280E-0004  2.275438E-0003  1.896839E-0003  3.569545E-0003  2.684835E-0003  1.074140E-0002  3.140997E-0003  1.451429E-0003  3.790213E-0003
  9.916034E-0003  0.000000E+0000  5.492342E-0003  1.210449E-0002  9.602658E-0003  7.492461E-0003  5.409070E-0003  1.281812E-0002  4.789223E-0003  3.020871E-0003  1.192377E-0002
  8.810280E-0004  5.492342E-0003  0.000000E+0000  2.953853E-0004  1.404762E-0003  1.487371E-0003  1.561032E-0004  6.547130E-0003  1.030641E-0003  2.856637E-0004  2.510559E-0004
  2.275438E-0003  1.210449E-0002  2.953853E-0004  0.000000E+0000  6.371040E-0003  1.341288E-0002  1.165762E-0003  1.299373E-0002  1.030422E-0002  1.560801E-0002  2.489190E-0003
  1.896839E-0003  9.602658E-0003  1.404762E-0003  6.371040E-0003  0.000000E+0000  7.509182E-0003  5.118895E-0003  1.019209E-0002  4.012891E-0003  4.912033E-0003  6.752211E-0003
  3.569545E-0003  7.492461E-0003  1.487371E-0003  1.341288E-0002  7.509182E-0003  0.000000E+0000  2.574959E-0003  9.481001E-0003  1.185626E-0002  9.656338E-0003  7.615555E-0003
  2.684835E-0003  5.409070E-0003  1.561032E-0004  1.165762E-0003  5.118895E-0003  2.574959E-0003  0.000000E+0000  9.008918E-0003  6.653169E-0003  3.361424E-0003  2.393145E-0003
  1.074140E-0002  1.281812E-0002  6.547130E-0003  1.299373E-0002  1.019209E-0002  9.481001E-0003  9.008918E-0003  0.000000E+0000  3.470386E-0003  6.263046E-0003  1.568559E-0002
  3.140997E-0003  4.789223E-0003  1.030641E-0003  1.030422E-0002  4.012891E-0003  1.185626E-0002  6.653169E-0003  3.470386E-0003  0.000000E+0000  8.358996E-0003  9.308018E-0003
  1.451429E-0003  3.020871E-0003  2.856637E-0004  1.560801E-0002  4.912033E-0003  9.656338E-0003  3.361424E-0003  6.263046E-0003  8.358996E-0003  0.000000E+0000  1.515651E-0002
  3.790213E-0003  1.192377E-0002  2.510559E-0004  2.489190E-0003  6.752211E-0003  7.615555E-0003  2.393145E-0003  1.568559E-0002  9.308018E-0003  1.515651E-0002  0.000000E+0000

  0.000000E+0000  2.532840E-0003  6.829071E-0004  4.682062E-0003  3.322337E-0003  8.283856E-0003  6.454125E-0003  6.335174E-0003  3.065591E-0003  7.383555E-0003  8.426768E-0003
  2.532840E-0003  0.000000E+0000  4.970279E-0004  4.515574E-0004  4.536849E-0004  9.242936E-0004  1.238779E-0003  1.099392E-0003  4.448128E-0004  4.451262E-0004  2.328322E-0003
  6.829071E-0004  4.970279E-0004  0.000000E+0000  5.913555E-0004  9.648765E-0004  9.720386E-0004  1.478202E-0003  1.071273E-0003  3.774820E-0004  7.442447E-0004  2.218853E-0003
  4.682062E-0003  4.515574E-0004  5.913555E-0004  0.000000E+0000  1.682270E-0003  9.490932E-0004  2.864166E-0004  2.366622E-0003  1.961062E-0004  2.581241E-0003  1.355106E-0003
  3.322337E-0003  4.536849E-0004  9.648765E-0004  1.682270E-0003  0.000000E+0000  3.611782E-0003  7.123831E-0004  2.216851E-0003  3.423203E-0003  2.318248E-0003  1.546715E-0003
  8.283856E-0003  9.242936E-0004  9.720386E-0004  9.490932E-0004  3.611782E-0003  0.000000E+0000  9.258866E-0004  5.095205E-0003  1.038031E-0003  3.615720E-0003  3.104033E-0003
  6.454125E-0003  1.238779E-0003  1.478202E-0003  2.864166E-0004  7.123831E-0004  9.258866E-0004  0.000000E+0000  3.617259E-0003  9.296915E-0004  1.077705E-0003  1.230364E-0003
  6.335174E-0003  1.099392E-0003  1.071273E-0003  2.366622E-0003  2.216851E-0003  5.095205E-0003  3.617259E-0003  0.000000E+0000  5.472094E-0004  2.419043E-0003  8.466230E-0003
  3.065591E-0003  4.448128E-0004  3.774820E-0004  1.961062E-0004  3.423203E-0003  1.038031E-0003  9.296915E-0004  5.472094E-0004  0.000000E+0000  4.357084E-0004  2.853225E-0003
  7.383555E-0003  4.451262E-0004  7.442447E-0004  2.581241E-0003  2.318248E-0003  3.615720E-0003  1.077705E-0003  2.419043E-0003  4.357084E-0004  0.000000E+0000  4.181446E-0003
  8.426768E-0003  2.328322E-0003  2.218853E-0003  1.355106E-0003  1.546715E-0003  3.104033E-0003  1.230364E-0003  8.466230E-0003  2.853225E-0003  4.181446E-0003  0.000000E+0000

  0.000000E+0000  4.050969E-0004  3.798652E-0004  3.607907E-0004  2.193033E-0003  1.104305E-0003  8.347885E-0004  1.229920E-0003  2.386963E-0003  4.352842E-0004  1.530942E-0003
  4.050969E-0004  0.000000E+0000  6.038712E-0005  1.129640E-0003  7.188510E-0004  1.631909E-0003  8.387472E-0004  3.228782E-0004  4.181353E-0004  1.029377E-0003  1.159561E-0003
  3.798652E-0004  6.038712E-0005  0.000000E+0000  5.187699E-0005  1.007927E-0003  2.135522E-0004  2.134341E-0004  6.445863E-0004  4.903948E-0004  7.027332E-0005  6.139228E-0004
  3.607907E-0004  1.129640E-0003  5.187699E-0005  0.000000E+0000  7.302681E-0004  9.279073E-0004  4.007482E-0004  1.172239E-0003  9.993361E-0004  1.024197E-0003  1.620050E-0003
  2.193033E-0003  7.188510E-0004  1.007927E-0003  7.302681E-0004  0.000000E+0000  3.185722E-0003  2.272990E-0003  3.191903E-0003  2.981331E-0003  1.202688E-0003  1.718819E-0003
  1.104305E-0003  1.631909E-0003  2.135522E-0004  9.279073E-0004  3.185722E-0003  0.000000E+0000  7.456082E-0004  3.729520E-0003  1.373753E-0003  1.119349E-0003  2.399968E-0003
  8.347885E-0004  8.387472E-0004  2.134341E-0004  4.007482E-0004  2.272990E-0003  7.456082E-0004  0.000000E+0000  2.239410E-0003  6.166750E-0004  3.662121E-0004  8.577868E-0004
  1.229920E-0003  3.228782E-0004  6.445863E-0004  1.172239E-0003  3.191903E-0003  3.729520E-0003  2.239410E-0003  0.000000E+0000  1.364661E-0003  9.876678E-0004  1.695599E-0003
  2.386963E-0003  4.181353E-0004  4.903948E-0004  9.993361E-0004  2.981331E-0003  1.373753E-0003  6.166750E-0004  1.364661E-0003  0.000000E+0000  8.737150E-0004  8.846393E-0004
  4.352842E-0004  1.029377E-0003  7.027332E-0005  1.024197E-0003  1.202688E-0003  1.119349E-0003  3.662121E-0004  9.876678E-0004  8.737150E-0004  0.000000E+0000  1.498743E-0003
  1.530942E-0003  1.159561E-0003  6.139228E-0004  1.620050E-0003  1.718819E-0003  2.399968E-0003  8.577868E-0004  1.695599E-0003  8.846393E-0004  1.498743E-0003  0.000000E+0000

  0.000000E+0000  2.104665E-0004  7.937167E-0005  5.233093E-0003  1.229918E-0002  1.031438E-0002  6.298643E-0003  5.309134E-0003  1.245947E-0002  2.983865E-0002  6.833492E-0003
  2.104665E-0004  0.000000E+0000  6.980656E-0005  1.933564E-0003  6.209969E-0003  3.512725E-0003  1.349900E-0003  1.206907E-0003  3.272507E-0003  1.665755E-0002  7.994454E-0004
  7.937167E-0005  6.980656E-0005  0.000000E+0000  1.045379E-0003  1.998539E-0003  2.005533E-0003  8.128099E-0004  1.071686E-0003  1.516446E-0003  5.570052E-0003  3.871852E-0004
  5.233093E-0003  1.933564E-0003  1.045379E-0003  0.000000E+0000  1.909111E-0002  2.567751E-0002  2.270852E-0002  1.094696E-0002  3.203566E-0002  3.199340E-0002  7.065829E-0002
  1.229918E-0002  6.209969E-0003  1.998539E-0003  1.909111E-0002  0.000000E+0000  2.271326E-0002  2.573041E-0003  3.102670E-0002  2.296070E-0002  5.284817E-0002  1.058580E-0002
  1.031438E-0002  3.512725E-0003  2.005533E-0003  2.567751E-0002  2.271326E-0002  0.000000E+0000  1.848957E-0002  1.403348E-0002  7.366683E-0003  3.158247E-0002  6.452642E-0002
  6.298643E-0003  1.349900E-0003  8.128099E-0004  2.270852E-0002  2.573041E-0003  1.848957E-0002  0.000000E+0000  3.347933E-0003  1.133677E-0002  2.287827E-0002  1.251433E-0002
  5.309134E-0003  1.206907E-0003  1.071686E-0003  1.094696E-0002  3.102670E-0002  1.403348E-0002  3.347933E-0003  0.000000E+0000  2.376289E-0002  3.331411E-0002  1.333862E-0003
  1.245947E-0002  3.272507E-0003  1.516446E-0003  3.203566E-0002  2.296070E-0002  7.366683E-0003  1.133677E-0002  2.376289E-0002  0.000000E+0000  8.349779E-0002  3.541430E-0002
  2.983865E-0002  1.665755E-0002  5.570052E-0003  3.199340E-0002  5.284817E-0002  3.158247E-0002  2.287827E-0002  3.331411E-0002  8.349779E-0002  0.000000E+0000  7.682301E-0002
  6.833492E-0003  7.994454E-0004  3.871852E-0004  7.065829E-0002  1.058580E-0002  6.452642E-0002  1.251433E-0002  1.333862E-0003  3.541430E-0002  7.682301E-0002  0.000000E+0000

  0.000000E+0000  6.855026E-0003  1.339543E-0003  2.541114E-0003  1.189005E-0002  2.303522E-0003  2.849449E-0003  2.004435E-0002  9.013917E-0003  2.142438E-0003  4.504382E-0003
  6.855026E-0003  0.000000E+0000  1.637764E-0003  2.707127E-0003  1.479028E-0002  2.360286E-0003  2.412786E-0003  6.846901E-0003  1.208396E-0002  4.591823E-0003  1.991274E-0003
  1.339543E-0003  1.637764E-0003  0.000000E+0000  1.315694E-0003  4.713434E-0003  1.211556E-0003  1.354832E-0003  3.408432E-0003  3.440598E-0003  1.006643E-0003  1.741819E-0003
  2.541114E-0003  2.707127E-0003  1.315694E-0003  0.000000E+0000  9.431495E-0003  1.432749E-0003  7.500553E-0003  3.050688E-0003  1.033380E-0002  3.409421E-0003  1.228378E-0002
  1.189005E-0002  1.479028E-0002  4.713434E-0003  9.431495E-0003  0.000000E+0000  6.971953E-0003  4.244282E-0003  3.579984E-0002  1.445468E-0002  5.662154E-0003  7.972416E-0003
  2.303522E-0003  2.360286E-0003  1.211556E-0003  1.432749E-0003  6.971953E-0003  0.000000E+0000  5.556873E-0003  1.162654E-0003  9.036421E-0003  2.631394E-0003  5.916949E-0003
  2.849449E-0003  2.412786E-0003  1.354832E-0003  7.500553E-0003  4.244282E-0003  5.556873E-0003  0.000000E+0000  5.181294E-0003  3.400484E-0003  6.339483E-0003  5.375100E-0003
  2.004435E-0002  6.846901E-0003  3.408432E-0003  3.050688E-0003  3.579984E-0002  1.162654E-0003  5.181294E-0003  0.000000E+0000  3.160328E-0002  3.254440E-0003  5.394311E-0003
  9.013917E-0003  1.208396E-0002  3.440598E-0003  1.033380E-0002  1.445468E-0002  9.036421E-0003  3.400484E-0003  3.160328E-0002  0.000000E+0000  7.423301E-0003  1.083057E-0002
  2.142438E-0003  4.591823E-0003  1.006643E-0003  3.409421E-0003  5.662154E-0003  2.631394E-0003  6.339483E-0003  3.254440E-0003  7.423301E-0003  0.000000E+0000  9.216923E-0003
  4.504382E-0003  1.991274E-0003  1.741819E-0003  1.228378E-0002  7.972416E-0003  5.916949E-0003  5.375100E-0003  5.394311E-0003  1.083057E-0002  9.216923E-0003  0.000000E+0000

  0.000000E+0000  7.779751E-0003  8.753540E-0003  1.178122E-0002  4.693427E-0002  1.165911E-0002  1.773748E-0002  3.799367E-0002  3.959898E-0002  8.715902E-0003  3.463287E-0002
  7.779751E-0003  0.000000E+0000  2.051014E-0003  6.151502E-0003  1.992604E-0002  7.454330E-0003  1.057422E-0002  1.790059E-0002  9.798772E-0003  5.768510E-0003  1.575018E-0002
  8.753540E-0003  2.051014E-0003  0.000000E+0000  4.475305E-0003  1.810661E-0002  5.590176E-0003  7.732965E-0003  1.538190E-0002  1.053673E-0002  4.657604E-0003  1.373808E-0002
  1.178122E-0002  6.151502E-0003  4.475305E-0003  0.000000E+0000  1.667840E-0002  6.551390E-0003  2.124868E-0002  1.266949E-0002  2.181058E-0002  6.459923E-0003  3.234596E-0002
  4.693427E-0002  1.992604E-0002  1.810661E-0002  1.667840E-0002  0.000000E+0000  1.430939E-0002  4.769717E-0003  5.755694E-0002  3.149423E-0002  1.054677E-0002  1.410324E-0002
  1.165911E-0002  7.454330E-0003  5.590176E-0003  6.551390E-0003  1.430939E-0002  0.000000E+0000  2.165362E-0002  1.355652E-0002  1.896065E-0002  7.311533E-0003  2.998597E-0002
  1.773748E-0002  1.057422E-0002  7.732965E-0003  2.124868E-0002  4.769717E-0003  2.165362E-0002  0.000000E+0000  1.988585E-0002  1.697676E-0002  1.572529E-0002  9.335136E-0003
  3.799367E-0002  1.790059E-0002  1.538190E-0002  1.266949E-0002  5.755694E-0002  1.355652E-0002  1.988585E-0002  0.000000E+0000  2.882785E-0002  1.050066E-0002  3.531591E-0002
  3.959898E-0002  9.798772E-0003  1.053673E-0002  2.181058E-0002  3.149423E-0002  1.896065E-0002  1.697676E-0002  2.882785E-0002  0.000000E+0000  1.606018E-0002  2.113026E-0002
  8.715902E-0003  5.768510E-0003  4.657604E-0003  6.459923E-0003  1.054677E-0002  7.311533E-0003  1.572529E-0002  1.050066E-0002  1.606018E-0002  0.000000E+0000  2.491312E-0002
  3.463287E-0002  1.575018E-0002  1.373808E-0002  3.234596E-0002  1.410324E-0002  2.998597E-0002  9.335136E-0003  3.531591E-0002  2.113026E-0002  2.491312E-0002  0.000000E+0000
