6661999 = Ignore first line (new format code)
File name: E:\Folders\PhD\ISAD\ISAD_Curry_data\ISAD_EEGs\eLORETA\EEGs_128Hz_200sec-window\Clinical_v_Healthy\T1_clinical_all\F46-ROIlinLagConn-crss.txt
1 = Number of time frames in Time X Frequency decomposition
3 = Number of EEG files
11 = Number Electrodes
25600 = Number of time frames in EEG files
32768 = Number of time frames in EEG files power of 2
7 = Number of matrices
5 = Band type (1=Classical1; 2=Classical2; 3=DiscreteFreqs; 4=AllDiscreteFreqs; 5=UserDefinedBands)
 1.280000E+0002 = Sampling rate Hz
-1.000000E+0002 = Freq1 Hz
-1.000000E+0002 = Freq2 Hz
 3.906250E-0003 = Frequency resolution Hz

  0.000000E+0000  9.356081E-0002  7.414424E-0002  1.655926E-0001  1.135584E-0001  1.620101E-0001  1.299595E-0001  8.782911E-0002  1.089147E-0001  1.737770E-0001  1.173989E-0001
  9.356081E-0002  0.000000E+0000  2.310254E-0002  1.653109E-0001  8.430064E-0002  1.202801E-0001  1.093868E-0001  4.519903E-0002  5.986337E-0002  1.684518E-0001  7.142680E-0002
  7.414424E-0002  2.310254E-0002  0.000000E+0000  1.352354E-0001  6.683361E-0002  8.289754E-0002  6.177376E-0002  5.031467E-0002  2.791207E-0002  1.422575E-0001  1.071621E-0002
  1.655926E-0001  1.653109E-0001  1.352354E-0001  0.000000E+0000  2.154107E-0001  1.477829E-0001  1.856142E-0001  1.641588E-0001  2.271232E-0001  2.350700E-0001  2.643024E-0001
  1.135584E-0001  8.430064E-0002  6.683361E-0002  2.154107E-0001  0.000000E+0000  1.999737E-0001  1.674576E-0001  1.043212E-0001  1.273960E-0001  2.328039E-0001  1.601073E-0001
  1.620101E-0001  1.202801E-0001  8.289754E-0002  1.477829E-0001  1.999737E-0001  0.000000E+0000  1.315128E-0001  1.763133E-0001  1.942870E-0001  1.770831E-0001  1.955828E-0001
  1.299595E-0001  1.093868E-0001  6.177376E-0002  1.856142E-0001  1.674576E-0001  1.315128E-0001  0.000000E+0000  1.164515E-0001  1.528872E-0001  2.002162E-0001  1.752510E-0001
  8.782911E-0002  4.519903E-0002  5.031467E-0002  1.641588E-0001  1.043212E-0001  1.763133E-0001  1.164515E-0001  0.000000E+0000  1.002390E-0001  1.754519E-0001  1.285360E-0001
  1.089147E-0001  5.986337E-0002  2.791207E-0002  2.271232E-0001  1.273960E-0001  1.942870E-0001  1.528872E-0001  1.002390E-0001  0.000000E+0000  2.285614E-0001  1.404752E-0001
  1.737770E-0001  1.684518E-0001  1.422575E-0001  2.350700E-0001  2.328039E-0001  1.770831E-0001  2.002162E-0001  1.754519E-0001  2.285614E-0001  0.000000E+0000  2.502610E-0001
  1.173989E-0001  7.142680E-0002  1.071621E-0002  2.643024E-0001  1.601073E-0001  1.955828E-0001  1.752510E-0001  1.285360E-0001  1.404752E-0001  2.502610E-0001  0.000000E+0000

  0.000000E+0000  2.138510E-0003  5.890835E-0004  2.446861E-0003  1.432233E-0003  2.764222E-0003  4.829930E-0003  2.080458E-0003  5.686499E-0003  2.494509E-0003  1.397303E-0002
  2.138510E-0003  0.000000E+0000  5.357214E-0004  2.550012E-0003  1.455507E-0003  3.142163E-0003  4.447777E-0003  3.331386E-0003  4.644348E-0003  2.313381E-0003  8.351332E-0003
  5.890835E-0004  5.357214E-0004  0.000000E+0000  1.190351E-0003  5.488473E-0004  1.278509E-0003  2.054974E-0003  9.224070E-0004  2.037663E-0003  1.182045E-0003  4.254289E-0003
  2.446861E-0003  2.550012E-0003  1.190351E-0003  0.000000E+0000  3.169167E-0003  2.745636E-0003  5.773107E-0003  1.546638E-0003  4.216202E-0003  2.973707E-0003  8.494801E-0003
  1.432233E-0003  1.455507E-0003  5.488473E-0004  3.169167E-0003  0.000000E+0000  3.500687E-0003  6.057014E-0003  5.939036E-0003  6.129928E-0003  3.094236E-0003  1.575286E-0002
  2.764222E-0003  3.142163E-0003  1.278509E-0003  2.745636E-0003  3.500687E-0003  0.000000E+0000  1.853647E-0003  5.680483E-0003  4.452958E-0003  3.281121E-0003  6.702885E-0003
  4.829930E-0003  4.447777E-0003  2.054974E-0003  5.773107E-0003  6.057014E-0003  1.853647E-0003  0.000000E+0000  3.853038E-0003  6.145906E-0003  7.037229E-0003  8.266904E-0003
  2.080458E-0003  3.331386E-0003  9.224070E-0004  1.546638E-0003  5.939036E-0003  5.680483E-0003  3.853038E-0003  0.000000E+0000  7.569987E-0003  1.386260E-0003  1.285030E-0002
  5.686499E-0003  4.644348E-0003  2.037663E-0003  4.216202E-0003  6.129928E-0003  4.452958E-0003  6.145906E-0003  7.569987E-0003  0.000000E+0000  5.051001E-0003  1.143283E-0002
  2.494509E-0003  2.313381E-0003  1.182045E-0003  2.973707E-0003  3.094236E-0003  3.281121E-0003  7.037229E-0003  1.386260E-0003  5.051001E-0003  0.000000E+0000  1.249520E-0002
  1.397303E-0002  8.351332E-0003  4.254289E-0003  8.494801E-0003  1.575286E-0002  6.702885E-0003  8.266904E-0003  1.285030E-0002  1.143283E-0002  1.249520E-0002  0.000000E+0000

  0.000000E+0000  7.708235E-0004  1.022569E-0004  1.352416E-0004  7.416790E-0005  1.702773E-0004  1.179931E-0004  5.843568E-0004  3.241115E-0004  2.629909E-0004  2.603849E-0004
  7.708235E-0004  0.000000E+0000  3.717824E-0004  1.323029E-0004  8.995896E-0004  9.338620E-0004  8.396599E-0004  1.855650E-0003  5.773800E-0004  4.098675E-0004  5.551786E-0004
  1.022569E-0004  3.717824E-0004  0.000000E+0000  7.031656E-0005  1.105481E-0004  1.978880E-0004  1.130968E-0004  4.898900E-0004  1.758638E-0004  1.746098E-0004  6.762981E-0005
  1.352416E-0004  1.323029E-0004  7.031656E-0005  0.000000E+0000  1.691647E-0004  1.662878E-0004  1.376506E-0004  2.334881E-0004  1.958420E-0004  2.243582E-0004  3.033734E-0004
  7.416790E-0005  8.995896E-0004  1.105481E-0004  1.691647E-0004  0.000000E+0000  2.565709E-0004  1.478098E-0004  1.606954E-0003  3.935324E-0004  3.657497E-0004  1.612823E-0004
  1.702773E-0004  9.338620E-0004  1.978880E-0004  1.662878E-0004  2.565709E-0004  0.000000E+0000  2.238673E-0004  2.952597E-0005  1.452777E-0004  9.579994E-0005  1.412387E-0004
  1.179931E-0004  8.396599E-0004  1.130968E-0004  1.376506E-0004  1.478098E-0004  2.238673E-0004  0.000000E+0000  6.988834E-0004  2.436513E-0004  1.647708E-0004  2.110668E-0004
  5.843568E-0004  1.855650E-0003  4.898900E-0004  2.334881E-0004  1.606954E-0003  2.952597E-0005  6.988834E-0004  0.000000E+0000  8.311970E-0004  2.452966E-0004  4.923663E-0004
  3.241115E-0004  5.773800E-0004  1.758638E-0004  1.958420E-0004  3.935324E-0004  1.452777E-0004  2.436513E-0004  8.311970E-0004  0.000000E+0000  2.928574E-0004  2.380619E-0004
  2.629909E-0004  4.098675E-0004  1.746098E-0004  2.243582E-0004  3.657497E-0004  9.579994E-0005  1.647708E-0004  2.452966E-0004  2.928574E-0004  0.000000E+0000  2.606928E-0004
  2.603849E-0004  5.551786E-0004  6.762981E-0005  3.033734E-0004  1.612823E-0004  1.412387E-0004  2.110668E-0004  4.923663E-0004  2.380619E-0004  2.606928E-0004  0.000000E+0000

  0.000000E+0000  7.836709E-0004  4.422664E-0004  9.832707E-0004  6.296377E-0004  8.558948E-0004  8.838065E-0004  4.632049E-0004  7.811993E-0004  9.557334E-0004  8.937237E-0004
  7.836709E-0004  0.000000E+0000  1.022361E-0004  1.213311E-0003  8.274998E-0004  1.055624E-0003  1.242298E-0003  3.641109E-0004  1.050662E-0003  1.198650E-0003  1.027821E-0003
  4.422664E-0004  1.022361E-0004  0.000000E+0000  5.466563E-0004  4.092084E-0004  5.418082E-0004  6.194590E-0004  2.413274E-0004  4.670551E-0004  5.833821E-0004  5.862474E-0004
  9.832707E-0004  1.213311E-0003  5.466563E-0004  0.000000E+0000  1.098437E-0003  6.163035E-0004  8.858841E-0004  8.583152E-0004  7.547668E-0004  7.471626E-0004  1.351763E-0003
  6.296377E-0004  8.274998E-0004  4.092084E-0004  1.098437E-0003  0.000000E+0000  1.005924E-0003  1.042512E-0003  5.690746E-0004  9.072387E-0004  1.081853E-0003  1.041649E-0003
  8.558948E-0004  1.055624E-0003  5.418082E-0004  6.163035E-0004  1.005924E-0003  0.000000E+0000  8.840307E-0004  7.849954E-0004  7.647402E-0004  6.978978E-0004  9.768526E-0004
  8.838065E-0004  1.242298E-0003  6.194590E-0004  8.858841E-0004  1.042512E-0003  8.840307E-0004  0.000000E+0000  7.957245E-0004  8.190489E-0004  9.475075E-0004  1.168577E-0003
  4.632049E-0004  3.641109E-0004  2.413274E-0004  8.583152E-0004  5.690746E-0004  7.849954E-0004  7.957245E-0004  0.000000E+0000  6.799084E-0004  8.310454E-0004  7.545907E-0004
  7.811993E-0004  1.050662E-0003  4.670551E-0004  7.547668E-0004  9.072387E-0004  7.647402E-0004  8.190489E-0004  6.799084E-0004  0.000000E+0000  8.427249E-0004  9.581392E-0004
  9.557334E-0004  1.198650E-0003  5.833821E-0004  7.471626E-0004  1.081853E-0003  6.978978E-0004  9.475075E-0004  8.310454E-0004  8.427249E-0004  0.000000E+0000  1.262336E-0003
  8.937237E-0004  1.027821E-0003  5.862474E-0004  1.351763E-0003  1.041649E-0003  9.768526E-0004  1.168577E-0003  7.545907E-0004  9.581392E-0004  1.262336E-0003  0.000000E+0000

  0.000000E+0000  8.134833E-0003  8.133182E-0003  2.134941E-0002  2.218438E-0002  2.137873E-0002  2.079352E-0002  1.863652E-0002  1.971475E-0002  2.133208E-0002  2.361224E-0002
  8.134833E-0003  0.000000E+0000  1.007939E-0003  1.218263E-0002  8.251395E-0003  1.040099E-0002  1.148537E-0002  7.636644E-0003  8.630191E-0003  1.492315E-0002  1.179212E-0002
  8.133182E-0003  1.007939E-0003  0.000000E+0000  8.629757E-0003  8.875499E-0003  6.593704E-0003  6.920989E-0003  7.520772E-0003  5.366641E-0003  1.124174E-0002  8.155573E-0003
  2.134941E-0002  1.218263E-0002  8.629757E-0003  0.000000E+0000  3.415217E-0002  1.800330E-0002  1.995156E-0002  2.852327E-0002  2.575657E-0002  3.179120E-0002  3.296370E-0002
  2.218438E-0002  8.251395E-0003  8.875499E-0003  3.415217E-0002  0.000000E+0000  3.305560E-0002  3.388254E-0002  2.021106E-0002  3.039427E-0002  3.386799E-0002  3.340371E-0002
  2.137873E-0002  1.040099E-0002  6.593704E-0003  1.800330E-0002  3.305560E-0002  0.000000E+0000  1.661475E-0002  2.749211E-0002  2.168204E-0002  3.357778E-0002  2.800553E-0002
  2.079352E-0002  1.148537E-0002  6.920989E-0003  1.995156E-0002  3.388254E-0002  1.661475E-0002  0.000000E+0000  2.832368E-0002  2.595137E-0002  2.793725E-0002  3.224517E-0002
  1.863652E-0002  7.636644E-0003  7.520772E-0003  2.852327E-0002  2.021106E-0002  2.749211E-0002  2.832368E-0002  0.000000E+0000  2.514649E-0002  2.832251E-0002  2.701101E-0002
  1.971475E-0002  8.630191E-0003  5.366641E-0003  2.575657E-0002  3.039427E-0002  2.168204E-0002  2.595137E-0002  2.514649E-0002  0.000000E+0000  3.228432E-0002  2.368421E-0002
  2.133208E-0002  1.492315E-0002  1.124174E-0002  3.179120E-0002  3.386799E-0002  3.357778E-0002  2.793725E-0002  2.832251E-0002  3.228432E-0002  0.000000E+0000  4.476088E-0002
  2.361224E-0002  1.179212E-0002  8.155573E-0003  3.296370E-0002  3.340371E-0002  2.800553E-0002  3.224517E-0002  2.701101E-0002  2.368421E-0002  4.476088E-0002  0.000000E+0000

  0.000000E+0000  5.071303E-0003  1.271138E-0003  3.571272E-0003  1.394981E-0003  2.076419E-0003  3.620469E-0003  2.565969E-0003  4.804065E-0003  3.934103E-0003  5.794089E-0003
  5.071303E-0003  0.000000E+0000  1.223252E-0003  3.468676E-0003  5.612541E-0003  4.488143E-0003  4.547964E-0003  1.142832E-0002  5.545752E-0003  6.080376E-0003  9.977655E-0003
  1.271138E-0003  1.223252E-0003  0.000000E+0000  1.770143E-0003  1.065839E-0003  2.298664E-0003  2.258731E-0003  3.854473E-0003  2.688287E-0003  2.432595E-0003  4.706856E-0003
  3.571272E-0003  3.468676E-0003  1.770143E-0003  0.000000E+0000  4.073746E-0003  3.675136E-0003  3.676218E-0003  4.174642E-0003  2.799554E-0003  3.075381E-0003  6.183672E-0003
  1.394981E-0003  5.612541E-0003  1.065839E-0003  4.073746E-0003  0.000000E+0000  2.741858E-0003  4.448594E-0003  1.109339E-0002  6.028715E-0003  5.440801E-0003  9.047132E-0003
  2.076419E-0003  4.488143E-0003  2.298664E-0003  3.675136E-0003  2.741858E-0003  0.000000E+0000  3.239179E-0003  1.607237E-0003  7.133050E-0003  4.251122E-0003  9.559738E-0003
  3.620469E-0003  4.547964E-0003  2.258731E-0003  3.676218E-0003  4.448594E-0003  3.239179E-0003  0.000000E+0000  5.008216E-0003  4.297819E-0003  3.419346E-0003  6.143535E-0003
  2.565969E-0003  1.142832E-0002  3.854473E-0003  4.174642E-0003  1.109339E-0002  1.607237E-0003  5.008216E-0003  0.000000E+0000  1.040630E-0002  4.298394E-0003  7.515346E-0003
  4.804065E-0003  5.545752E-0003  2.688287E-0003  2.799554E-0003  6.028715E-0003  7.133050E-0003  4.297819E-0003  1.040630E-0002  0.000000E+0000  3.832313E-0003  7.804183E-0003
  3.934103E-0003  6.080376E-0003  2.432595E-0003  3.075381E-0003  5.440801E-0003  4.251122E-0003  3.419346E-0003  4.298394E-0003  3.832313E-0003  0.000000E+0000  6.178252E-0003
  5.794089E-0003  9.977655E-0003  4.706856E-0003  6.183672E-0003  9.047132E-0003  9.559738E-0003  6.143535E-0003  7.515346E-0003  7.804183E-0003  6.178252E-0003  0.000000E+0000

  0.000000E+0000  1.205481E-0003  1.676886E-0003  5.367200E-0003  3.462833E-0003  4.975301E-0003  5.638031E-0003  4.271961E-0003  5.293514E-0003  5.397962E-0003  6.118926E-0003
  1.205481E-0003  0.000000E+0000  1.900822E-0004  2.604404E-0003  1.540937E-0003  2.276919E-0003  3.027019E-0003  7.274408E-0004  2.552944E-0003  2.431540E-0003  3.388829E-0003
  1.676886E-0003  1.900822E-0004  0.000000E+0000  2.263503E-0003  1.437678E-0003  2.262183E-0003  2.897276E-0003  1.894986E-0003  2.135653E-0003  2.753601E-0003  3.466918E-0003
  5.367200E-0003  2.604404E-0003  2.263503E-0003  0.000000E+0000  6.313939E-0003  5.289108E-0003  6.500797E-0003  8.588398E-0003  4.580632E-0003  6.312195E-0003  7.475205E-0003
  3.462833E-0003  1.540937E-0003  1.437678E-0003  6.313939E-0003  0.000000E+0000  5.474614E-0003  6.967200E-0003  5.182782E-0003  6.270729E-0003  6.191672E-0003  7.435892E-0003
  4.975301E-0003  2.276919E-0003  2.262183E-0003  5.289108E-0003  5.474614E-0003  0.000000E+0000  6.010340E-0003  7.637382E-0003  4.415920E-0003  7.935653E-0003  5.499146E-0003
  5.638031E-0003  3.027019E-0003  2.897276E-0003  6.500797E-0003  6.967200E-0003  6.010340E-0003  0.000000E+0000  8.882370E-0003  5.904134E-0003  6.110362E-0003  8.646747E-0003
  4.271961E-0003  7.274408E-0004  1.894986E-0003  8.588398E-0003  5.182782E-0003  7.637382E-0003  8.882370E-0003  0.000000E+0000  8.197012E-0003  8.575574E-0003  9.011332E-0003
  5.293514E-0003  2.552944E-0003  2.135653E-0003  4.580632E-0003  6.270729E-0003  4.415920E-0003  5.904134E-0003  8.197012E-0003  0.000000E+0000  5.397638E-0003  6.961486E-0003
  5.397962E-0003  2.431540E-0003  2.753601E-0003  6.312195E-0003  6.191672E-0003  7.935653E-0003  6.110362E-0003  8.575574E-0003  5.397638E-0003  0.000000E+0000  7.380700E-0003
  6.118926E-0003  3.388829E-0003  3.466918E-0003  7.475205E-0003  7.435892E-0003  5.499146E-0003  8.646747E-0003  9.011332E-0003  6.961486E-0003  7.380700E-0003  0.000000E+0000
