6661999 = Ignore first line (new format code)
File name: E:\Folders\PhD\ISAD\ISAD_Curry_data\ISAD_EEGs\eLORETA\EEGs_128Hz_200sec-window\Clinical_v_Healthy\T1_clinical_all\F47-ROIlinLagConn-crss.txt
1 = Number of time frames in Time X Frequency decomposition
3 = Number of EEG files
11 = Number Electrodes
25600 = Number of time frames in EEG files
32768 = Number of time frames in EEG files power of 2
7 = Number of matrices
5 = Band type (1=Classical1; 2=Classical2; 3=DiscreteFreqs; 4=AllDiscreteFreqs; 5=UserDefinedBands)
 1.280000E+0002 = Sampling rate Hz
-1.000000E+0002 = Freq1 Hz
-1.000000E+0002 = Freq2 Hz
 3.906250E-0003 = Frequency resolution Hz

  0.000000E+0000  2.047198E-0003  5.729178E-0004  1.471303E-0003  5.023413E-0003  4.743213E-0003  4.753108E-0003  2.890096E-0003  2.588970E-0003  1.791027E-0003  9.658569E-0003
  2.047198E-0003  0.000000E+0000  1.424665E-0003  3.232853E-0003  2.687522E-0003  8.112165E-0003  3.802136E-0003  1.731099E-0003  3.230099E-0003  3.776676E-0003  9.939370E-0003
  5.729178E-0004  1.424665E-0003  0.000000E+0000  8.691722E-0004  1.307594E-0003  4.013763E-0003  1.345957E-0003  1.009022E-0003  2.252739E-0003  1.697085E-0003  2.432109E-0003
  1.471303E-0003  3.232853E-0003  8.691722E-0004  0.000000E+0000  2.391645E-0003  1.415368E-0002  5.124945E-0003  9.056123E-0003  2.905759E-0003  1.722431E-0002  1.290299E-0002
  5.023413E-0003  2.687522E-0003  1.307594E-0003  2.391645E-0003  0.000000E+0000  1.824638E-0002  4.729134E-0003  5.159873E-0003  1.410938E-0003  1.691306E-0002  3.775234E-0003
  4.743213E-0003  8.112165E-0003  4.013763E-0003  1.415368E-0002  1.824638E-0002  0.000000E+0000  1.161042E-0002  1.294255E-0002  1.027089E-0002  1.647689E-0002  3.122798E-0002
  4.753108E-0003  3.802136E-0003  1.345957E-0003  5.124945E-0003  4.729134E-0003  1.161042E-0002  0.000000E+0000  6.715097E-0003  3.004841E-0003  1.298544E-0002  4.852080E-0003
  2.890096E-0003  1.731099E-0003  1.009022E-0003  9.056123E-0003  5.159873E-0003  1.294255E-0002  6.715097E-0003  0.000000E+0000  5.573617E-0003  9.439711E-0003  2.263590E-0002
  2.588970E-0003  3.230099E-0003  2.252739E-0003  2.905759E-0003  1.410938E-0003  1.027089E-0002  3.004841E-0003  5.573617E-0003  0.000000E+0000  9.971171E-0003  7.991075E-0003
  1.791027E-0003  3.776676E-0003  1.697085E-0003  1.722431E-0002  1.691306E-0002  1.647689E-0002  1.298544E-0002  9.439711E-0003  9.971171E-0003  0.000000E+0000  3.926133E-0002
  9.658569E-0003  9.939370E-0003  2.432109E-0003  1.290299E-0002  3.775234E-0003  3.122798E-0002  4.852080E-0003  2.263590E-0002  7.991075E-0003  3.926133E-0002  0.000000E+0000

  0.000000E+0000  2.127917E-0004  2.551685E-0004  5.828849E-0004  8.320171E-0004  5.291772E-0004  2.377663E-0004  5.573907E-0004  1.159474E-0003  4.926812E-0004  2.489303E-0004
  2.127917E-0004  0.000000E+0000  5.552711E-0005  7.553126E-0005  6.892836E-0004  1.084795E-0003  2.954568E-0004  1.862924E-0004  4.054907E-0004  1.627043E-0003  2.699066E-0004
  2.551685E-0004  5.552711E-0005  0.000000E+0000  1.452247E-0004  1.792663E-0004  4.132228E-0004  5.330829E-0004  1.587218E-0004  6.021345E-0005  6.929126E-0004  7.403046E-0004
  5.828849E-0004  7.553126E-0005  1.452247E-0004  0.000000E+0000  1.563848E-0003  2.228088E-0003  3.151928E-0004  6.891773E-0004  7.360527E-0004  4.918614E-0003  4.976624E-0004
  8.320171E-0004  6.892836E-0004  1.792663E-0004  1.563848E-0003  0.000000E+0000  2.699791E-0003  1.313228E-0003  1.278384E-0003  1.066906E-0003  2.260540E-0003  1.331246E-0003
  5.291772E-0004  1.084795E-0003  4.132228E-0004  2.228088E-0003  2.699791E-0003  0.000000E+0000  4.612276E-0004  2.759388E-0003  1.701414E-0003  2.072914E-0003  1.375508E-0003
  2.377663E-0004  2.954568E-0004  5.330829E-0004  3.151928E-0004  1.313228E-0003  4.612276E-0004  0.000000E+0000  6.892615E-0004  8.426498E-0004  5.628119E-0004  4.712662E-0004
  5.573907E-0004  1.862924E-0004  1.587218E-0004  6.891773E-0004  1.278384E-0003  2.759388E-0003  6.892615E-0004  0.000000E+0000  8.940337E-0004  3.187221E-0003  6.487998E-0004
  1.159474E-0003  4.054907E-0004  6.021345E-0005  7.360527E-0004  1.066906E-0003  1.701414E-0003  8.426498E-0004  8.940337E-0004  0.000000E+0000  3.862806E-0003  7.831921E-0004
  4.926812E-0004  1.627043E-0003  6.929126E-0004  4.918614E-0003  2.260540E-0003  2.072914E-0003  5.628119E-0004  3.187221E-0003  3.862806E-0003  0.000000E+0000  3.912650E-0003
  2.489303E-0004  2.699066E-0004  7.403046E-0004  4.976624E-0004  1.331246E-0003  1.375508E-0003  4.712662E-0004  6.487998E-0004  7.831921E-0004  3.912650E-0003  0.000000E+0000

  0.000000E+0000  4.989199E-0004  6.078957E-0004  9.590842E-0004  6.516098E-0004  7.365151E-0004  1.851716E-0003  7.570010E-0004  9.397183E-0004  9.552268E-0004  2.601802E-0003
  4.989199E-0004  0.000000E+0000  3.968088E-0004  5.227538E-0004  4.726954E-0004  8.832579E-0004  1.087204E-0003  9.439128E-0004  4.214088E-0004  7.333406E-0004  1.532261E-0003
  6.078957E-0004  3.968088E-0004  0.000000E+0000  3.931673E-0004  2.326516E-0004  1.987693E-0003  1.169200E-0003  6.186323E-0004  3.440728E-0004  4.938332E-0004  8.530689E-0004
  9.590842E-0004  5.227538E-0004  3.931673E-0004  0.000000E+0000  1.334908E-0003  1.824602E-0003  1.724205E-0003  2.204186E-0003  1.044847E-0003  3.796620E-0003  2.552298E-0003
  6.516098E-0004  4.726954E-0004  2.326516E-0004  1.334908E-0003  0.000000E+0000  1.181918E-0003  1.830766E-0003  8.289719E-0004  7.070996E-0004  1.462574E-0003  1.726422E-0003
  7.365151E-0004  8.832579E-0004  1.987693E-0003  1.824602E-0003  1.181918E-0003  0.000000E+0000  3.267330E-0003  1.235872E-0003  1.041437E-0003  1.058552E-0003  4.478111E-0003
  1.851716E-0003  1.087204E-0003  1.169200E-0003  1.724205E-0003  1.830766E-0003  3.267330E-0003  0.000000E+0000  3.195530E-0003  1.618848E-0003  1.612175E-0003  1.661243E-0003
  7.570010E-0004  9.439128E-0004  6.186323E-0004  2.204186E-0003  8.289719E-0004  1.235872E-0003  3.195530E-0003  0.000000E+0000  3.789001E-0004  1.444775E-0003  4.313235E-0003
  9.397183E-0004  4.214088E-0004  3.440728E-0004  1.044847E-0003  7.070996E-0004  1.041437E-0003  1.618848E-0003  3.789001E-0004  0.000000E+0000  8.572835E-0004  2.157874E-0003
  9.552268E-0004  7.333406E-0004  4.938332E-0004  3.796620E-0003  1.462574E-0003  1.058552E-0003  1.612175E-0003  1.444775E-0003  8.572835E-0004  0.000000E+0000  2.972502E-0003
  2.601802E-0003  1.532261E-0003  8.530689E-0004  2.552298E-0003  1.726422E-0003  4.478111E-0003  1.661243E-0003  4.313235E-0003  2.157874E-0003  2.972502E-0003  0.000000E+0000

  0.000000E+0000  2.076321E-0003  1.356641E-0003  4.419310E-0004  5.807023E-0003  2.955483E-0003  7.354629E-0004  3.208703E-0003  1.094986E-0003  2.235112E-0003  1.057861E-0003
  2.076321E-0003  0.000000E+0000  1.990073E-0004  4.620809E-0004  1.387842E-0003  5.136530E-0003  1.265665E-0003  1.841207E-0003  6.711817E-0004  2.443026E-0003  1.697758E-0003
  1.356641E-0003  1.990073E-0004  0.000000E+0000  2.555141E-0004  6.200307E-0004  2.700316E-0003  3.209218E-0003  6.044578E-0004  2.530951E-0004  1.833681E-0003  1.204007E-0003
  4.419310E-0004  4.620809E-0004  2.555141E-0004  0.000000E+0000  8.423430E-0004  3.655224E-0003  7.709257E-0004  1.316489E-0003  6.936077E-0004  2.187977E-0003  2.375090E-0003
  5.807023E-0003  1.387842E-0003  6.200307E-0004  8.423430E-0004  0.000000E+0000  2.522250E-0003  3.784404E-0003  3.217529E-0003  5.135903E-0004  1.746983E-0003  2.852148E-0003
  2.955483E-0003  5.136530E-0003  2.700316E-0003  3.655224E-0003  2.522250E-0003  0.000000E+0000  5.943116E-0003  5.951782E-0003  2.295708E-0003  4.359655E-0003  8.939813E-0003
  7.354629E-0004  1.265665E-0003  3.209218E-0003  7.709257E-0004  3.784404E-0003  5.943116E-0003  0.000000E+0000  8.790367E-0004  1.625239E-0003  5.535513E-0003  7.922800E-0003
  3.208703E-0003  1.841207E-0003  6.044578E-0004  1.316489E-0003  3.217529E-0003  5.951782E-0003  8.790367E-0004  0.000000E+0000  1.108926E-0003  3.275634E-0003  2.905174E-0003
  1.094986E-0003  6.711817E-0004  2.530951E-0004  6.936077E-0004  5.135903E-0004  2.295708E-0003  1.625239E-0003  1.108926E-0003  0.000000E+0000  1.225908E-0003  2.199368E-0003
  2.235112E-0003  2.443026E-0003  1.833681E-0003  2.187977E-0003  1.746983E-0003  4.359655E-0003  5.535513E-0003  3.275634E-0003  1.225908E-0003  0.000000E+0000  8.213279E-0003
  1.057861E-0003  1.697758E-0003  1.204007E-0003  2.375090E-0003  2.852148E-0003  8.939813E-0003  7.922800E-0003  2.905174E-0003  2.199368E-0003  8.213279E-0003  0.000000E+0000

  0.000000E+0000  1.088705E-0002  1.855960E-0002  8.327874E-0003  1.116027E-0002  3.486195E-0002  6.206830E-0003  8.024120E-0003  7.420412E-0003  2.673736E-0002  1.803404E-0002
  1.088705E-0002  0.000000E+0000  3.598104E-0003  2.029352E-0003  1.694299E-0002  6.040588E-0003  3.021895E-0003  1.242128E-0002  6.740394E-0003  8.446084E-0003  6.319078E-0003
  1.855960E-0002  3.598104E-0003  0.000000E+0000  5.305970E-0003  1.660499E-0002  9.700127E-0003  5.414404E-0004  2.373491E-0002  6.579998E-0003  7.540320E-0003  5.814649E-0003
  8.327874E-0003  2.029352E-0003  5.305970E-0003  0.000000E+0000  1.305622E-0002  7.201826E-0003  2.037524E-0003  1.219403E-0002  7.552896E-0003  8.251675E-0003  4.992362E-0003
  1.116027E-0002  1.694299E-0002  1.660499E-0002  1.305622E-0002  0.000000E+0000  1.904802E-0002  1.020660E-0002  2.378423E-0002  1.490252E-0002  2.150905E-0002  2.474384E-0002
  3.486195E-0002  6.040588E-0003  9.700127E-0003  7.201826E-0003  1.904802E-0002  0.000000E+0000  9.477187E-0003  3.694414E-0002  9.961406E-0003  2.633134E-0002  1.120725E-0002
  6.206830E-0003  3.021895E-0003  5.414404E-0004  2.037524E-0003  1.020660E-0002  9.477187E-0003  0.000000E+0000  1.598802E-0002  7.210192E-0003  9.484697E-0003  9.988624E-0003
  8.024120E-0003  1.242128E-0002  2.373491E-0002  1.219403E-0002  2.378423E-0002  3.694414E-0002  1.598802E-0002  0.000000E+0000  1.559167E-0002  3.343555E-0002  1.942488E-0002
  7.420412E-0003  6.740394E-0003  6.579998E-0003  7.552896E-0003  1.490252E-0002  9.961406E-0003  7.210192E-0003  1.559167E-0002  0.000000E+0000  7.738770E-0003  1.145387E-0002
  2.673736E-0002  8.446084E-0003  7.540320E-0003  8.251675E-0003  2.150905E-0002  2.633134E-0002  9.484697E-0003  3.343555E-0002  7.738770E-0003  0.000000E+0000  1.498280E-0002
  1.803404E-0002  6.319078E-0003  5.814649E-0003  4.992362E-0003  2.474384E-0002  1.120725E-0002  9.988624E-0003  1.942488E-0002  1.145387E-0002  1.498280E-0002  0.000000E+0000

  0.000000E+0000  1.900445E-0003  3.733910E-0003  3.764460E-0003  7.978427E-0003  2.271033E-0003  2.221349E-0003  2.210202E-0003  3.224939E-0003  2.068863E-0003  1.686430E-0003
  1.900445E-0003  0.000000E+0000  2.574609E-0003  2.850014E-0003  4.857007E-0003  3.109704E-0003  2.240933E-0003  2.687204E-0003  3.352672E-0003  2.800262E-0003  2.659420E-0003
  3.733910E-0003  2.574609E-0003  0.000000E+0000  4.530262E-0003  2.233062E-0003  2.056691E-0003  5.934215E-0003  5.582146E-0003  2.052938E-0003  3.232032E-0003  1.067181E-0002
  3.764460E-0003  2.850014E-0003  4.530262E-0003  0.000000E+0000  2.334817E-0003  6.473079E-0003  5.263495E-0003  5.173369E-0003  4.623566E-0003  6.031888E-0003  4.212330E-0003
  7.978427E-0003  4.857007E-0003  2.233062E-0003  2.334817E-0003  0.000000E+0000  5.383210E-0003  8.883689E-0003  9.204074E-0003  1.820436E-0003  5.327833E-0003  9.874626E-0003
  2.271033E-0003  3.109704E-0003  2.056691E-0003  6.473079E-0003  5.383210E-0003  0.000000E+0000  8.529062E-0003  3.699125E-0003  4.369746E-0003  4.245120E-0003  9.374792E-0003
  2.221349E-0003  2.240933E-0003  5.934215E-0003  5.263495E-0003  8.883689E-0003  8.529062E-0003  0.000000E+0000  4.214189E-0003  5.658022E-0003  6.333252E-0003  5.966270E-0003
  2.210202E-0003  2.687204E-0003  5.582146E-0003  5.173369E-0003  9.204074E-0003  3.699125E-0003  4.214189E-0003  0.000000E+0000  4.166741E-0003  1.957509E-0003  3.699895E-0003
  3.224939E-0003  3.352672E-0003  2.052938E-0003  4.623566E-0003  1.820436E-0003  4.369746E-0003  5.658022E-0003  4.166741E-0003  0.000000E+0000  1.777146E-0003  4.075134E-0003
  2.068863E-0003  2.800262E-0003  3.232032E-0003  6.031888E-0003  5.327833E-0003  4.245120E-0003  6.333252E-0003  1.957509E-0003  1.777146E-0003  0.000000E+0000  6.870979E-0003
  1.686430E-0003  2.659420E-0003  1.067181E-0002  4.212330E-0003  9.874626E-0003  9.374792E-0003  5.966270E-0003  3.699895E-0003  4.075134E-0003  6.870979E-0003  0.000000E+0000

  0.000000E+0000  1.902224E-0003  2.839088E-0003  2.704037E-0003  1.151012E-0002  9.372465E-0004  1.930012E-0003  3.058025E-0003  2.099000E-0003  1.433821E-0003  1.999603E-0003
  1.902224E-0003  0.000000E+0000  1.581685E-0003  2.758340E-0003  2.968577E-0003  2.421251E-0003  5.916965E-0004  2.604024E-0003  2.883091E-0003  2.717631E-0003  5.415474E-0004
  2.839088E-0003  1.581685E-0003  0.000000E+0000  3.640455E-0003  9.872213E-0004  9.025302E-0004  2.607812E-0003  3.207817E-0003  1.626230E-0003  3.699909E-0003  3.542310E-0003
  2.704037E-0003  2.758340E-0003  3.640455E-0003  0.000000E+0000  3.273866E-0003  5.581200E-0003  6.597033E-0003  2.419958E-0003  3.656791E-0003  3.422852E-0003  4.440327E-0003
  1.151012E-0002  2.968577E-0003  9.872213E-0004  3.273866E-0003  0.000000E+0000  5.074082E-0003  3.057730E-0003  9.328297E-0003  5.206327E-0003  1.400529E-0002  1.987089E-0003
  9.372465E-0004  2.421251E-0003  9.025302E-0004  5.581200E-0003  5.074082E-0003  0.000000E+0000  1.970707E-0003  3.840493E-0003  3.876165E-0003  3.503124E-0003  3.464087E-0003
  1.930012E-0003  5.916965E-0004  2.607812E-0003  6.597033E-0003  3.057730E-0003  1.970707E-0003  0.000000E+0000  2.162641E-0003  3.744107E-0003  3.856635E-0003  1.276730E-0003
  3.058025E-0003  2.604024E-0003  3.207817E-0003  2.419958E-0003  9.328297E-0003  3.840493E-0003  2.162641E-0003  0.000000E+0000  3.993047E-0003  3.832196E-0003  1.077992E-0003
  2.099000E-0003  2.883091E-0003  1.626230E-0003  3.656791E-0003  5.206327E-0003  3.876165E-0003  3.744107E-0003  3.993047E-0003  0.000000E+0000  7.483721E-0004  1.850459E-0003
  1.433821E-0003  2.717631E-0003  3.699909E-0003  3.422852E-0003  1.400529E-0002  3.503124E-0003  3.856635E-0003  3.832196E-0003  7.483721E-0004  0.000000E+0000  4.441903E-0003
  1.999603E-0003  5.415474E-0004  3.542310E-0003  4.440327E-0003  1.987089E-0003  3.464087E-0003  1.276730E-0003  1.077992E-0003  1.850459E-0003  4.441903E-0003  0.000000E+0000
