6661999 = Ignore first line (new format code)
File name: E:\Folders\PhD\ISAD\ISAD_Curry_data\ISAD_EEGs\eLORETA\EEGs_128Hz_200sec-window\Clinical_v_Healthy\T1_clinical_all\F48-ROIlinLagConn-crss.txt
1 = Number of time frames in Time X Frequency decomposition
3 = Number of EEG files
11 = Number Electrodes
25600 = Number of time frames in EEG files
32768 = Number of time frames in EEG files power of 2
7 = Number of matrices
5 = Band type (1=Classical1; 2=Classical2; 3=DiscreteFreqs; 4=AllDiscreteFreqs; 5=UserDefinedBands)
 1.280000E+0002 = Sampling rate Hz
-1.000000E+0002 = Freq1 Hz
-1.000000E+0002 = Freq2 Hz
 3.906250E-0003 = Frequency resolution Hz

  0.000000E+0000  1.451904E-0003  2.751996E-0004  9.539550E-0003  1.678888E-0003  8.993358E-0003  2.565024E-0003  4.834828E-0003  7.936669E-0004  1.272757E-0002  4.889066E-0003
  1.451904E-0003  0.000000E+0000  5.184569E-0004  1.816117E-0003  1.692141E-0003  8.389058E-0003  5.319458E-0004  1.796376E-0003  8.047012E-0003  5.712357E-0003  1.981009E-0003
  2.751996E-0004  5.184569E-0004  0.000000E+0000  1.775377E-0003  1.746846E-0003  3.111276E-0003  6.396153E-0004  5.187344E-0004  5.815807E-0004  5.368161E-0003  7.749969E-0004
  9.539550E-0003  1.816117E-0003  1.775377E-0003  0.000000E+0000  1.488741E-0002  2.190101E-0003  2.208966E-0003  1.150697E-0002  3.396957E-0003  7.156728E-0003  9.443952E-0003
  1.678888E-0003  1.692141E-0003  1.746846E-0003  1.488741E-0002  0.000000E+0000  9.934931E-0003  3.039182E-0003  1.778364E-0003  1.201460E-0002  2.122037E-0002  1.204359E-0002
  8.993358E-0003  8.389058E-0003  3.111276E-0003  2.190101E-0003  9.934931E-0003  0.000000E+0000  2.577190E-0003  9.244981E-0003  5.244423E-0003  8.273981E-0003  1.111836E-0002
  2.565024E-0003  5.319458E-0004  6.396153E-0004  2.208966E-0003  3.039182E-0003  2.577190E-0003  0.000000E+0000  5.973919E-0004  5.447126E-0003  6.365308E-0003  1.909556E-0003
  4.834828E-0003  1.796376E-0003  5.187344E-0004  1.150697E-0002  1.778364E-0003  9.244981E-0003  5.973919E-0004  0.000000E+0000  5.192827E-0003  1.493843E-0002  2.932729E-0003
  7.936669E-0004  8.047012E-0003  5.815807E-0004  3.396957E-0003  1.201460E-0002  5.244423E-0003  5.447126E-0003  5.192827E-0003  0.000000E+0000  1.359628E-0002  8.142031E-0003
  1.272757E-0002  5.712357E-0003  5.368161E-0003  7.156728E-0003  2.122037E-0002  8.273981E-0003  6.365308E-0003  1.493843E-0002  1.359628E-0002  0.000000E+0000  1.826667E-0002
  4.889066E-0003  1.981009E-0003  7.749969E-0004  9.443952E-0003  1.204359E-0002  1.111836E-0002  1.909556E-0003  2.932729E-0003  8.142031E-0003  1.826667E-0002  0.000000E+0000

  0.000000E+0000  3.070312E-0003  4.983049E-0004  2.512614E-0003  2.152912E-0003  1.961489E-0003  2.046769E-0003  5.151938E-0003  3.742160E-0003  1.749053E-0003  3.935320E-0003
  3.070312E-0003  0.000000E+0000  1.266386E-0003  6.539064E-0003  2.096605E-0003  5.883340E-0003  4.154120E-0003  1.318061E-0003  2.466878E-0003  8.606185E-0003  7.383324E-0003
  4.983049E-0004  1.266386E-0003  0.000000E+0000  7.245771E-0004  1.067547E-0003  6.036461E-0004  4.974275E-0004  1.745276E-0003  4.951676E-0004  8.356288E-0004  1.830443E-0003
  2.512614E-0003  6.539064E-0003  7.245771E-0004  0.000000E+0000  2.558708E-0003  1.533562E-0003  2.540088E-0003  7.712310E-0003  5.645116E-0003  4.515360E-0003  1.127894E-0002
  2.152912E-0003  2.096605E-0003  1.067547E-0003  2.558708E-0003  0.000000E+0000  3.141110E-0003  2.955634E-0003  1.323982E-0003  3.037300E-0003  4.335514E-0003  1.258180E-0002
  1.961489E-0003  5.883340E-0003  6.036461E-0004  1.533562E-0003  3.141110E-0003  0.000000E+0000  1.137323E-0003  5.733679E-0003  4.077426E-0003  2.300504E-0003  6.662383E-0003
  2.046769E-0003  4.154120E-0003  4.974275E-0004  2.540088E-0003  2.955634E-0003  1.137323E-0003  0.000000E+0000  5.219036E-0003  3.674217E-0003  9.047940E-0004  1.549770E-0003
  5.151938E-0003  1.318061E-0003  1.745276E-0003  7.712310E-0003  1.323982E-0003  5.733679E-0003  5.219036E-0003  0.000000E+0000  4.005859E-0003  4.784680E-0003  1.821602E-0002
  3.742160E-0003  2.466878E-0003  4.951676E-0004  5.645116E-0003  3.037300E-0003  4.077426E-0003  3.674217E-0003  4.005859E-0003  0.000000E+0000  5.548417E-0003  1.073638E-0002
  1.749053E-0003  8.606185E-0003  8.356288E-0004  4.515360E-0003  4.335514E-0003  2.300504E-0003  9.047940E-0004  4.784680E-0003  5.548417E-0003  0.000000E+0000  3.607417E-0003
  3.935320E-0003  7.383324E-0003  1.830443E-0003  1.127894E-0002  1.258180E-0002  6.662383E-0003  1.549770E-0003  1.821602E-0002  1.073638E-0002  3.607417E-0003  0.000000E+0000

  0.000000E+0000  3.385981E-0003  6.498045E-0004  6.264443E-0004  1.101247E-0003  3.089841E-0003  3.807426E-0004  2.824477E-0003  4.211279E-0003  2.890794E-0003  2.566742E-0004
  3.385981E-0003  0.000000E+0000  1.699652E-0003  3.899377E-0003  3.065225E-0003  3.758843E-0003  2.645618E-0003  2.533998E-0003  1.896573E-0003  4.773139E-0003  5.154686E-0003
  6.498045E-0004  1.699652E-0003  0.000000E+0000  9.435079E-0004  6.967668E-0004  9.727098E-0004  5.271381E-0004  1.030301E-0003  2.467804E-0003  8.544390E-0004  6.741294E-0004
  6.264443E-0004  3.899377E-0003  9.435079E-0004  0.000000E+0000  3.360050E-0003  5.790015E-0003  7.273360E-0004  4.904906E-0003  3.558231E-0003  5.777091E-0003  4.753477E-0003
  1.101247E-0003  3.065225E-0003  6.967668E-0004  3.360050E-0003  0.000000E+0000  3.232331E-0003  1.153583E-0003  3.669641E-0003  4.132300E-0003  3.751753E-0003  2.006843E-0003
  3.089841E-0003  3.758843E-0003  9.727098E-0004  5.790015E-0003  3.232331E-0003  0.000000E+0000  2.770140E-0003  4.326927E-0003  3.599092E-0003  6.187803E-0003  4.534649E-0003
  3.807426E-0004  2.645618E-0003  5.271381E-0004  7.273360E-0004  1.153583E-0003  2.770140E-0003  0.000000E+0000  2.649165E-0003  3.110051E-0003  2.561930E-0003  1.142296E-0003
  2.824477E-0003  2.533998E-0003  1.030301E-0003  4.904906E-0003  3.669641E-0003  4.326927E-0003  2.649165E-0003  0.000000E+0000  3.982805E-0003  4.553240E-0003  5.635158E-0003
  4.211279E-0003  1.896573E-0003  2.467804E-0003  3.558231E-0003  4.132300E-0003  3.599092E-0003  3.110051E-0003  3.982805E-0003  0.000000E+0000  4.346629E-0003  5.042549E-0003
  2.890794E-0003  4.773139E-0003  8.544390E-0004  5.777091E-0003  3.751753E-0003  6.187803E-0003  2.561930E-0003  4.553240E-0003  4.346629E-0003  0.000000E+0000  4.228512E-0003
  2.566742E-0004  5.154686E-0003  6.741294E-0004  4.753477E-0003  2.006843E-0003  4.534649E-0003  1.142296E-0003  5.635158E-0003  5.042549E-0003  4.228512E-0003  0.000000E+0000

  0.000000E+0000  4.379473E-0004  1.431176E-0004  6.059502E-0004  1.624363E-0004  1.070992E-0003  9.644073E-0004  4.502926E-0004  1.041836E-0003  9.450522E-0004  1.219001E-0003
  4.379473E-0004  0.000000E+0000  4.350970E-0004  4.091214E-0004  7.165667E-0004  1.549068E-0003  4.264476E-0004  9.482807E-0004  2.933752E-0003  1.307645E-0003  6.310431E-0004
  1.431176E-0004  4.350970E-0004  0.000000E+0000  4.012819E-0004  6.190913E-0004  6.111304E-0004  3.296932E-0004  4.745133E-0004  1.786382E-0003  5.747321E-0004  5.168893E-0004
  6.059502E-0004  4.091214E-0004  4.012819E-0004  0.000000E+0000  1.754619E-0003  2.491659E-0003  7.933920E-0004  1.694863E-0003  2.904901E-0003  3.846328E-0003  1.012301E-0003
  1.624363E-0004  7.165667E-0004  6.190913E-0004  1.754619E-0003  0.000000E+0000  2.378429E-0003  1.749338E-0003  1.601682E-0003  3.103095E-0003  2.749665E-0003  4.470205E-0003
  1.070992E-0003  1.549068E-0003  6.111304E-0004  2.491659E-0003  2.378429E-0003  0.000000E+0000  8.513111E-0004  2.303827E-0003  2.712748E-0003  3.168017E-0003  1.159608E-0003
  9.644073E-0004  4.264476E-0004  3.296932E-0004  7.933920E-0004  1.749338E-0003  8.513111E-0004  0.000000E+0000  1.190212E-0003  1.631937E-0003  6.043329E-0004  1.025965E-0003
  4.502926E-0004  9.482807E-0004  4.745133E-0004  1.694863E-0003  1.601682E-0003  2.303827E-0003  1.190212E-0003  0.000000E+0000  4.438945E-0003  2.962525E-0003  2.806180E-0003
  1.041836E-0003  2.933752E-0003  1.786382E-0003  2.904901E-0003  3.103095E-0003  2.712748E-0003  1.631937E-0003  4.438945E-0003  0.000000E+0000  2.335986E-0003  2.571154E-0003
  9.450522E-0004  1.307645E-0003  5.747321E-0004  3.846328E-0003  2.749665E-0003  3.168017E-0003  6.043329E-0004  2.962525E-0003  2.335986E-0003  0.000000E+0000  7.954864E-0004
  1.219001E-0003  6.310431E-0004  5.168893E-0004  1.012301E-0003  4.470205E-0003  1.159608E-0003  1.025965E-0003  2.806180E-0003  2.571154E-0003  7.954864E-0004  0.000000E+0000

  0.000000E+0000  1.535575E-0003  4.125097E-0004  1.552328E-0003  7.303474E-0004  9.751520E-0004  6.827209E-0004  3.115965E-0003  2.692794E-0003  2.061180E-0003  1.099921E-0003
  1.535575E-0003  0.000000E+0000  1.219033E-0003  1.624104E-0003  5.711093E-0003  1.607570E-0003  1.016989E-0003  5.372656E-0003  8.487974E-0003  1.868923E-0003  2.734014E-0003
  4.125097E-0004  1.219033E-0003  0.000000E+0000  7.847745E-0004  7.877514E-0004  8.720021E-0004  2.543711E-0004  1.643014E-0003  1.981904E-0003  1.078462E-0003  5.653463E-0004
  1.552328E-0003  1.624104E-0003  7.847745E-0004  0.000000E+0000  3.390626E-0003  1.208926E-0003  4.952715E-0004  2.298951E-0003  2.479600E-0003  2.944381E-0003  2.367266E-0003
  7.303474E-0004  5.711093E-0003  7.877514E-0004  3.390626E-0003  0.000000E+0000  3.703182E-0003  1.470101E-0003  8.975011E-0003  5.089483E-0003  2.175286E-0003  1.805229E-0003
  9.751520E-0004  1.607570E-0003  8.720021E-0004  1.208926E-0003  3.703182E-0003  0.000000E+0000  7.062571E-0004  2.817928E-0003  2.628195E-0003  2.139668E-0003  2.238845E-0003
  6.827209E-0004  1.016989E-0003  2.543711E-0004  4.952715E-0004  1.470101E-0003  7.062571E-0004  0.000000E+0000  1.818129E-0003  1.123119E-0003  1.500759E-0003  6.029924E-0004
  3.115965E-0003  5.372656E-0003  1.643014E-0003  2.298951E-0003  8.975011E-0003  2.817928E-0003  1.818129E-0003  0.000000E+0000  1.015456E-0002  5.668689E-0003  2.680396E-0003
  2.692794E-0003  8.487974E-0003  1.981904E-0003  2.479600E-0003  5.089483E-0003  2.628195E-0003  1.123119E-0003  1.015456E-0002  0.000000E+0000  1.008651E-0003  5.127791E-0003
  2.061180E-0003  1.868923E-0003  1.078462E-0003  2.944381E-0003  2.175286E-0003  2.139668E-0003  1.500759E-0003  5.668689E-0003  1.008651E-0003  0.000000E+0000  3.688121E-0003
  1.099921E-0003  2.734014E-0003  5.653463E-0004  2.367266E-0003  1.805229E-0003  2.238845E-0003  6.029924E-0004  2.680396E-0003  5.127791E-0003  3.688121E-0003  0.000000E+0000

  0.000000E+0000  8.088677E-0004  2.527963E-0004  3.194745E-0004  5.165968E-0004  1.541826E-0003  1.082683E-0004  8.840035E-0004  1.032452E-0003  1.563422E-0003  3.947090E-0004
  8.088677E-0004  0.000000E+0000  2.801032E-0004  1.252431E-0004  1.164224E-0003  1.961838E-0003  3.608150E-0004  1.690288E-0003  2.049295E-0003  1.328937E-0003  1.250593E-0003
  2.527963E-0004  2.801032E-0004  0.000000E+0000  6.523303E-0004  4.598237E-0004  4.861601E-0004  2.068139E-0004  9.880807E-0004  3.108857E-0004  7.179789E-0004  3.781380E-0004
  3.194745E-0004  1.252431E-0004  6.523303E-0004  0.000000E+0000  1.468959E-0003  7.737272E-0003  2.733003E-0004  2.897957E-0003  2.403224E-0003  4.858949E-0003  1.360742E-0003
  5.165968E-0004  1.164224E-0003  4.598237E-0004  1.468959E-0003  0.000000E+0000  1.163158E-0003  3.568226E-0004  9.663050E-0004  1.181189E-0003  1.096179E-0003  6.286398E-0004
  1.541826E-0003  1.961838E-0003  4.861601E-0004  7.737272E-0003  1.163158E-0003  0.000000E+0000  1.117226E-0003  4.205617E-0003  2.049852E-0003  5.966743E-0003  2.495976E-0003
  1.082683E-0004  3.608150E-0004  2.068139E-0004  2.733003E-0004  3.568226E-0004  1.117226E-0003  0.000000E+0000  7.292031E-0004  4.462384E-0004  1.620007E-0003  1.460349E-0004
  8.840035E-0004  1.690288E-0003  9.880807E-0004  2.897957E-0003  9.663050E-0004  4.205617E-0003  7.292031E-0004  0.000000E+0000  3.268170E-0003  2.966057E-0003  1.986512E-0003
  1.032452E-0003  2.049295E-0003  3.108857E-0004  2.403224E-0003  1.181189E-0003  2.049852E-0003  4.462384E-0004  3.268170E-0003  0.000000E+0000  8.422262E-0004  1.776174E-0003
  1.563422E-0003  1.328937E-0003  7.179789E-0004  4.858949E-0003  1.096179E-0003  5.966743E-0003  1.620007E-0003  2.966057E-0003  8.422262E-0004  0.000000E+0000  2.492302E-0003
  3.947090E-0004  1.250593E-0003  3.781380E-0004  1.360742E-0003  6.286398E-0004  2.495976E-0003  1.460349E-0004  1.986512E-0003  1.776174E-0003  2.492302E-0003  0.000000E+0000

  0.000000E+0000  3.300605E-0003  1.668669E-0003  4.337498E-0003  3.481594E-0003  4.724905E-0003  2.278399E-0003  5.112111E-0003  6.070956E-0003  4.471945E-0003  3.063288E-0003
  3.300605E-0003  0.000000E+0000  2.068691E-0003  3.853822E-0003  4.762092E-0003  3.982881E-0003  2.841281E-0003  6.506400E-0003  9.915028E-0003  4.727496E-0003  3.043507E-0003
  1.668669E-0003  2.068691E-0003  0.000000E+0000  2.377926E-0003  2.221137E-0003  2.803965E-0003  1.788962E-0003  3.194354E-0003  5.470464E-0003  2.857181E-0003  2.423969E-0003
  4.337498E-0003  3.853822E-0003  2.377926E-0003  0.000000E+0000  5.053781E-0003  2.369633E-0003  3.733161E-0003  7.778586E-0003  1.521398E-0002  5.314250E-0003  6.854556E-0003
  3.481594E-0003  4.762092E-0003  2.221137E-0003  5.053781E-0003  0.000000E+0000  4.659081E-0003  6.036476E-0003  5.982561E-0003  1.236056E-0002  6.377664E-0003  9.710022E-0003
  4.724905E-0003  3.982881E-0003  2.803965E-0003  2.369633E-0003  4.659081E-0003  0.000000E+0000  1.414069E-0003  5.763494E-0003  1.539495E-0002  2.534147E-0003  4.867440E-0003
  2.278399E-0003  2.841281E-0003  1.788962E-0003  3.733161E-0003  6.036476E-0003  1.414069E-0003  0.000000E+0000  6.786296E-0003  7.377478E-0003  5.642726E-0004  2.903345E-0003
  5.112111E-0003  6.506400E-0003  3.194354E-0003  7.778586E-0003  5.982561E-0003  5.763494E-0003  6.786296E-0003  0.000000E+0000  1.862686E-0002  6.641570E-0003  9.088933E-0003
  6.070956E-0003  9.915028E-0003  5.470464E-0003  1.521398E-0002  1.236056E-0002  1.539495E-0002  7.377478E-0003  1.862686E-0002  0.000000E+0000  1.325256E-0002  1.149122E-0002
  4.471945E-0003  4.727496E-0003  2.857181E-0003  5.314250E-0003  6.377664E-0003  2.534147E-0003  5.642726E-0004  6.641570E-0003  1.325256E-0002  0.000000E+0000  3.109716E-0003
  3.063288E-0003  3.043507E-0003  2.423969E-0003  6.854556E-0003  9.710022E-0003  4.867440E-0003  2.903345E-0003  9.088933E-0003  1.149122E-0002  3.109716E-0003  0.000000E+0000
