6661999 = Ignore first line (new format code)
File name: E:\Folders\PhD\ISAD\ISAD_Curry_data\ISAD_EEGs\eLORETA\EEGs_128Hz_200sec-window\Clinical_v_Healthy\T1_clinical_all\F49-ROIlinLagConn-crss.txt
1 = Number of time frames in Time X Frequency decomposition
2 = Number of EEG files
11 = Number Electrodes
25600 = Number of time frames in EEG files
32768 = Number of time frames in EEG files power of 2
7 = Number of matrices
5 = Band type (1=Classical1; 2=Classical2; 3=DiscreteFreqs; 4=AllDiscreteFreqs; 5=UserDefinedBands)
 1.280000E+0002 = Sampling rate Hz
-1.000000E+0002 = Freq1 Hz
-1.000000E+0002 = Freq2 Hz
 3.906250E-0003 = Frequency resolution Hz

  0.000000E+0000  1.174735E-0001  5.715235E-0003  1.038155E-0002  7.317341E-0002  5.463814E-0002  3.041314E-0002  1.147249E-0001  5.090808E-0002  4.317147E-0002  3.915402E-0002
  1.174735E-0001  0.000000E+0000  1.474371E-0002  1.268685E-0001  5.838025E-0002  4.219582E-0002  9.155850E-0002  1.782390E-0001  1.590258E-0001  4.097008E-0002  1.654207E-0001
  5.715235E-0003  1.474371E-0002  0.000000E+0000  9.631186E-0003  1.558943E-0002  2.410719E-0002  2.549625E-0002  2.522429E-0002  1.715235E-0002  1.425560E-0002  5.489119E-0002
  1.038155E-0002  1.268685E-0001  9.631186E-0003  0.000000E+0000  3.766486E-0002  5.589785E-0002  4.825081E-0002  1.393393E-0001  5.285448E-0002  4.113846E-0002  1.004537E-0001
  7.317341E-0002  5.838025E-0002  1.558943E-0002  3.766486E-0002  0.000000E+0000  7.037858E-0002  2.008268E-0002  1.142376E-0001  4.837080E-0002  7.545815E-0002  3.035593E-0003
  5.463814E-0002  4.219582E-0002  2.410719E-0002  5.589785E-0002  7.037858E-0002  0.000000E+0000  6.228587E-0002  9.839921E-0002  6.471496E-0002  9.019027E-0002  1.149440E-0001
  3.041314E-0002  9.155850E-0002  2.549625E-0002  4.825081E-0002  2.008268E-0002  6.228587E-0002  0.000000E+0000  8.321093E-0002  5.589706E-0002  1.921340E-0002  6.430060E-0002
  1.147249E-0001  1.782390E-0001  2.522429E-0002  1.393393E-0001  1.142376E-0001  9.839921E-0002  8.321093E-0002  0.000000E+0000  1.499694E-0001  5.398676E-0002  1.711091E-0001
  5.090808E-0002  1.590258E-0001  1.715235E-0002  5.285448E-0002  4.837080E-0002  6.471496E-0002  5.589706E-0002  1.499694E-0001  0.000000E+0000  2.416398E-0002  1.274702E-0001
  4.317147E-0002  4.097008E-0002  1.425560E-0002  4.113846E-0002  7.545815E-0002  9.019027E-0002  1.921340E-0002  5.398676E-0002  2.416398E-0002  0.000000E+0000  2.073011E-0002
  3.915402E-0002  1.654207E-0001  5.489119E-0002  1.004537E-0001  3.035593E-0003  1.149440E-0001  6.430060E-0002  1.711091E-0001  1.274702E-0001  2.073011E-0002  0.000000E+0000

  0.000000E+0000  1.280200E-0004  2.054809E-0004  2.053783E-0003  1.038068E-0003  1.457604E-0003  7.918245E-0004  4.073326E-0004  3.792288E-0004  2.849051E-0003  2.582131E-0003
  1.280200E-0004  0.000000E+0000  8.206160E-0004  1.893535E-0003  8.500439E-0004  3.847753E-0003  4.474236E-0004  1.913307E-0003  2.261444E-0003  5.789729E-0003  4.348630E-0003
  2.054809E-0004  8.206160E-0004  0.000000E+0000  5.214003E-0003  4.521529E-0003  6.633334E-0003  9.303752E-0004  1.200789E-0003  1.109920E-0003  6.991713E-0003  2.502353E-0003
  2.053783E-0003  1.893535E-0003  5.214003E-0003  0.000000E+0000  9.664493E-0004  1.121952E-0002  2.317691E-0003  4.702012E-0003  1.359498E-0002  9.863306E-0003  7.956492E-0003
  1.038068E-0003  8.500439E-0004  4.521529E-0003  9.664493E-0004  0.000000E+0000  6.903192E-0003  1.838939E-0003  1.826903E-0003  6.304886E-0003  2.647336E-0003  4.802193E-0003
  1.457604E-0003  3.847753E-0003  6.633334E-0003  1.121952E-0002  6.903192E-0003  0.000000E+0000  5.397512E-0003  5.231657E-0003  1.645569E-0002  3.092610E-0002  1.956796E-0002
  7.918245E-0004  4.474236E-0004  9.303752E-0004  2.317691E-0003  1.838939E-0003  5.397512E-0003  0.000000E+0000  4.385848E-0004  2.064702E-0003  5.811659E-0003  5.744661E-0004
  4.073326E-0004  1.913307E-0003  1.200789E-0003  4.702012E-0003  1.826903E-0003  5.231657E-0003  4.385848E-0004  0.000000E+0000  2.833315E-0003  7.434069E-0003  1.812404E-0003
  3.792288E-0004  2.261444E-0003  1.109920E-0003  1.359498E-0002  6.304886E-0003  1.645569E-0002  2.064702E-0003  2.833315E-0003  0.000000E+0000  2.006415E-0002  6.684260E-0003
  2.849051E-0003  5.789729E-0003  6.991713E-0003  9.863306E-0003  2.647336E-0003  3.092610E-0002  5.811659E-0003  7.434069E-0003  2.006415E-0002  0.000000E+0000  2.000659E-0002
  2.582131E-0003  4.348630E-0003  2.502353E-0003  7.956492E-0003  4.802193E-0003  1.956796E-0002  5.744661E-0004  1.812404E-0003  6.684260E-0003  2.000659E-0002  0.000000E+0000

  0.000000E+0000  3.143919E-0004  1.919390E-0004  2.766759E-0003  4.119521E-0003  4.787334E-0003  8.305668E-0004  1.852440E-0003  5.409305E-0004  2.822895E-0003  1.727503E-0003
  3.143919E-0004  0.000000E+0000  9.055345E-0005  8.920650E-0004  3.130536E-0004  1.234939E-0003  4.476940E-0004  7.544010E-0004  3.644690E-0004  1.679163E-0003  1.350933E-0003
  1.919390E-0004  9.055345E-0005  0.000000E+0000  1.500154E-0003  1.244274E-0003  1.865865E-0003  7.860538E-0004  6.005295E-0004  3.923807E-0004  1.609984E-0003  1.453282E-0003
  2.766759E-0003  8.920650E-0004  1.500154E-0003  0.000000E+0000  4.388985E-0003  5.066145E-0003  4.840610E-0003  6.041103E-0003  6.142068E-0003  9.987038E-0003  1.027454E-0002
  4.119521E-0003  3.130536E-0004  1.244274E-0003  4.388985E-0003  0.000000E+0000  5.671952E-0003  3.408400E-0003  5.683167E-0003  6.312883E-0003  5.390835E-0003  6.566587E-0003
  4.787334E-0003  1.234939E-0003  1.865865E-0003  5.066145E-0003  5.671952E-0003  0.000000E+0000  4.953175E-0003  1.282263E-0002  7.906401E-0003  3.690797E-0003  1.301666E-0002
  8.305668E-0004  4.476940E-0004  7.860538E-0004  4.840610E-0003  3.408400E-0003  4.953175E-0003  0.000000E+0000  1.964832E-0003  1.542101E-0003  7.945123E-0003  4.821665E-0003
  1.852440E-0003  7.544010E-0004  6.005295E-0004  6.041103E-0003  5.683167E-0003  1.282263E-0002  1.964832E-0003  0.000000E+0000  1.751243E-0003  8.727451E-0003  5.439751E-0003
  5.409305E-0004  3.644690E-0004  3.923807E-0004  6.142068E-0003  6.312883E-0003  7.906401E-0003  1.542101E-0003  1.751243E-0003  0.000000E+0000  6.089881E-0003  3.797630E-0003
  2.822895E-0003  1.679163E-0003  1.609984E-0003  9.987038E-0003  5.390835E-0003  3.690797E-0003  7.945123E-0003  8.727451E-0003  6.089881E-0003  0.000000E+0000  1.357147E-0002
  1.727503E-0003  1.350933E-0003  1.453282E-0003  1.027454E-0002  6.566587E-0003  1.301666E-0002  4.821665E-0003  5.439751E-0003  3.797630E-0003  1.357147E-0002  0.000000E+0000

  0.000000E+0000  2.948276E-0003  1.989112E-0003  3.172340E-0003  2.496952E-0003  3.109200E-0003  1.967871E-0003  3.615920E-0003  3.355321E-0003  2.450298E-0003  1.621485E-0003
  2.948276E-0003  0.000000E+0000  4.837433E-0003  4.857614E-0003  4.958531E-0003  4.117741E-0003  5.818583E-0003  1.486008E-0003  4.829380E-0003  4.348129E-0003  6.137712E-0003
  1.989112E-0003  4.837433E-0003  0.000000E+0000  6.273067E-0003  4.643414E-0003  6.122759E-0003  1.839596E-0003  6.558925E-0003  3.116788E-0003  5.806883E-0003  4.237440E-0003
  3.172340E-0003  4.857614E-0003  6.273067E-0003  0.000000E+0000  1.008077E-0002  4.192434E-0003  4.141363E-0003  4.201823E-0003  4.508612E-0003  4.241787E-0003  6.534807E-0003
  2.496952E-0003  4.958531E-0003  4.643414E-0003  1.008077E-0002  0.000000E+0000  1.004159E-0002  5.881683E-0003  8.186607E-0003  6.351878E-0003  9.010924E-0003  8.088099E-0003
  3.109200E-0003  4.117741E-0003  6.122759E-0003  4.192434E-0003  1.004159E-0002  0.000000E+0000  3.572545E-0003  2.607534E-0003  4.766332E-0003  5.516697E-0003  6.022455E-0003
  1.967871E-0003  5.818583E-0003  1.839596E-0003  4.141363E-0003  5.881683E-0003  3.572545E-0003  0.000000E+0000  2.992764E-0003  1.539563E-0004  4.854091E-0003  3.492358E-0003
  3.615920E-0003  1.486008E-0003  6.558925E-0003  4.201823E-0003  8.186607E-0003  2.607534E-0003  2.992764E-0003  0.000000E+0000  5.917827E-0003  2.476482E-0003  4.238790E-0003
  3.355321E-0003  4.829380E-0003  3.116788E-0003  4.508612E-0003  6.351878E-0003  4.766332E-0003  1.539563E-0004  5.917827E-0003  0.000000E+0000  4.785449E-0003  1.571443E-0003
  2.450298E-0003  4.348129E-0003  5.806883E-0003  4.241787E-0003  9.010924E-0003  5.516697E-0003  4.854091E-0003  2.476482E-0003  4.785449E-0003  0.000000E+0000  6.722198E-0003
  1.621485E-0003  6.137712E-0003  4.237440E-0003  6.534807E-0003  8.088099E-0003  6.022455E-0003  3.492358E-0003  4.238790E-0003  1.571443E-0003  6.722198E-0003  0.000000E+0000

  0.000000E+0000  7.963235E-0002  2.016319E-0002  2.036772E-0001  1.658459E-0001  2.009025E-0001  5.584021E-0002  1.135268E-0001  4.626328E-0002  2.228396E-0001  1.357762E-0001
  7.963235E-0002  0.000000E+0000  5.696906E-0003  6.963341E-0002  9.989782E-0002  7.179816E-0002  4.116730E-0002  1.035883E-0001  7.716906E-0002  4.839848E-0002  3.871815E-0002
  2.016319E-0002  5.696906E-0003  0.000000E+0000  1.903803E-0002  2.378570E-0002  2.138268E-0002  7.549910E-0003  2.477364E-0002  1.729661E-0002  1.684476E-0002  1.187785E-0002
  2.036772E-0001  6.963341E-0002  1.903803E-0002  0.000000E+0000  1.507738E-0001  1.126663E-0001  7.113772E-0002  2.591268E-0001  1.793461E-0001  1.607827E-0001  8.725248E-0002
  1.658459E-0001  9.989782E-0002  2.378570E-0002  1.507738E-0001  0.000000E+0000  1.362960E-0001  1.915956E-0002  2.782526E-0001  1.055435E-0001  2.185742E-0001  9.292339E-0002
  2.009025E-0001  7.179816E-0002  2.138268E-0002  1.126663E-0001  1.362960E-0001  0.000000E+0000  6.471840E-0002  2.680009E-0001  1.723123E-0001  1.782785E-0001  9.437530E-0002
  5.584021E-0002  4.116730E-0002  7.549910E-0003  7.113772E-0002  1.915956E-0002  6.471840E-0002  0.000000E+0000  7.808228E-0002  4.976157E-0002  8.462655E-0002  5.113952E-0002
  1.135268E-0001  1.035883E-0001  2.477364E-0002  2.591268E-0001  2.782526E-0001  2.680009E-0001  7.808228E-0002  0.000000E+0000  8.727984E-0002  2.737558E-0001  1.740668E-0001
  4.626328E-0002  7.716906E-0002  1.729661E-0002  1.793461E-0001  1.055435E-0001  1.723123E-0001  4.976157E-0002  8.727984E-0002  0.000000E+0000  1.947655E-0001  1.280460E-0001
  2.228396E-0001  4.839848E-0002  1.684476E-0002  1.607827E-0001  2.185742E-0001  1.782785E-0001  8.462655E-0002  2.737558E-0001  1.947655E-0001  0.000000E+0000  8.664563E-0002
  1.357762E-0001  3.871815E-0002  1.187785E-0002  8.725248E-0002  9.292339E-0002  9.437530E-0002  5.113952E-0002  1.740668E-0001  1.280460E-0001  8.664563E-0002  0.000000E+0000

  0.000000E+0000  2.539451E-0003  3.569762E-0003  9.093628E-0003  7.510274E-0003  9.703264E-0003  4.724251E-0003  8.231195E-0003  4.845894E-0003  9.734376E-0003  6.652107E-0003
  2.539451E-0003  0.000000E+0000  1.655282E-0003  9.774007E-0003  1.309963E-0002  1.329717E-0002  3.803329E-0003  6.485680E-0003  5.011261E-0003  1.013400E-0002  3.546560E-0003
  3.569762E-0003  1.655282E-0003  0.000000E+0000  2.793522E-0003  5.684840E-0003  2.568745E-0003  1.652849E-0003  7.791784E-0003  2.558467E-0003  1.148428E-0003  1.444904E-0003
  9.093628E-0003  9.774007E-0003  2.793522E-0003  0.000000E+0000  2.243916E-0002  8.527972E-0003  3.291692E-0003  2.107799E-0002  2.959583E-0003  4.950560E-0003  9.171283E-0003
  7.510274E-0003  1.309963E-0002  5.684840E-0003  2.243916E-0002  0.000000E+0000  1.793244E-0002  1.071811E-0002  1.282960E-0002  1.327056E-0003  2.405607E-0002  1.796563E-0002
  9.703264E-0003  1.329717E-0002  2.568745E-0003  8.527972E-0003  1.793244E-0002  0.000000E+0000  6.626254E-0003  2.287727E-0002  2.684669E-0003  1.202108E-0002  1.270420E-0002
  4.724251E-0003  3.803329E-0003  1.652849E-0003  3.291692E-0003  1.071811E-0002  6.626254E-0003  0.000000E+0000  9.342725E-0003  1.625534E-0003  2.106420E-0003  2.827688E-0003
  8.231195E-0003  6.485680E-0003  7.791784E-0003  2.107799E-0002  1.282960E-0002  2.287727E-0002  9.342725E-0003  0.000000E+0000  1.127740E-0002  2.314794E-0002  1.349600E-0002
  4.845894E-0003  5.011261E-0003  2.558467E-0003  2.959583E-0003  1.327056E-0003  2.684669E-0003  1.625534E-0003  1.127740E-0002  0.000000E+0000  3.514958E-0003  4.223931E-0003
  9.734376E-0003  1.013400E-0002  1.148428E-0003  4.950560E-0003  2.405607E-0002  1.202108E-0002  2.106420E-0003  2.314794E-0002  3.514958E-0003  0.000000E+0000  6.691028E-0003
  6.652107E-0003  3.546560E-0003  1.444904E-0003  9.171283E-0003  1.796563E-0002  1.270420E-0002  2.827688E-0003  1.349600E-0002  4.223931E-0003  6.691028E-0003  0.000000E+0000

  0.000000E+0000  9.127375E-0004  5.029228E-0005  6.753260E-0005  1.458654E-0004  1.847530E-0004  6.639724E-0005  1.011729E-0003  5.877878E-0004  7.901328E-0005  1.356197E-0004
  9.127375E-0004  0.000000E+0000  6.949675E-0005  6.601352E-0004  5.210116E-0004  2.191171E-0004  4.964782E-0004  1.191617E-0003  8.160998E-0004  8.720843E-0005  3.327885E-0004
  5.029228E-0005  6.949675E-0005  0.000000E+0000  6.322860E-0005  1.029481E-0004  6.631610E-0005  5.735406E-0005  1.772950E-0004  5.723070E-0005  2.294620E-0005  1.143411E-0004
  6.753260E-0005  6.601352E-0004  6.322860E-0005  0.000000E+0000  5.396575E-0004  4.770842E-0004  3.905373E-0004  4.809058E-0004  3.739781E-0004  3.312365E-0004  7.845183E-0004
  1.458654E-0004  5.210116E-0004  1.029481E-0004  5.396575E-0004  0.000000E+0000  1.848117E-0004  4.180229E-0004  7.125122E-0004  4.508159E-0004  3.990228E-0004  6.104709E-0004
  1.847530E-0004  2.191171E-0004  6.631610E-0005  4.770842E-0004  1.848117E-0004  0.000000E+0000  4.297947E-0004  3.161209E-0004  4.107500E-0004  6.103882E-0004  8.097272E-0004
  6.639724E-0005  4.964782E-0004  5.735406E-0005  3.905373E-0004  4.180229E-0004  4.297947E-0004  0.000000E+0000  2.970360E-0004  2.936626E-0004  4.226832E-0004  2.014492E-0004
  1.011729E-0003  1.191617E-0003  1.772950E-0004  4.809058E-0004  7.125122E-0004  3.161209E-0004  2.970360E-0004  0.000000E+0000  1.399028E-0003  8.627213E-0005  3.237943E-0004
  5.877878E-0004  8.160998E-0004  5.723070E-0005  3.739781E-0004  4.508159E-0004  4.107500E-0004  2.936626E-0004  1.399028E-0003  0.000000E+0000  1.103655E-0004  3.314855E-0004
  7.901328E-0005  8.720843E-0005  2.294620E-0005  3.312365E-0004  3.990228E-0004  6.103882E-0004  4.226832E-0004  8.627213E-0005  1.103655E-0004  0.000000E+0000  8.880176E-0004
  1.356197E-0004  3.327885E-0004  1.143411E-0004  7.845183E-0004  6.104709E-0004  8.097272E-0004  2.014492E-0004  3.237943E-0004  3.314855E-0004  8.880176E-0004  0.000000E+0000
