6661999 = Ignore first line (new format code)
File name: E:\Folders\PhD\ISAD\ISAD_Curry_data\ISAD_EEGs\eLORETA\EEGs_128Hz_200sec-window\Clinical_v_Healthy\T1_clinical_all\F5-ROIlinLagConn-crss.txt
1 = Number of time frames in Time X Frequency decomposition
3 = Number of EEG files
11 = Number Electrodes
25600 = Number of time frames in EEG files
32768 = Number of time frames in EEG files power of 2
7 = Number of matrices
5 = Band type (1=Classical1; 2=Classical2; 3=DiscreteFreqs; 4=AllDiscreteFreqs; 5=UserDefinedBands)
 1.280000E+0002 = Sampling rate Hz
-1.000000E+0002 = Freq1 Hz
-1.000000E+0002 = Freq2 Hz
 3.906250E-0003 = Frequency resolution Hz

  0.000000E+0000  1.091211E-0001  6.798622E-0003  6.784049E-0002  1.006734E-0001  1.812215E-0001  3.769169E-0002  2.753003E-0001  6.479944E-0002  2.081323E-0001  8.333239E-0002
  1.091211E-0001  0.000000E+0000  2.051236E-0002  5.661364E-0002  8.586272E-0002  1.087296E-0001  7.813302E-0002  1.538166E-0001  8.600902E-0002  9.679258E-0002  1.039331E-0001
  6.798622E-0003  2.051236E-0002  0.000000E+0000  1.149983E-0002  1.300799E-0002  3.619545E-0002  4.096016E-0003  3.922027E-0002  3.718698E-0003  3.637354E-0002  3.749859E-0003
  6.784049E-0002  5.661364E-0002  1.149983E-0002  0.000000E+0000  7.220673E-0002  7.755911E-0002  3.456473E-0002  2.266784E-0001  7.100927E-0002  8.711993E-0002  5.721779E-0002
  1.006734E-0001  8.586272E-0002  1.300799E-0002  7.220673E-0002  0.000000E+0000  1.402620E-0001  2.212074E-0002  2.846332E-0001  1.280152E-0001  1.235906E-0001  6.411156E-0002
  1.812215E-0001  1.087296E-0001  3.619545E-0002  7.755911E-0002  1.402620E-0001  0.000000E+0000  9.176221E-0002  1.709418E-0001  1.547564E-0001  6.420998E-0002  1.048953E-0001
  3.769169E-0002  7.813302E-0002  4.096016E-0003  3.456473E-0002  2.212074E-0002  9.176221E-0002  0.000000E+0000  1.183716E-0001  3.417806E-0002  9.097730E-0002  1.194857E-0002
  2.753003E-0001  1.538166E-0001  3.922027E-0002  2.266784E-0001  2.846332E-0001  1.709418E-0001  1.183716E-0001  0.000000E+0000  2.634976E-0001  1.385917E-0001  2.771264E-0001
  6.479944E-0002  8.600902E-0002  3.718698E-0003  7.100927E-0002  1.280152E-0001  1.547564E-0001  3.417806E-0002  2.634976E-0001  0.000000E+0000  1.707883E-0001  9.774888E-0002
  2.081323E-0001  9.679258E-0002  3.637354E-0002  8.711993E-0002  1.235906E-0001  6.420998E-0002  9.097730E-0002  1.385917E-0001  1.707883E-0001  0.000000E+0000  1.178739E-0001
  8.333239E-0002  1.039331E-0001  3.749859E-0003  5.721779E-0002  6.411156E-0002  1.048953E-0001  1.194857E-0002  2.771264E-0001  9.774888E-0002  1.178739E-0001  0.000000E+0000

  0.000000E+0000  2.899502E-0003  3.253507E-0004  1.165970E-0003  5.171690E-0003  1.648232E-0002  2.628993E-0003  7.875924E-0003  5.953049E-0003  8.501106E-0003  5.130808E-0003
  2.899502E-0003  0.000000E+0000  3.254760E-0004  4.748867E-0003  4.982325E-0003  4.946683E-0003  5.325112E-0003  1.203538E-0002  5.504703E-0003  4.568034E-0003  6.868863E-0003
  3.253507E-0004  3.254760E-0004  0.000000E+0000  1.732088E-0004  3.798084E-0004  9.683816E-0004  7.353540E-0004  1.931151E-0003  8.912971E-0004  6.913842E-0004  1.300827E-0003
  1.165970E-0003  4.748867E-0003  1.732088E-0004  0.000000E+0000  2.196814E-0003  1.434477E-0002  8.480749E-0004  7.491171E-0003  2.014200E-0003  1.325332E-0002  3.347068E-0003
  5.171690E-0003  4.982325E-0003  3.798084E-0004  2.196814E-0003  0.000000E+0000  4.332451E-0003  3.828919E-0003  8.300623E-0003  3.503329E-0003  4.888398E-0003  5.775975E-0003
  1.648232E-0002  4.946683E-0003  9.683816E-0004  1.434477E-0002  4.332451E-0003  0.000000E+0000  4.372506E-0003  1.269637E-0002  6.552446E-0003  9.237481E-0003  1.594999E-0002
  2.628993E-0003  5.325112E-0003  7.353540E-0004  8.480749E-0004  3.828919E-0003  4.372506E-0003  0.000000E+0000  4.312190E-0003  1.378463E-0003  5.203272E-0003  1.790563E-0003
  7.875924E-0003  1.203538E-0002  1.931151E-0003  7.491171E-0003  8.300623E-0003  1.269637E-0002  4.312190E-0003  0.000000E+0000  8.071792E-0003  5.420735E-0003  1.124958E-0002
  5.953049E-0003  5.504703E-0003  8.912971E-0004  2.014200E-0003  3.503329E-0003  6.552446E-0003  1.378463E-0003  8.071792E-0003  0.000000E+0000  8.972025E-0003  2.912229E-0003
  8.501106E-0003  4.568034E-0003  6.913842E-0004  1.325332E-0002  4.888398E-0003  9.237481E-0003  5.203272E-0003  5.420735E-0003  8.972025E-0003  0.000000E+0000  9.259079E-0003
  5.130808E-0003  6.868863E-0003  1.300827E-0003  3.347068E-0003  5.775975E-0003  1.594999E-0002  1.790563E-0003  1.124958E-0002  2.912229E-0003  9.259079E-0003  0.000000E+0000

  0.000000E+0000  9.100908E-0003  1.103415E-0003  1.366402E-0003  7.158225E-0003  3.263593E-0003  3.779537E-0003  4.601641E-0003  5.193913E-0003  2.909544E-0003  4.750371E-0003
  9.100908E-0003  0.000000E+0000  1.702692E-0003  1.453554E-0003  7.358876E-0003  2.563352E-0003  2.183574E-0003  5.666223E-0003  4.830055E-0003  1.838908E-0003  4.181212E-0003
  1.103415E-0003  1.702692E-0003  0.000000E+0000  1.313421E-0004  1.102074E-0003  6.054190E-0004  6.285814E-0004  7.904336E-0004  5.464188E-0004  6.330831E-0004  9.020375E-0004
  1.366402E-0003  1.453554E-0003  1.313421E-0004  0.000000E+0000  2.928251E-0003  3.183915E-0003  9.544661E-0004  1.878754E-0003  3.111215E-0003  9.051509E-0004  2.633868E-0003
  7.158225E-0003  7.358876E-0003  1.102074E-0003  2.928251E-0003  0.000000E+0000  3.093515E-0003  3.349897E-0003  9.023745E-0003  3.653660E-0003  1.698004E-0003  4.592314E-0003
  3.263593E-0003  2.563352E-0003  6.054190E-0004  3.183915E-0003  3.093515E-0003  0.000000E+0000  1.725367E-0003  1.925992E-0003  4.284105E-0003  2.769161E-0003  4.662950E-0003
  3.779537E-0003  2.183574E-0003  6.285814E-0004  9.544661E-0004  3.349897E-0003  1.725367E-0003  0.000000E+0000  3.045531E-0003  2.110660E-0003  1.243295E-0003  7.641157E-0004
  4.601641E-0003  5.666223E-0003  7.904336E-0004  1.878754E-0003  9.023745E-0003  1.925992E-0003  3.045531E-0003  0.000000E+0000  7.248889E-0003  2.960389E-0003  7.418713E-0003
  5.193913E-0003  4.830055E-0003  5.464188E-0004  3.111215E-0003  3.653660E-0003  4.284105E-0003  2.110660E-0003  7.248889E-0003  0.000000E+0000  3.323755E-0003  4.033653E-0003
  2.909544E-0003  1.838908E-0003  6.330831E-0004  9.051509E-0004  1.698004E-0003  2.769161E-0003  1.243295E-0003  2.960389E-0003  3.323755E-0003  0.000000E+0000  2.916328E-0003
  4.750371E-0003  4.181212E-0003  9.020375E-0004  2.633868E-0003  4.592314E-0003  4.662950E-0003  7.641157E-0004  7.418713E-0003  4.033653E-0003  2.916328E-0003  0.000000E+0000

  0.000000E+0000  2.301231E-0003  5.901691E-0004  2.039318E-0003  3.176741E-0003  3.506354E-0003  9.350808E-0004  2.274106E-0003  3.558587E-0003  2.519474E-0003  2.042316E-0003
  2.301231E-0003  0.000000E+0000  8.376738E-0004  1.161153E-0003  4.226792E-0003  1.404912E-0003  6.218441E-0004  1.851290E-0003  3.045380E-0003  1.936081E-0003  1.354189E-0003
  5.901691E-0004  8.376738E-0004  0.000000E+0000  7.584504E-0004  9.814041E-0004  6.395639E-0004  2.834891E-0004  3.133980E-0004  9.892817E-0004  6.346186E-0004  8.367436E-0004
  2.039318E-0003  1.161153E-0003  7.584504E-0004  0.000000E+0000  3.772971E-0003  6.534861E-0003  5.365374E-0004  3.715227E-0003  9.339530E-0003  4.944858E-0003  1.381145E-0003
  3.176741E-0003  4.226792E-0003  9.814041E-0004  3.772971E-0003  0.000000E+0000  3.929735E-0003  1.553161E-0003  2.810984E-0003  5.362895E-0003  4.035548E-0003  4.915717E-0003
  3.506354E-0003  1.404912E-0003  6.395639E-0004  6.534861E-0003  3.929735E-0003  0.000000E+0000  1.921648E-0003  2.857318E-0003  3.099814E-0003  5.782130E-0003  6.313439E-0003
  9.350808E-0004  6.218441E-0004  2.834891E-0004  5.365374E-0004  1.553161E-0003  1.921648E-0003  0.000000E+0000  1.130880E-0003  1.061195E-0003  1.384774E-0003  1.418370E-0004
  2.274106E-0003  1.851290E-0003  3.133980E-0004  3.715227E-0003  2.810984E-0003  2.857318E-0003  1.130880E-0003  0.000000E+0000  3.515426E-0003  3.695387E-0003  3.168941E-0003
  3.558587E-0003  3.045380E-0003  9.892817E-0004  9.339530E-0003  5.362895E-0003  3.099814E-0003  1.061195E-0003  3.515426E-0003  0.000000E+0000  4.187450E-0003  6.230135E-0003
  2.519474E-0003  1.936081E-0003  6.346186E-0004  4.944858E-0003  4.035548E-0003  5.782130E-0003  1.384774E-0003  3.695387E-0003  4.187450E-0003  0.000000E+0000  4.413991E-0003
  2.042316E-0003  1.354189E-0003  8.367436E-0004  1.381145E-0003  4.915717E-0003  6.313439E-0003  1.418370E-0004  3.168941E-0003  6.230135E-0003  4.413991E-0003  0.000000E+0000

  0.000000E+0000  2.770101E-0002  2.869572E-0003  2.307449E-0002  2.078628E-0002  1.945200E-0002  8.133268E-0003  3.635230E-0002  2.942423E-0002  1.497443E-0002  2.186063E-0002
  2.770101E-0002  0.000000E+0000  3.343679E-0003  2.213052E-0002  3.034065E-0002  1.414393E-0002  1.168977E-0002  2.252792E-0002  2.708960E-0002  2.291024E-0002  2.237537E-0002
  2.869572E-0003  3.343679E-0003  0.000000E+0000  4.371595E-0003  3.218574E-0003  3.099539E-0003  1.239677E-0003  3.333712E-0003  5.182169E-0003  2.468074E-0003  3.876966E-0003
  2.307449E-0002  2.213052E-0002  4.371595E-0003  0.000000E+0000  2.518120E-0002  1.261250E-0002  1.166853E-0002  2.351026E-0002  2.177565E-0003  2.093440E-0002  1.868062E-0002
  2.078628E-0002  3.034065E-0002  3.218574E-0003  2.518120E-0002  0.000000E+0000  1.897277E-0002  1.087735E-0002  4.185351E-0002  3.063006E-0002  2.422819E-0002  2.372949E-0002
  1.945200E-0002  1.414393E-0002  3.099539E-0003  1.261250E-0002  1.897277E-0002  0.000000E+0000  7.514238E-0003  6.975294E-0003  1.555619E-0002  1.486128E-0002  1.701979E-0002
  8.133268E-0003  1.168977E-0002  1.239677E-0003  1.166853E-0002  1.087735E-0002  7.514238E-0003  0.000000E+0000  9.888675E-0003  1.462333E-0002  4.577280E-0003  1.071672E-0002
  3.635230E-0002  2.252792E-0002  3.333712E-0003  2.351026E-0002  4.185351E-0002  6.975294E-0003  9.888675E-0003  0.000000E+0000  2.835687E-0002  1.699452E-0002  2.034608E-0002
  2.942423E-0002  2.708960E-0002  5.182169E-0003  2.177565E-0003  3.063006E-0002  1.555619E-0002  1.462333E-0002  2.835687E-0002  0.000000E+0000  2.283075E-0002  2.153753E-0002
  1.497443E-0002  2.291024E-0002  2.468074E-0003  2.093440E-0002  2.422819E-0002  1.486128E-0002  4.577280E-0003  1.699452E-0002  2.283075E-0002  0.000000E+0000  1.913025E-0002
  2.186063E-0002  2.237537E-0002  3.876966E-0003  1.868062E-0002  2.372949E-0002  1.701979E-0002  1.071672E-0002  2.034608E-0002  2.153753E-0002  1.913025E-0002  0.000000E+0000

  0.000000E+0000  1.414521E-0003  1.006094E-0004  3.727526E-0004  9.534096E-0004  1.704075E-0003  8.106242E-0004  1.349060E-0003  3.428633E-0003  7.463520E-0004  5.568624E-0004
  1.414521E-0003  0.000000E+0000  1.947389E-0004  2.176008E-0003  1.553986E-0003  4.000320E-0003  1.083188E-0003  3.851661E-0003  4.912383E-0003  3.503379E-0003  7.300380E-0004
  1.006094E-0004  1.947389E-0004  0.000000E+0000  1.712997E-0004  8.151753E-0005  3.923678E-0004  4.109255E-0005  6.967119E-0005  6.403293E-0004  2.318226E-0004  5.991243E-0005
  3.727526E-0004  2.176008E-0003  1.712997E-0004  0.000000E+0000  1.053874E-0003  5.014919E-0003  2.088718E-0003  3.558832E-0003  3.741700E-0003  4.136949E-0003  3.078201E-0003
  9.534096E-0004  1.553986E-0003  8.151753E-0005  1.053874E-0003  0.000000E+0000  4.186306E-0003  1.499371E-0003  3.166814E-0003  3.032449E-0003  2.033891E-0003  1.359685E-0003
  1.704075E-0003  4.000320E-0003  3.923678E-0004  5.014919E-0003  4.186306E-0003  0.000000E+0000  4.865360E-0003  5.975861E-0003  3.037647E-0003  9.994891E-0003  9.466758E-0003
  8.106242E-0004  1.083188E-0003  4.109255E-0005  2.088718E-0003  1.499371E-0003  4.865360E-0003  0.000000E+0000  2.238114E-0004  3.204503E-0003  4.087012E-0003  1.472007E-0003
  1.349060E-0003  3.851661E-0003  6.967119E-0005  3.558832E-0003  3.166814E-0003  5.975861E-0003  2.238114E-0004  0.000000E+0000  4.582870E-0003  4.695803E-0003  2.048729E-0003
  3.428633E-0003  4.912383E-0003  6.403293E-0004  3.741700E-0003  3.032449E-0003  3.037647E-0003  3.204503E-0003  4.582870E-0003  0.000000E+0000  7.061592E-0003  5.346179E-0003
  7.463520E-0004  3.503379E-0003  2.318226E-0004  4.136949E-0003  2.033891E-0003  9.994891E-0003  4.087012E-0003  4.695803E-0003  7.061592E-0003  0.000000E+0000  7.409491E-0003
  5.568624E-0004  7.300380E-0004  5.991243E-0005  3.078201E-0003  1.359685E-0003  9.466758E-0003  1.472007E-0003  2.048729E-0003  5.346179E-0003  7.409491E-0003  0.000000E+0000

  0.000000E+0000  6.280732E-0005  9.681421E-0005  2.097650E-0004  1.899300E-0004  3.166321E-0004  3.142647E-0004  3.510834E-0004  9.586119E-0004  8.256907E-0004  2.525962E-0004
  6.280732E-0005  0.000000E+0000  4.504184E-0005  9.267908E-0004  2.261143E-0004  1.186197E-0003  1.304661E-0004  6.803294E-0004  1.392441E-0003  8.290770E-0004  1.043689E-0004
  9.681421E-0005  4.504184E-0005  0.000000E+0000  3.460720E-0005  3.389058E-0005  6.987646E-0005  9.975262E-0005  4.235256E-0005  1.879141E-0004  1.143773E-0004  1.049615E-0005
  2.097650E-0004  9.267908E-0004  3.460720E-0005  0.000000E+0000  5.465465E-0004  1.106852E-0003  6.585644E-0004  8.968333E-0004  1.337678E-0003  9.519019E-0004  1.144987E-0003
  1.899300E-0004  2.261143E-0004  3.389058E-0005  5.465465E-0004  0.000000E+0000  8.050383E-0004  2.550161E-0004  4.219710E-0004  2.472159E-0003  8.474914E-0004  2.763497E-0004
  3.166321E-0004  1.186197E-0003  6.987646E-0005  1.106852E-0003  8.050383E-0004  0.000000E+0000  9.955826E-0004  1.059749E-0003  8.141109E-0004  1.133058E-0003  1.767829E-0003
  3.142647E-0004  1.304661E-0004  9.975262E-0005  6.585644E-0004  2.550161E-0004  9.955826E-0004  0.000000E+0000  3.302663E-0004  1.220719E-0003  8.134345E-0004  4.319899E-0004
  3.510834E-0004  6.803294E-0004  4.235256E-0005  8.968333E-0004  4.219710E-0004  1.059749E-0003  3.302663E-0004  0.000000E+0000  1.448763E-0003  7.438529E-0004  5.258385E-0004
  9.586119E-0004  1.392441E-0003  1.879141E-0004  1.337678E-0003  2.472159E-0003  8.141109E-0004  1.220719E-0003  1.448763E-0003  0.000000E+0000  1.546962E-0003  2.663848E-0003
  8.256907E-0004  8.290770E-0004  1.143773E-0004  9.519019E-0004  8.474914E-0004  1.133058E-0003  8.134345E-0004  7.438529E-0004  1.546962E-0003  0.000000E+0000  1.867366E-0003
  2.525962E-0004  1.043689E-0004  1.049615E-0005  1.144987E-0003  2.763497E-0004  1.767829E-0003  4.319899E-0004  5.258385E-0004  2.663848E-0003  1.867366E-0003  0.000000E+0000
