6661999 = Ignore first line (new format code)
File name: E:\Folders\PhD\ISAD\ISAD_Curry_data\ISAD_EEGs\eLORETA\EEGs_128Hz_200sec-window\Clinical_v_Healthy\T1_clinical_all\F50-ROIlinLagConn-crss.txt
1 = Number of time frames in Time X Frequency decomposition
3 = Number of EEG files
11 = Number Electrodes
25600 = Number of time frames in EEG files
32768 = Number of time frames in EEG files power of 2
7 = Number of matrices
5 = Band type (1=Classical1; 2=Classical2; 3=DiscreteFreqs; 4=AllDiscreteFreqs; 5=UserDefinedBands)
 1.280000E+0002 = Sampling rate Hz
-1.000000E+0002 = Freq1 Hz
-1.000000E+0002 = Freq2 Hz
 3.906250E-0003 = Frequency resolution Hz

  0.000000E+0000  9.402156E-0003  3.509712E-0003  9.116397E-0002  1.256146E-0002  9.290699E-0002  7.417693E-0002  4.292103E-0002  4.669672E-0002  9.155881E-0002  1.335821E-0001
  9.402156E-0003  0.000000E+0000  2.472030E-0003  1.371876E-0002  8.971151E-0003  1.997757E-0002  2.809004E-0002  1.469990E-0002  1.572424E-0002  2.820420E-0002  3.111030E-0002
  3.509712E-0003  2.472030E-0003  0.000000E+0000  1.126152E-0002  7.584279E-0004  2.437118E-0002  1.740222E-0002  5.555371E-0003  9.650173E-0003  1.580514E-0002  2.868504E-0002
  9.116397E-0002  1.371876E-0002  1.126152E-0002  0.000000E+0000  3.445994E-0002  9.757908E-0002  4.413157E-0002  1.406854E-0001  1.154341E-0001  1.189323E-0001  6.802157E-0002
  1.256146E-0002  8.971151E-0003  7.584279E-0004  3.445994E-0002  0.000000E+0000  8.279114E-0002  4.228460E-0002  2.985398E-0002  3.896400E-0002  4.669313E-0002  6.701648E-0002
  9.290699E-0002  1.997757E-0002  2.437118E-0002  9.757908E-0002  8.279114E-0002  0.000000E+0000  2.587812E-0002  1.128490E-0001  5.381037E-0002  4.755262E-0002  5.235028E-0002
  7.417693E-0002  2.809004E-0002  1.740222E-0002  4.413157E-0002  4.228460E-0002  2.587812E-0002  0.000000E+0000  9.321711E-0002  6.060703E-0002  1.156813E-0002  9.830965E-0002
  4.292103E-0002  1.469990E-0002  5.555371E-0003  1.406854E-0001  2.985398E-0002  1.128490E-0001  9.321711E-0002  0.000000E+0000  6.433725E-0002  1.169945E-0001  1.758182E-0001
  4.669672E-0002  1.572424E-0002  9.650173E-0003  1.154341E-0001  3.896400E-0002  5.381037E-0002  6.060703E-0002  6.433725E-0002  0.000000E+0000  5.433194E-0002  1.321103E-0001
  9.155881E-0002  2.820420E-0002  1.580514E-0002  1.189323E-0001  4.669313E-0002  4.755262E-0002  1.156813E-0002  1.169945E-0001  5.433194E-0002  0.000000E+0000  7.372595E-0002
  1.335821E-0001  3.111030E-0002  2.868504E-0002  6.802157E-0002  6.701648E-0002  5.235028E-0002  9.830965E-0002  1.758182E-0001  1.321103E-0001  7.372595E-0002  0.000000E+0000

  0.000000E+0000  1.207552E-0003  6.469277E-0004  5.561374E-0003  5.518618E-0003  9.653114E-0003  6.247669E-0003  2.463974E-0003  2.127190E-0003  1.191556E-0002  6.634619E-0003
  1.207552E-0003  0.000000E+0000  3.042366E-0004  1.465890E-0003  1.102758E-0003  1.182489E-0003  5.734629E-0004  6.215052E-0004  1.582640E-0003  3.015198E-0003  1.499969E-0003
  6.469277E-0004  3.042366E-0004  0.000000E+0000  3.245309E-0003  2.262490E-0003  2.963275E-0003  9.707930E-0004  1.485958E-0003  1.832830E-0003  6.781816E-0003  3.381778E-0003
  5.561374E-0003  1.465890E-0003  3.245309E-0003  0.000000E+0000  6.394359E-0003  7.632975E-0003  2.737867E-0003  6.019831E-0003  6.947161E-0003  9.885377E-0003  9.119125E-0003
  5.518618E-0003  1.102758E-0003  2.262490E-0003  6.394359E-0003  0.000000E+0000  1.301751E-0002  3.758850E-0003  4.753868E-0003  3.885836E-0003  1.312409E-0002  1.062952E-0002
  9.653114E-0003  1.182489E-0003  2.963275E-0003  7.632975E-0003  1.301751E-0002  0.000000E+0000  4.494409E-0003  8.644125E-0003  5.962403E-0003  7.464563E-0003  8.009078E-0003
  6.247669E-0003  5.734629E-0004  9.707930E-0004  2.737867E-0003  3.758850E-0003  4.494409E-0003  0.000000E+0000  6.608238E-0003  5.049222E-0003  1.302709E-0003  6.565982E-0003
  2.463974E-0003  6.215052E-0004  1.485958E-0003  6.019831E-0003  4.753868E-0003  8.644125E-0003  6.608238E-0003  0.000000E+0000  1.624377E-0003  1.048616E-0002  6.380667E-0003
  2.127190E-0003  1.582640E-0003  1.832830E-0003  6.947161E-0003  3.885836E-0003  5.962403E-0003  5.049222E-0003  1.624377E-0003  0.000000E+0000  1.243068E-0002  6.278465E-0003
  1.191556E-0002  3.015198E-0003  6.781816E-0003  9.885377E-0003  1.312409E-0002  7.464563E-0003  1.302709E-0003  1.048616E-0002  1.243068E-0002  0.000000E+0000  1.670814E-0002
  6.634619E-0003  1.499969E-0003  3.381778E-0003  9.119125E-0003  1.062952E-0002  8.009078E-0003  6.565982E-0003  6.380667E-0003  6.278465E-0003  1.670814E-0002  0.000000E+0000

  0.000000E+0000  4.267631E-0004  5.503515E-0004  2.281123E-0003  3.206192E-0003  5.832921E-0003  6.528827E-0003  1.112294E-0003  1.915165E-0003  3.708173E-0003  4.969112E-0003
  4.267631E-0004  0.000000E+0000  1.555502E-0004  6.973893E-0004  5.654698E-0004  5.219205E-0004  1.780810E-0003  8.160027E-0004  7.016785E-0004  4.386766E-0004  8.031603E-0004
  5.503515E-0004  1.555502E-0004  0.000000E+0000  7.165798E-0004  1.049211E-0003  8.958446E-0004  9.236000E-0004  2.039382E-0004  7.211154E-0004  1.615932E-0003  1.017359E-0003
  2.281123E-0003  6.973893E-0004  7.165798E-0004  0.000000E+0000  4.670490E-0003  3.282303E-0003  2.751970E-0003  2.791801E-0003  3.234576E-0003  5.546556E-0003  6.682829E-0003
  3.206192E-0003  5.654698E-0004  1.049211E-0003  4.670490E-0003  0.000000E+0000  5.518083E-0003  6.882607E-0003  3.640593E-0003  5.738761E-0003  4.263689E-0003  9.649701E-0003
  5.832921E-0003  5.219205E-0004  8.958446E-0004  3.282303E-0003  5.518083E-0003  0.000000E+0000  7.587492E-0003  7.350824E-0003  6.492658E-0003  6.274042E-0004  2.561463E-0003
  6.528827E-0003  1.780810E-0003  9.236000E-0004  2.751970E-0003  6.882607E-0003  7.587492E-0003  0.000000E+0000  6.404369E-0003  5.180263E-0003  6.577422E-0003  1.197202E-0002
  1.112294E-0003  8.160027E-0004  2.039382E-0004  2.791801E-0003  3.640593E-0003  7.350824E-0003  6.404369E-0003  0.000000E+0000  4.071022E-0003  2.302350E-0003  5.213314E-0003
  1.915165E-0003  7.016785E-0004  7.211154E-0004  3.234576E-0003  5.738761E-0003  6.492658E-0003  5.180263E-0003  4.071022E-0003  0.000000E+0000  2.557078E-0003  6.212473E-0003
  3.708173E-0003  4.386766E-0004  1.615932E-0003  5.546556E-0003  4.263689E-0003  6.274042E-0004  6.577422E-0003  2.302350E-0003  2.557078E-0003  0.000000E+0000  2.126323E-0003
  4.969112E-0003  8.031603E-0004  1.017359E-0003  6.682829E-0003  9.649701E-0003  2.561463E-0003  1.197202E-0002  5.213314E-0003  6.212473E-0003  2.126323E-0003  0.000000E+0000

  0.000000E+0000  1.311234E-0004  7.516649E-0005  8.776648E-0004  4.027036E-0004  7.913042E-0004  3.755497E-0003  3.236046E-0004  9.887161E-0004  8.994995E-0004  1.728859E-0003
  1.311234E-0004  0.000000E+0000  1.162775E-0004  1.095644E-0003  5.585958E-0004  7.026792E-0004  1.103279E-0003  4.862746E-0005  1.419031E-0004  7.351794E-0004  2.646129E-0004
  7.516649E-0005  1.162775E-0004  0.000000E+0000  1.534736E-0004  4.255133E-0005  4.009837E-0004  1.876087E-0004  3.817257E-0005  3.344216E-0004  1.314172E-0004  3.682139E-0004
  8.776648E-0004  1.095644E-0003  1.534736E-0004  0.000000E+0000  5.232482E-0004  3.290724E-0003  3.160379E-0003  4.727182E-0004  1.593892E-0003  6.087871E-0004  1.997289E-0003
  4.027036E-0004  5.585958E-0004  4.255133E-0005  5.232482E-0004  0.000000E+0000  1.483109E-0003  5.486224E-0003  6.922348E-0004  1.261620E-0003  6.149986E-0004  3.012646E-0003
  7.913042E-0004  7.026792E-0004  4.009837E-0004  3.290724E-0003  1.483109E-0003  0.000000E+0000  3.120680E-0003  7.280192E-0004  6.293085E-0004  1.202431E-0003  6.891167E-0004
  3.755497E-0003  1.103279E-0003  1.876087E-0004  3.160379E-0003  5.486224E-0003  3.120680E-0003  0.000000E+0000  4.536794E-0003  3.919390E-0003  4.094996E-0004  4.661579E-0003
  3.236046E-0004  4.862746E-0005  3.817257E-0005  4.727182E-0004  6.922348E-0004  7.280192E-0004  4.536794E-0003  0.000000E+0000  6.881008E-0004  6.280884E-0004  1.605431E-0003
  9.887161E-0004  1.419031E-0004  3.344216E-0004  1.593892E-0003  1.261620E-0003  6.293085E-0004  3.919390E-0003  6.881008E-0004  0.000000E+0000  1.273601E-0003  1.541803E-0003
  8.994995E-0004  7.351794E-0004  1.314172E-0004  6.087871E-0004  6.149986E-0004  1.202431E-0003  4.094996E-0004  6.280884E-0004  1.273601E-0003  0.000000E+0000  1.132893E-0003
  1.728859E-0003  2.646129E-0004  3.682139E-0004  1.997289E-0003  3.012646E-0003  6.891167E-0004  4.661579E-0003  1.605431E-0003  1.541803E-0003  1.132893E-0003  0.000000E+0000

  0.000000E+0000  1.762428E-0002  2.727147E-0002  1.911978E-0001  1.123539E-0001  2.248126E-0001  6.459466E-0002  9.287968E-0002  6.438266E-0002  3.156138E-0001  2.145590E-0001
  1.762428E-0002  0.000000E+0000  1.177536E-0002  4.421346E-0002  2.882185E-0002  3.904174E-0002  1.968693E-0002  2.544633E-0002  2.195823E-0002  4.324552E-0002  3.695592E-0002
  2.727147E-0002  1.177536E-0002  0.000000E+0000  1.837422E-0002  3.150496E-0002  3.529884E-0002  2.462177E-0002  2.832044E-0002  2.645597E-0002  3.269864E-0002  2.080579E-0002
  1.911978E-0001  4.421346E-0002  1.837422E-0002  0.000000E+0000  2.944219E-0001  3.654324E-0001  1.455091E-0001  2.586799E-0001  1.509062E-0001  4.519379E-0001  2.510748E-0001
  1.123539E-0001  2.882185E-0002  3.150496E-0002  2.944219E-0001  0.000000E+0000  3.319461E-0001  1.184302E-0001  2.048400E-0001  1.630009E-0001  3.950200E-0001  2.601779E-0001
  2.248126E-0001  3.904174E-0002  3.529884E-0002  3.654324E-0001  3.319461E-0001  0.000000E+0000  9.950148E-0002  4.118689E-0001  3.265259E-0001  2.469653E-0001  1.614303E-0001
  6.459466E-0002  1.968693E-0002  2.462177E-0002  1.455091E-0001  1.184302E-0001  9.950148E-0002  0.000000E+0000  1.062997E-0001  8.499616E-0002  1.084824E-0001  1.388632E-0001
  9.287968E-0002  2.544633E-0002  2.832044E-0002  2.586799E-0001  2.048400E-0001  4.118689E-0001  1.062997E-0001  0.000000E+0000  8.931818E-0002  3.919418E-0001  2.504328E-0001
  6.438266E-0002  2.195823E-0002  2.645597E-0002  1.509062E-0001  1.630009E-0001  3.265259E-0001  8.499616E-0002  8.931818E-0002  0.000000E+0000  3.748590E-0001  2.448638E-0001
  3.156138E-0001  4.324552E-0002  3.269864E-0002  4.519379E-0001  3.950200E-0001  2.469653E-0001  1.084824E-0001  3.919418E-0001  3.748590E-0001  0.000000E+0000  4.175278E-0002
  2.145590E-0001  3.695592E-0002  2.080579E-0002  2.510748E-0001  2.601779E-0001  1.614303E-0001  1.388632E-0001  2.504328E-0001  2.448638E-0001  4.175278E-0002  0.000000E+0000

  0.000000E+0000  1.137782E-0003  1.445278E-0004  2.280988E-0003  2.620561E-0003  4.470320E-0003  8.561573E-0004  2.308988E-0003  1.313957E-0003  5.186609E-0004  2.411039E-0003
  1.137782E-0003  0.000000E+0000  4.717638E-0004  5.787399E-0004  4.238690E-0003  9.293731E-0004  2.724913E-0003  8.060029E-0004  7.218311E-0004  8.671213E-0004  2.971078E-0003
  1.445278E-0004  4.717638E-0004  0.000000E+0000  8.858215E-0004  3.294364E-0004  7.175092E-0004  4.578318E-0004  3.185181E-0004  4.190744E-0004  4.227266E-0004  1.845009E-0003
  2.280988E-0003  5.787399E-0004  8.858215E-0004  0.000000E+0000  5.449283E-0003  5.510134E-0003  3.836238E-0003  2.318407E-0003  2.328384E-0003  1.498085E-0003  3.206809E-0003
  2.620561E-0003  4.238690E-0003  3.294364E-0004  5.449283E-0003  0.000000E+0000  5.459691E-0003  1.011443E-0003  7.029762E-0003  3.231662E-0003  1.335984E-0003  6.444955E-0003
  4.470320E-0003  9.293731E-0004  7.175092E-0004  5.510134E-0003  5.459691E-0003  0.000000E+0000  2.840613E-0003  5.177894E-0003  4.731237E-0003  4.293387E-0003  5.468631E-0003
  8.561573E-0004  2.724913E-0003  4.578318E-0004  3.836238E-0003  1.011443E-0003  2.840613E-0003  0.000000E+0000  1.398080E-0003  1.429503E-0003  1.431627E-0003  6.242234E-0003
  2.308988E-0003  8.060029E-0004  3.185181E-0004  2.318407E-0003  7.029762E-0003  5.177894E-0003  1.398080E-0003  0.000000E+0000  1.524256E-0003  9.406034E-0004  3.931684E-0003
  1.313957E-0003  7.218311E-0004  4.190744E-0004  2.328384E-0003  3.231662E-0003  4.731237E-0003  1.429503E-0003  1.524256E-0003  0.000000E+0000  7.863303E-0004  2.375160E-0003
  5.186609E-0004  8.671213E-0004  4.227266E-0004  1.498085E-0003  1.335984E-0003  4.293387E-0003  1.431627E-0003  9.406034E-0004  7.863303E-0004  0.000000E+0000  2.483987E-0003
  2.411039E-0003  2.971078E-0003  1.845009E-0003  3.206809E-0003  6.444955E-0003  5.468631E-0003  6.242234E-0003  3.931684E-0003  2.375160E-0003  2.483987E-0003  0.000000E+0000

  0.000000E+0000  7.650012E-0004  2.310143E-0003  1.843659E-0003  5.530663E-0003  2.786368E-0003  2.596840E-0003  1.583124E-0003  3.037661E-0003  4.959842E-0003  1.955797E-0003
  7.650012E-0004  0.000000E+0000  4.430675E-0004  1.371707E-0003  1.337984E-0003  1.107377E-0003  6.728453E-0004  1.506341E-0003  7.397875E-0004  9.167202E-0004  8.170299E-0004
  2.310143E-0003  4.430675E-0004  0.000000E+0000  1.421458E-0003  2.493088E-0003  3.378682E-0004  1.670460E-0003  2.165766E-0003  1.954680E-0003  1.309377E-0003  4.493053E-0004
  1.843659E-0003  1.371707E-0003  1.421458E-0003  0.000000E+0000  5.332903E-0003  4.843439E-0003  3.955693E-0003  4.789724E-0003  2.732531E-0003  3.217130E-0003  2.496592E-0003
  5.530663E-0003  1.337984E-0003  2.493088E-0003  5.332903E-0003  0.000000E+0000  4.241715E-0003  5.003321E-0003  4.881372E-0003  3.684842E-0003  6.666225E-0003  3.163640E-0003
  2.786368E-0003  1.107377E-0003  3.378682E-0004  4.843439E-0003  4.241715E-0003  0.000000E+0000  3.579415E-0003  5.183404E-0003  2.543213E-0003  3.762052E-0003  7.746304E-0004
  2.596840E-0003  6.728453E-0004  1.670460E-0003  3.955693E-0003  5.003321E-0003  3.579415E-0003  0.000000E+0000  6.346404E-0003  4.696514E-0003  6.444667E-0004  3.558737E-0003
  1.583124E-0003  1.506341E-0003  2.165766E-0003  4.789724E-0003  4.881372E-0003  5.183404E-0003  6.346404E-0003  0.000000E+0000  2.417763E-0003  4.126149E-0003  2.730715E-0003
  3.037661E-0003  7.397875E-0004  1.954680E-0003  2.732531E-0003  3.684842E-0003  2.543213E-0003  4.696514E-0003  2.417763E-0003  0.000000E+0000  4.306745E-0003  1.602514E-0003
  4.959842E-0003  9.167202E-0004  1.309377E-0003  3.217130E-0003  6.666225E-0003  3.762052E-0003  6.444667E-0004  4.126149E-0003  4.306745E-0003  0.000000E+0000  4.185053E-0004
  1.955797E-0003  8.170299E-0004  4.493053E-0004  2.496592E-0003  3.163640E-0003  7.746304E-0004  3.558737E-0003  2.730715E-0003  1.602514E-0003  4.185053E-0004  0.000000E+0000
