6661999 = Ignore first line (new format code)
File name: E:\Folders\PhD\ISAD\ISAD_Curry_data\ISAD_EEGs\eLORETA\EEGs_128Hz_200sec-window\Clinical_v_Healthy\T1_clinical_all\F51-ROIlinLagConn-crss.txt
1 = Number of time frames in Time X Frequency decomposition
3 = Number of EEG files
11 = Number Electrodes
25600 = Number of time frames in EEG files
32768 = Number of time frames in EEG files power of 2
7 = Number of matrices
5 = Band type (1=Classical1; 2=Classical2; 3=DiscreteFreqs; 4=AllDiscreteFreqs; 5=UserDefinedBands)
 1.280000E+0002 = Sampling rate Hz
-1.000000E+0002 = Freq1 Hz
-1.000000E+0002 = Freq2 Hz
 3.906250E-0003 = Frequency resolution Hz

  0.000000E+0000  4.939737E-0003  7.361967E-0003  5.317947E-0002  2.839405E-0002  7.949469E-0002  5.349011E-0003  5.957635E-0002  3.378844E-0002  6.791522E-0002  1.522895E-0002
  4.939737E-0003  0.000000E+0000  6.422281E-0003  6.777863E-0002  3.720648E-0002  1.078778E-0001  6.694869E-0003  6.901917E-0002  4.975248E-0002  9.153319E-0002  1.504704E-0002
  7.361967E-0003  6.422281E-0003  0.000000E+0000  1.317155E-0002  8.131905E-0003  1.890155E-0002  1.954946E-0003  2.458567E-0002  2.136271E-0002  1.634936E-0002  1.454170E-0003
  5.317947E-0002  6.777863E-0002  1.317155E-0002  0.000000E+0000  6.957457E-0002  2.772080E-0002  2.976423E-0002  6.828263E-0002  5.562701E-0002  2.652048E-0002  5.084757E-0002
  2.839405E-0002  3.720648E-0002  8.131905E-0003  6.957457E-0002  0.000000E+0000  1.089159E-0001  1.297943E-0002  7.908158E-0002  6.387551E-0002  9.765064E-0002  1.784028E-0002
  7.949469E-0002  1.078778E-0001  1.890155E-0002  2.772080E-0002  1.089159E-0001  0.000000E+0000  4.217318E-0002  1.360947E-0001  1.209152E-0001  2.504783E-0002  7.398591E-0002
  5.349011E-0003  6.694869E-0003  1.954946E-0003  2.976423E-0002  1.297943E-0002  4.217318E-0002  0.000000E+0000  3.321497E-0002  2.806571E-0002  3.560226E-0002  4.341189E-0003
  5.957635E-0002  6.901917E-0002  2.458567E-0002  6.828263E-0002  7.908158E-0002  1.360947E-0001  3.321497E-0002  0.000000E+0000  3.039629E-0002  1.261455E-0001  7.469189E-0002
  3.378844E-0002  4.975248E-0002  2.136271E-0002  5.562701E-0002  6.387551E-0002  1.209152E-0001  2.806571E-0002  3.039629E-0002  0.000000E+0000  1.082470E-0001  6.296206E-0002
  6.791522E-0002  9.153319E-0002  1.634936E-0002  2.652048E-0002  9.765064E-0002  2.504783E-0002  3.560226E-0002  1.261455E-0001  1.082470E-0001  0.000000E+0000  6.050402E-0002
  1.522895E-0002  1.504704E-0002  1.454170E-0003  5.084757E-0002  1.784028E-0002  7.398591E-0002  4.341189E-0003  7.469189E-0002  6.296206E-0002  6.050402E-0002  0.000000E+0000

  0.000000E+0000  3.829649E-0003  1.192218E-0003  8.904682E-0003  7.020150E-0003  7.441051E-0003  5.173164E-0003  3.663464E-0003  4.098486E-0003  8.690648E-0003  9.851267E-0003
  3.829649E-0003  0.000000E+0000  1.228205E-0003  6.672635E-0003  4.766599E-0003  5.161615E-0003  3.745762E-0003  4.424761E-0003  2.928520E-0003  6.640601E-0003  6.589684E-0003
  1.192218E-0003  1.228205E-0003  0.000000E+0000  3.010596E-0003  2.071311E-0003  1.670735E-0003  1.555669E-0003  1.231567E-0003  6.076638E-0004  3.134472E-0003  2.888919E-0003
  8.904682E-0003  6.672635E-0003  3.010596E-0003  0.000000E+0000  8.231187E-0003  7.900949E-0003  6.992516E-0003  9.371974E-0003  8.026849E-0003  7.141381E-0003  9.807086E-0003
  7.020150E-0003  4.766599E-0003  2.071311E-0003  8.231187E-0003  0.000000E+0000  5.974374E-0003  5.691187E-0003  7.553629E-0003  5.362314E-0003  7.006129E-0003  9.187743E-0003
  7.441051E-0003  5.161615E-0003  1.670735E-0003  7.900949E-0003  5.974374E-0003  0.000000E+0000  6.089607E-0003  8.447297E-0003  4.415932E-0003  9.034528E-0003  8.481055E-0003
  5.173164E-0003  3.745762E-0003  1.555669E-0003  6.992516E-0003  5.691187E-0003  6.089607E-0003  0.000000E+0000  5.655547E-0003  4.267189E-0003  7.124148E-0003  7.579881E-0003
  3.663464E-0003  4.424761E-0003  1.231567E-0003  9.371974E-0003  7.553629E-0003  8.447297E-0003  5.655547E-0003  0.000000E+0000  4.662150E-0003  8.284656E-0003  1.109588E-0002
  4.098486E-0003  2.928520E-0003  6.076638E-0004  8.026849E-0003  5.362314E-0003  4.415932E-0003  4.267189E-0003  4.662150E-0003  0.000000E+0000  8.622680E-0003  8.159621E-0003
  8.690648E-0003  6.640601E-0003  3.134472E-0003  7.141381E-0003  7.006129E-0003  9.034528E-0003  7.124148E-0003  8.284656E-0003  8.622680E-0003  0.000000E+0000  1.046677E-0002
  9.851267E-0003  6.589684E-0003  2.888919E-0003  9.807086E-0003  9.187743E-0003  8.481055E-0003  7.579881E-0003  1.109588E-0002  8.159621E-0003  1.046677E-0002  0.000000E+0000

  0.000000E+0000  4.061508E-0004  2.675885E-0004  1.540902E-0003  1.178356E-0003  2.640557E-0003  7.144175E-0004  6.993671E-0004  5.390526E-0004  2.207877E-0003  1.102205E-0003
  4.061508E-0004  0.000000E+0000  9.325900E-0005  8.319538E-0004  6.977969E-0004  2.011028E-0003  7.626395E-0004  9.386289E-0004  5.458845E-0004  1.590258E-0003  6.766743E-0004
  2.675885E-0004  9.325900E-0005  0.000000E+0000  7.568745E-0004  5.930495E-0004  1.074405E-0003  4.147544E-0004  2.331002E-0004  4.850182E-0005  1.002575E-0003  6.286101E-0004
  1.540902E-0003  8.319538E-0004  7.568745E-0004  0.000000E+0000  1.106949E-0003  3.002727E-0003  2.324328E-0003  1.368905E-0003  1.628257E-0003  3.005229E-0003  3.240640E-0003
  1.178356E-0003  6.977969E-0004  5.930495E-0004  1.106949E-0003  0.000000E+0000  2.453452E-0003  1.614274E-0003  1.033377E-0003  1.541430E-0003  1.966857E-0003  2.728365E-0003
  2.640557E-0003  2.011028E-0003  1.074405E-0003  3.002727E-0003  2.453452E-0003  0.000000E+0000  3.024718E-0003  2.361018E-0003  3.201513E-0003  4.524617E-0003  6.423769E-0003
  7.144175E-0004  7.626395E-0004  4.147544E-0004  2.324328E-0003  1.614274E-0003  3.024718E-0003  0.000000E+0000  4.858920E-0004  6.817846E-0004  2.797632E-0003  2.327037E-0003
  6.993671E-0004  9.386289E-0004  2.331002E-0004  1.368905E-0003  1.033377E-0003  2.361018E-0003  4.858920E-0004  0.000000E+0000  2.336207E-0004  1.917726E-0003  1.096935E-0003
  5.390526E-0004  5.458845E-0004  4.850182E-0005  1.628257E-0003  1.541430E-0003  3.201513E-0003  6.817846E-0004  2.336207E-0004  0.000000E+0000  2.745605E-0003  1.191383E-0003
  2.207877E-0003  1.590258E-0003  1.002575E-0003  3.005229E-0003  1.966857E-0003  4.524617E-0003  2.797632E-0003  1.917726E-0003  2.745605E-0003  0.000000E+0000  5.799861E-0003
  1.102205E-0003  6.766743E-0004  6.286101E-0004  3.240640E-0003  2.728365E-0003  6.423769E-0003  2.327037E-0003  1.096935E-0003  1.191383E-0003  5.799861E-0003  0.000000E+0000

  0.000000E+0000  4.102150E-0003  9.495952E-0004  8.640483E-0003  7.038965E-0003  6.714647E-0003  4.205482E-0003  3.078262E-0003  3.215363E-0003  8.856774E-0003  8.976852E-0003
  4.102150E-0003  0.000000E+0000  1.036341E-0003  7.585235E-0003  5.029461E-0003  4.957862E-0003  3.938179E-0003  4.774966E-0003  2.283238E-0003  7.746208E-0003  7.436367E-0003
  9.495952E-0004  1.036341E-0003  0.000000E+0000  3.257172E-0003  2.207200E-0003  2.071219E-0003  1.347468E-0003  9.070309E-0004  5.564137E-0004  3.301751E-0003  3.140172E-0003
  8.640483E-0003  7.585235E-0003  3.257172E-0003  0.000000E+0000  9.265559E-0003  6.219045E-0003  5.118066E-0003  9.471145E-0003  7.238925E-0003  6.485505E-0003  7.518652E-0003
  7.038965E-0003  5.029461E-0003  2.207200E-0003  9.265559E-0003  0.000000E+0000  7.749031E-0003  4.965885E-0003  8.021437E-0003  4.767947E-0003  8.990486E-0003  1.013652E-0002
  6.714647E-0003  4.957862E-0003  2.071219E-0003  6.219045E-0003  7.749031E-0003  0.000000E+0000  4.627697E-0003  7.804719E-0003  4.501387E-0003  7.435681E-0003  6.728784E-0003
  4.205482E-0003  3.938179E-0003  1.347468E-0003  5.118066E-0003  4.965885E-0003  4.627697E-0003  0.000000E+0000  4.679897E-0003  3.814273E-0003  6.032046E-0003  5.665691E-0003
  3.078262E-0003  4.774966E-0003  9.070309E-0004  9.471145E-0003  8.021437E-0003  7.804719E-0003  4.679897E-0003  0.000000E+0000  3.623095E-0003  9.322291E-0003  1.076812E-0002
  3.215363E-0003  2.283238E-0003  5.564137E-0004  7.238925E-0003  4.767947E-0003  4.501387E-0003  3.814273E-0003  3.623095E-0003  0.000000E+0000  7.733535E-0003  7.349005E-0003
  8.856774E-0003  7.746208E-0003  3.301751E-0003  6.485505E-0003  8.990486E-0003  7.435681E-0003  6.032046E-0003  9.322291E-0003  7.733535E-0003  0.000000E+0000  8.684931E-0003
  8.976852E-0003  7.436367E-0003  3.140172E-0003  7.518652E-0003  1.013652E-0002  6.728784E-0003  5.665691E-0003  1.076812E-0002  7.349005E-0003  8.684931E-0003  0.000000E+0000

  0.000000E+0000  7.668684E-0003  4.042252E-0003  2.803329E-0002  2.104318E-0002  3.333806E-0002  1.161334E-0002  9.587189E-0003  4.408926E-0003  3.223970E-0002  2.691246E-0002
  7.668684E-0003  0.000000E+0000  2.447286E-0003  1.786213E-0002  1.326611E-0002  2.202993E-0002  7.849533E-0003  8.530984E-0003  3.163867E-0003  2.087516E-0002  1.617532E-0002
  4.042252E-0003  2.447286E-0003  0.000000E+0000  1.436896E-0002  1.048113E-0002  1.525738E-0002  5.503412E-0003  4.391983E-0003  7.798268E-0004  1.561203E-0002  1.156141E-0002
  2.803329E-0002  1.786213E-0002  1.436896E-0002  0.000000E+0000  2.188431E-0002  3.493858E-0002  2.942932E-0002  2.899421E-0002  2.065570E-0002  2.950536E-0002  3.651126E-0002
  2.104318E-0002  1.326611E-0002  1.048113E-0002  2.188431E-0002  0.000000E+0000  2.713657E-0002  2.060137E-0002  2.117238E-0002  1.560069E-0002  2.578799E-0002  2.224472E-0002
  3.333806E-0002  2.202993E-0002  1.525738E-0002  3.493858E-0002  2.713657E-0002  0.000000E+0000  3.641030E-0002  3.428992E-0002  2.460890E-0002  3.455807E-0002  3.846943E-0002
  1.161334E-0002  7.849533E-0003  5.503412E-0003  2.942932E-0002  2.060137E-0002  3.641030E-0002  0.000000E+0000  1.206616E-0002  5.791560E-0003  3.537912E-0002  2.547689E-0002
  9.587189E-0003  8.530984E-0003  4.391983E-0003  2.899421E-0002  2.117238E-0002  3.428992E-0002  1.206616E-0002  0.000000E+0000  5.991647E-0003  3.285010E-0002  2.716565E-0002
  4.408926E-0003  3.163867E-0003  7.798268E-0004  2.065570E-0002  1.560069E-0002  2.460890E-0002  5.791560E-0003  5.991647E-0003  0.000000E+0000  2.390560E-0002  1.973167E-0002
  3.223970E-0002  2.087516E-0002  1.561203E-0002  2.950536E-0002  2.578799E-0002  3.455807E-0002  3.537912E-0002  3.285010E-0002  2.390560E-0002  0.000000E+0000  4.072099E-0002
  2.691246E-0002  1.617532E-0002  1.156141E-0002  3.651126E-0002  2.224472E-0002  3.846943E-0002  2.547689E-0002  2.716565E-0002  1.973167E-0002  4.072099E-0002  0.000000E+0000

  0.000000E+0000  2.083841E-0004  1.096238E-0004  6.765866E-0004  3.172678E-0004  1.002142E-0003  4.750017E-0004  3.384410E-0004  1.434008E-0004  4.321977E-0004  9.195001E-0004
  2.083841E-0004  0.000000E+0000  1.524547E-0004  5.132498E-0004  2.246279E-0004  6.824604E-0004  3.512881E-0004  1.951166E-0004  1.374693E-0004  3.391640E-0004  6.419247E-0004
  1.096238E-0004  1.524547E-0004  0.000000E+0000  4.527733E-0004  2.948623E-0004  3.212097E-0004  1.195455E-0004  1.132551E-0004  3.231555E-0005  4.169365E-0004  3.633907E-0004
  6.765866E-0004  5.132498E-0004  4.527733E-0004  0.000000E+0000  4.630278E-0004  1.159007E-0003  1.313198E-0003  7.500399E-0004  3.426756E-0004  1.739252E-0003  1.892515E-0003
  3.172678E-0004  2.246279E-0004  2.948623E-0004  4.630278E-0004  0.000000E+0000  7.739417E-0004  5.891380E-0004  3.399261E-0004  2.172707E-0004  7.946175E-0004  8.292832E-0004
  1.002142E-0003  6.824604E-0004  3.212097E-0004  1.159007E-0003  7.739417E-0004  0.000000E+0000  1.031930E-0003  1.109942E-0003  4.143278E-0004  1.567559E-0003  1.644532E-0003
  4.750017E-0004  3.512881E-0004  1.195455E-0004  1.313198E-0003  5.891380E-0004  1.031930E-0003  0.000000E+0000  5.244924E-0004  1.406855E-0004  1.033597E-0003  7.873691E-0004
  3.384410E-0004  1.951166E-0004  1.132551E-0004  7.500399E-0004  3.399261E-0004  1.109942E-0003  5.244924E-0004  0.000000E+0000  2.489684E-0004  4.803784E-0004  1.060003E-0003
  1.434008E-0004  1.374693E-0004  3.231555E-0005  3.426756E-0004  2.172707E-0004  4.143278E-0004  1.406855E-0004  2.489684E-0004  0.000000E+0000  3.887144E-0004  3.665987E-0004
  4.321977E-0004  3.391640E-0004  4.169365E-0004  1.739252E-0003  7.946175E-0004  1.567559E-0003  1.033597E-0003  4.803784E-0004  3.887144E-0004  0.000000E+0000  1.707990E-0003
  9.195001E-0004  6.419247E-0004  3.633907E-0004  1.892515E-0003  8.292832E-0004  1.644532E-0003  7.873691E-0004  1.060003E-0003  3.665987E-0004  1.707990E-0003  0.000000E+0000

  0.000000E+0000  7.398918E-0003  2.194893E-0003  1.666505E-0002  1.263708E-0002  1.600787E-0002  7.548077E-0003  5.001226E-0003  3.975244E-0003  1.700876E-0002  1.562912E-0002
  7.398918E-0003  0.000000E+0000  1.484263E-0003  1.361202E-0002  9.075653E-0003  1.145388E-0002  8.012405E-0003  7.944956E-0003  3.036668E-0003  1.362737E-0002  1.336142E-0002
  2.194893E-0003  1.484263E-0003  0.000000E+0000  7.090646E-0003  5.128174E-0003  6.106053E-0003  2.732080E-0003  1.118771E-0003  8.753146E-0004  6.922234E-0003  6.536587E-0003
  1.666505E-0002  1.361202E-0002  7.090646E-0003  0.000000E+0000  1.650327E-0002  1.339956E-0002  1.020041E-0002  1.739844E-0002  1.310679E-0002  1.228261E-0002  1.533194E-0002
  1.263708E-0002  9.075653E-0003  5.128174E-0003  1.650327E-0002  0.000000E+0000  1.554433E-0002  9.807778E-0003  1.346757E-0002  9.426777E-0003  1.666557E-0002  1.549966E-0002
  1.600787E-0002  1.145388E-0002  6.106053E-0003  1.339956E-0002  1.554433E-0002  0.000000E+0000  1.321832E-0002  1.734104E-0002  1.093099E-0002  1.438760E-0002  1.541713E-0002
  7.548077E-0003  8.012405E-0003  2.732080E-0003  1.020041E-0002  9.807778E-0003  1.321832E-0002  0.000000E+0000  6.707942E-0003  6.222863E-0003  1.314078E-0002  1.131498E-0002
  5.001226E-0003  7.944956E-0003  1.118771E-0003  1.739844E-0002  1.346757E-0002  1.734104E-0002  6.707942E-0003  0.000000E+0000  3.704559E-0003  1.803502E-0002  1.624831E-0002
  3.975244E-0003  3.036668E-0003  8.753146E-0004  1.310679E-0002  9.426777E-0003  1.093099E-0002  6.222863E-0003  3.704559E-0003  0.000000E+0000  1.276901E-0002  1.211434E-0002
  1.700876E-0002  1.362737E-0002  6.922234E-0003  1.228261E-0002  1.666557E-0002  1.438760E-0002  1.314078E-0002  1.803502E-0002  1.276901E-0002  0.000000E+0000  1.587345E-0002
  1.562912E-0002  1.336142E-0002  6.536587E-0003  1.533194E-0002  1.549966E-0002  1.541713E-0002  1.131498E-0002  1.624831E-0002  1.211434E-0002  1.587345E-0002  0.000000E+0000
