6661999 = Ignore first line (new format code)
File name: E:\Folders\PhD\ISAD\ISAD_Curry_data\ISAD_EEGs\eLORETA\EEGs_128Hz_200sec-window\Clinical_v_Healthy\T1_clinical_all\F52-ROIlinLagConn-crss.txt
1 = Number of time frames in Time X Frequency decomposition
2 = Number of EEG files
11 = Number Electrodes
25600 = Number of time frames in EEG files
32768 = Number of time frames in EEG files power of 2
7 = Number of matrices
5 = Band type (1=Classical1; 2=Classical2; 3=DiscreteFreqs; 4=AllDiscreteFreqs; 5=UserDefinedBands)
 1.280000E+0002 = Sampling rate Hz
-1.000000E+0002 = Freq1 Hz
-1.000000E+0002 = Freq2 Hz
 3.906250E-0003 = Frequency resolution Hz

  0.000000E+0000  4.182504E-0004  6.228464E-0004  2.583893E-0003  9.992836E-0004  9.129231E-0003  7.458015E-0003  9.882934E-0003  2.408888E-0003  4.636608E-0003  1.799887E-0002
  4.182504E-0004  0.000000E+0000  1.629109E-0004  3.156686E-0003  9.721542E-0004  1.167532E-0002  9.940604E-0003  2.482458E-0003  1.036325E-0003  6.722579E-0003  2.535938E-0002
  6.228464E-0004  1.629109E-0004  0.000000E+0000  3.397286E-0004  1.098527E-0003  1.580166E-0003  1.663655E-0003  6.199546E-0003  4.241491E-0003  9.513373E-0004  1.600285E-0002
  2.583893E-0003  3.156686E-0003  3.397286E-0004  0.000000E+0000  1.517773E-0003  2.852522E-0002  5.232615E-0002  6.097584E-0002  1.122861E-0002  5.472048E-0002  1.291460E-0001
  9.992836E-0004  9.721542E-0004  1.098527E-0003  1.517773E-0003  0.000000E+0000  6.379888E-0003  6.461091E-0003  7.406965E-0003  1.467955E-0002  1.436696E-0003  2.142886E-0002
  9.129231E-0003  1.167532E-0002  1.580166E-0003  2.852522E-0002  6.379888E-0003  0.000000E+0000  6.380132E-0002  6.525324E-0002  3.262309E-0002  5.034964E-0002  1.323146E-0001
  7.458015E-0003  9.940604E-0003  1.663655E-0003  5.232615E-0002  6.461091E-0003  6.380132E-0002  0.000000E+0000  4.101755E-0002  1.550507E-0002  7.544228E-0002  1.227461E-0001
  9.882934E-0003  2.482458E-0003  6.199546E-0003  6.097584E-0002  7.406965E-0003  6.525324E-0002  4.101755E-0002  0.000000E+0000  1.491827E-0002  9.814278E-0002  5.630039E-0002
  2.408888E-0003  1.036325E-0003  4.241491E-0003  1.122861E-0002  1.467955E-0002  3.262309E-0002  1.550507E-0002  1.491827E-0002  0.000000E+0000  1.346962E-0002  2.737628E-0002
  4.636608E-0003  6.722579E-0003  9.513373E-0004  5.472048E-0002  1.436696E-0003  5.034964E-0002  7.544228E-0002  9.814278E-0002  1.346962E-0002  0.000000E+0000  1.445058E-0001
  1.799887E-0002  2.535938E-0002  1.600285E-0002  1.291460E-0001  2.142886E-0002  1.323146E-0001  1.227461E-0001  5.630039E-0002  2.737628E-0002  1.445058E-0001  0.000000E+0000

  0.000000E+0000  2.956712E-0004  2.811269E-0004  1.794149E-0004  8.247092E-0004  1.122305E-0003  5.056908E-0004  5.440597E-0004  1.464647E-0003  2.013668E-0004  5.273114E-0003
  2.956712E-0004  0.000000E+0000  2.846781E-0004  8.498100E-0004  4.602340E-0004  1.685701E-0003  3.838278E-0004  1.224399E-0003  4.730165E-0004  9.356666E-0004  2.776881E-0003
  2.811269E-0004  2.846781E-0004  0.000000E+0000  2.179122E-0003  2.348514E-0004  2.996235E-0003  4.911675E-0004  2.763138E-0004  1.381125E-0004  3.247771E-0003  1.157147E-0003
  1.794149E-0004  8.498100E-0004  2.179122E-0003  0.000000E+0000  2.569975E-0003  2.072061E-0003  3.970707E-0003  3.998107E-0003  3.539254E-0003  3.191935E-0003  8.906458E-0003
  8.247092E-0004  4.602340E-0004  2.348514E-0004  2.569975E-0003  0.000000E+0000  3.303334E-0003  8.661886E-0004  1.639698E-0003  1.204786E-0003  2.292593E-0003  4.305804E-0003
  1.122305E-0003  1.685701E-0003  2.996235E-0003  2.072061E-0003  3.303334E-0003  0.000000E+0000  2.329431E-0003  2.614725E-0003  4.627577E-0003  3.718205E-0003  1.095081E-0002
  5.056908E-0004  3.838278E-0004  4.911675E-0004  3.970707E-0003  8.661886E-0004  2.329431E-0003  0.000000E+0000  1.141828E-0003  8.081741E-0004  3.376819E-0003  5.562960E-0003
  5.440597E-0004  1.224399E-0003  2.763138E-0004  3.998107E-0003  1.639698E-0003  2.614725E-0003  1.141828E-0003  0.000000E+0000  1.238767E-0003  2.776529E-0003  2.511223E-0003
  1.464647E-0003  4.730165E-0004  1.381125E-0004  3.539254E-0003  1.204786E-0003  4.627577E-0003  8.081741E-0004  1.238767E-0003  0.000000E+0000  4.075374E-0003  1.112348E-0002
  2.013668E-0004  9.356666E-0004  3.247771E-0003  3.191935E-0003  2.292593E-0003  3.718205E-0003  3.376819E-0003  2.776529E-0003  4.075374E-0003  0.000000E+0000  8.091412E-0003
  5.273114E-0003  2.776881E-0003  1.157147E-0003  8.906458E-0003  4.305804E-0003  1.095081E-0002  5.562960E-0003  2.511223E-0003  1.112348E-0002  8.091412E-0003  0.000000E+0000

  0.000000E+0000  4.667859E-0004  2.210967E-0004  6.750366E-0004  5.446536E-0003  8.050653E-0004  2.633659E-0004  8.637648E-0004  3.869088E-0003  1.219627E-0003  3.790447E-0003
  4.667859E-0004  0.000000E+0000  7.934798E-0005  4.496960E-0004  4.039026E-0004  2.314671E-0004  2.472315E-0004  1.372390E-0004  4.743291E-0004  6.710755E-0004  3.884660E-0004
  2.210967E-0004  7.934798E-0005  0.000000E+0000  3.436220E-0004  2.966045E-0003  7.101948E-0004  3.360558E-0004  7.358228E-0004  1.279608E-0003  6.212624E-0004  3.498522E-0003
  6.750366E-0004  4.496960E-0004  3.436220E-0004  0.000000E+0000  9.273292E-0003  3.346818E-0003  1.864867E-0004  1.023169E-0003  6.091184E-0003  3.375163E-0003  3.881909E-0003
  5.446536E-0003  4.039026E-0004  2.966045E-0003  9.273292E-0003  0.000000E+0000  3.741008E-0003  7.344587E-0003  7.155833E-0004  6.514997E-0003  1.067407E-0002  9.385336E-0003
  8.050653E-0004  2.314671E-0004  7.101948E-0004  3.346818E-0003  3.741008E-0003  0.000000E+0000  1.543059E-0003  9.889130E-0004  2.532135E-0003  4.353891E-0003  4.225351E-0003
  2.633659E-0004  2.472315E-0004  3.360558E-0004  1.864867E-0004  7.344587E-0003  1.543059E-0003  0.000000E+0000  1.081269E-0003  4.891996E-0003  9.934434E-0004  6.347303E-0003
  8.637648E-0004  1.372390E-0004  7.358228E-0004  1.023169E-0003  7.155833E-0004  9.889130E-0004  1.081269E-0003  0.000000E+0000  7.990784E-0004  1.223683E-0003  2.780441E-0003
  3.869088E-0003  4.743291E-0004  1.279608E-0003  6.091184E-0003  6.514997E-0003  2.532135E-0003  4.891996E-0003  7.990784E-0004  0.000000E+0000  7.209928E-0003  1.043857E-0002
  1.219627E-0003  6.710755E-0004  6.212624E-0004  3.375163E-0003  1.067407E-0002  4.353891E-0003  9.934434E-0004  1.223683E-0003  7.209928E-0003  0.000000E+0000  4.712509E-0003
  3.790447E-0003  3.884660E-0004  3.498522E-0003  3.881909E-0003  9.385336E-0003  4.225351E-0003  6.347303E-0003  2.780441E-0003  1.043857E-0002  4.712509E-0003  0.000000E+0000

  0.000000E+0000  2.856296E-0004  1.039922E-0004  2.069482E-0004  2.811093E-0003  1.220988E-0003  2.438074E-0004  4.083245E-0004  4.670408E-0004  2.575178E-0004  5.651305E-0004
  2.856296E-0004  0.000000E+0000  7.311377E-0005  1.447686E-0003  5.876314E-0004  9.919162E-0004  5.471113E-0004  3.365848E-0004  1.826138E-0004  1.565544E-0003  1.049434E-0003
  1.039922E-0004  7.311377E-0005  0.000000E+0000  1.101491E-0003  1.816501E-0003  4.893204E-0004  1.094930E-0003  1.373925E-0004  5.354470E-0004  5.587836E-0004  8.691590E-0004
  2.069482E-0004  1.447686E-0003  1.101491E-0003  0.000000E+0000  7.834341E-0003  2.236964E-0003  1.195508E-0003  1.348230E-0003  9.968809E-0004  1.050705E-0003  2.522603E-0003
  2.811093E-0003  5.876314E-0004  1.816501E-0003  7.834341E-0003  0.000000E+0000  3.814189E-0003  7.063626E-0003  2.363344E-0003  2.701751E-0003  7.507144E-0003  8.223476E-0003
  1.220988E-0003  9.919162E-0004  4.893204E-0004  2.236964E-0003  3.814189E-0003  0.000000E+0000  1.307646E-0003  1.391049E-0003  9.441481E-0004  4.227826E-0003  3.967971E-0003
  2.438074E-0004  5.471113E-0004  1.094930E-0003  1.195508E-0003  7.063626E-0003  1.307646E-0003  0.000000E+0000  6.051344E-0004  1.468411E-0003  1.180836E-0003  4.165485E-0003
  4.083245E-0004  3.365848E-0004  1.373925E-0004  1.348230E-0003  2.363344E-0003  1.391049E-0003  6.051344E-0004  0.000000E+0000  5.977611E-0004  1.284926E-0003  2.315196E-0003
  4.670408E-0004  1.826138E-0004  5.354470E-0004  9.968809E-0004  2.701751E-0003  9.441481E-0004  1.468411E-0003  5.977611E-0004  0.000000E+0000  1.037194E-0003  1.964004E-0003
  2.575178E-0004  1.565544E-0003  5.587836E-0004  1.050705E-0003  7.507144E-0003  4.227826E-0003  1.180836E-0003  1.284926E-0003  1.037194E-0003  0.000000E+0000  4.206300E-0003
  5.651305E-0004  1.049434E-0003  8.691590E-0004  2.522603E-0003  8.223476E-0003  3.967971E-0003  4.165485E-0003  2.315196E-0003  1.964004E-0003  4.206300E-0003  0.000000E+0000

  0.000000E+0000  2.237460E-0003  1.122776E-0003  1.330859E-0002  3.197887E-0003  1.329171E-0002  9.948776E-0003  1.466276E-0003  2.986403E-0003  1.717125E-0002  1.222071E-0002
  2.237460E-0003  0.000000E+0000  1.702351E-0003  1.592648E-0002  2.306492E-0003  1.371493E-0002  1.049729E-0002  3.145710E-0003  4.200703E-0003  1.564139E-0002  1.281405E-0002
  1.122776E-0003  1.702351E-0003  0.000000E+0000  1.104376E-0002  1.334048E-0003  1.106627E-0002  5.503066E-0003  6.534990E-0004  2.811226E-0003  1.338014E-0002  1.090844E-0002
  1.330859E-0002  1.592648E-0002  1.104376E-0002  0.000000E+0000  5.033423E-0003  4.170549E-0002  1.141540E-0002  1.482164E-0002  3.111010E-0002  7.283722E-0002  5.291048E-0002
  3.197887E-0003  2.306492E-0003  1.334048E-0003  5.033423E-0003  0.000000E+0000  1.194038E-0002  9.273441E-0003  1.581320E-0003  3.910496E-0003  4.050647E-0003  1.676328E-0002
  1.329171E-0002  1.371493E-0002  1.106627E-0002  4.170549E-0002  1.194038E-0002  0.000000E+0000  1.550533E-0002  3.598302E-0002  3.231704E-0002  4.414606E-0002  4.922871E-0002
  9.948776E-0003  1.049729E-0002  5.503066E-0003  1.141540E-0002  9.273441E-0003  1.550533E-0002  0.000000E+0000  1.503071E-0002  1.767950E-0002  1.904141E-0002  3.677743E-0002
  1.466276E-0003  3.145710E-0003  6.534990E-0004  1.482164E-0002  1.581320E-0003  3.598302E-0002  1.503071E-0002  0.000000E+0000  1.161700E-0003  1.605855E-0002  2.915207E-0002
  2.986403E-0003  4.200703E-0003  2.811226E-0003  3.111010E-0002  3.910496E-0003  3.231704E-0002  1.767950E-0002  1.161700E-0003  0.000000E+0000  3.657818E-0002  2.444510E-0002
  1.717125E-0002  1.564139E-0002  1.338014E-0002  7.283722E-0002  4.050647E-0003  4.414606E-0002  1.904141E-0002  1.605855E-0002  3.657818E-0002  0.000000E+0000  6.037950E-0002
  1.222071E-0002  1.281405E-0002  1.090844E-0002  5.291048E-0002  1.676328E-0002  4.922871E-0002  3.677743E-0002  2.915207E-0002  2.444510E-0002  6.037950E-0002  0.000000E+0000

  0.000000E+0000  5.207807E-0004  2.017944E-0005  1.842708E-0003  1.848154E-0003  1.674118E-0002  1.051278E-0003  4.813851E-0003  1.434493E-0004  7.571550E-0003  2.339546E-0003
  5.207807E-0004  0.000000E+0000  2.075452E-0004  4.558120E-0004  8.137909E-0004  1.797153E-0003  1.227412E-0003  1.044030E-0003  1.653927E-0003  6.898566E-0004  2.912916E-0003
  2.017944E-0005  2.075452E-0004  0.000000E+0000  1.040756E-0003  1.844961E-0004  4.399733E-0003  2.470358E-0004  1.471559E-0003  2.616415E-0004  2.147381E-0003  1.726299E-0003
  1.842708E-0003  4.558120E-0004  1.040756E-0003  0.000000E+0000  5.586433E-0003  2.821623E-0002  7.213909E-0003  1.226253E-0002  4.048880E-0003  8.602293E-0003  8.538130E-0003
  1.848154E-0003  8.137909E-0004  1.844961E-0004  5.586433E-0003  0.000000E+0000  4.712382E-0003  3.801765E-0003  2.543826E-0003  6.024590E-0004  5.045386E-0003  4.668650E-0003
  1.674118E-0002  1.797153E-0003  4.399733E-0003  2.821623E-0002  4.712382E-0003  0.000000E+0000  3.023084E-0002  1.306835E-0002  1.242847E-0002  3.797730E-0002  3.766506E-0002
  1.051278E-0003  1.227412E-0003  2.470358E-0004  7.213909E-0003  3.801765E-0003  3.023084E-0002  0.000000E+0000  1.252799E-0002  1.016112E-0003  1.686110E-0002  8.448113E-0003
  4.813851E-0003  1.044030E-0003  1.471559E-0003  1.226253E-0002  2.543826E-0003  1.306835E-0002  1.252799E-0002  0.000000E+0000  6.432827E-0003  1.481788E-0002  1.513740E-0002
  1.434493E-0004  1.653927E-0003  2.616415E-0004  4.048880E-0003  6.024590E-0004  1.242847E-0002  1.016112E-0003  6.432827E-0003  0.000000E+0000  7.804260E-0003  4.970542E-0003
  7.571550E-0003  6.898566E-0004  2.147381E-0003  8.602293E-0003  5.045386E-0003  3.797730E-0002  1.686110E-0002  1.481788E-0002  7.804260E-0003  0.000000E+0000  1.552756E-0002
  2.339546E-0003  2.912916E-0003  1.726299E-0003  8.538130E-0003  4.668650E-0003  3.766506E-0002  8.448113E-0003  1.513740E-0002  4.970542E-0003  1.552756E-0002  0.000000E+0000

  0.000000E+0000  2.272789E-0004  6.336269E-0005  6.094941E-0004  1.795630E-0003  2.932447E-0003  7.696939E-0004  8.532049E-0004  1.482464E-0004  1.488803E-0003  7.085478E-0004
  2.272789E-0004  0.000000E+0000  1.953059E-0004  1.577682E-0003  2.062707E-0004  9.728475E-0004  1.219791E-0003  1.016593E-0004  1.977738E-0004  2.059769E-0003  1.420784E-0003
  6.336269E-0005  1.953059E-0004  0.000000E+0000  2.763809E-0004  2.048467E-0003  1.725016E-0004  1.295090E-0003  2.217695E-0004  6.535866E-0004  3.139561E-0004  2.248346E-0003
  6.094941E-0004  1.577682E-0003  2.763809E-0004  0.000000E+0000  4.509553E-0003  5.307366E-0004  2.015465E-0003  1.468988E-0003  1.005988E-0003  3.056209E-0003  9.895191E-0003
  1.795630E-0003  2.062707E-0004  2.048467E-0003  4.509553E-0003  0.000000E+0000  3.135543E-0003  8.045095E-0003  4.406060E-0004  2.652713E-0003  4.150991E-0003  6.377624E-0003
  2.932447E-0003  9.728475E-0004  1.725016E-0004  5.307366E-0004  3.135543E-0003  0.000000E+0000  8.905870E-0004  4.323643E-0003  1.731005E-0003  8.175017E-0004  8.660082E-0003
  7.696939E-0004  1.219791E-0003  1.295090E-0003  2.015465E-0003  8.045095E-0003  8.905870E-0004  0.000000E+0000  6.102507E-0004  2.403878E-0003  2.438643E-0003  1.620655E-0002
  8.532049E-0004  1.016593E-0004  2.217695E-0004  1.468988E-0003  4.406060E-0004  4.323643E-0003  6.102507E-0004  0.000000E+0000  3.157876E-0004  1.541012E-0003  5.056604E-0003
  1.482464E-0004  1.977738E-0004  6.535866E-0004  1.005988E-0003  2.652713E-0003  1.731005E-0003  2.403878E-0003  3.157876E-0004  0.000000E+0000  8.925561E-0004  2.441955E-0003
  1.488803E-0003  2.059769E-0003  3.139561E-0004  3.056209E-0003  4.150991E-0003  8.175017E-0004  2.438643E-0003  1.541012E-0003  8.925561E-0004  0.000000E+0000  1.271827E-0002
  7.085478E-0004  1.420784E-0003  2.248346E-0003  9.895191E-0003  6.377624E-0003  8.660082E-0003  1.620655E-0002  5.056604E-0003  2.441955E-0003  1.271827E-0002  0.000000E+0000
