6661999 = Ignore first line (new format code)
File name: E:\Folders\PhD\ISAD\ISAD_Curry_data\ISAD_EEGs\eLORETA\EEGs_128Hz_200sec-window\Clinical_v_Healthy\T1_clinical_all\F55-ROIlinLagConn-crss.txt
1 = Number of time frames in Time X Frequency decomposition
3 = Number of EEG files
11 = Number Electrodes
25600 = Number of time frames in EEG files
32768 = Number of time frames in EEG files power of 2
7 = Number of matrices
5 = Band type (1=Classical1; 2=Classical2; 3=DiscreteFreqs; 4=AllDiscreteFreqs; 5=UserDefinedBands)
 1.280000E+0002 = Sampling rate Hz
-1.000000E+0002 = Freq1 Hz
-1.000000E+0002 = Freq2 Hz
 3.906250E-0003 = Frequency resolution Hz

  0.000000E+0000  1.623830E-0002  2.391287E-0002  3.521478E-0002  3.244295E-0002  1.670491E-0002  4.528328E-0002  2.495014E-0002  4.445131E-0002  4.999475E-0002  3.639642E-0002
  1.623830E-0002  0.000000E+0000  1.095957E-0002  3.488174E-0002  5.658531E-0003  7.780357E-0002  1.747722E-0001  4.417168E-0002  7.689472E-0002  1.492045E-0002  8.024217E-0002
  2.391287E-0002  1.095957E-0002  0.000000E+0000  5.731924E-0003  3.827413E-0003  1.058738E-0002  4.052822E-0002  2.058808E-0002  3.688053E-0002  3.148901E-0002  2.104760E-0002
  3.521478E-0002  3.488174E-0002  5.731924E-0003  0.000000E+0000  2.937318E-0002  8.112017E-0002  1.662870E-0002  7.368175E-0002  3.801484E-0002  9.284560E-0002  1.970242E-0002
  3.244295E-0002  5.658531E-0003  3.827413E-0003  2.937318E-0002  0.000000E+0000  2.168332E-0002  6.989878E-0002  3.532538E-0002  5.736517E-0002  5.666434E-0002  7.723260E-0002
  1.670491E-0002  7.780357E-0002  1.058738E-0002  8.112017E-0002  2.168332E-0002  0.000000E+0000  2.066219E-0002  1.661533E-0001  3.951199E-0002  1.118319E-0001  5.594952E-0002
  4.528328E-0002  1.747722E-0001  4.052822E-0002  1.662870E-0002  6.989878E-0002  2.066219E-0002  0.000000E+0000  2.764925E-0001  7.741486E-0002  2.966188E-0002  3.266067E-0002
  2.495014E-0002  4.417168E-0002  2.058808E-0002  7.368175E-0002  3.532538E-0002  1.661533E-0001  2.764925E-0001  0.000000E+0000  1.421517E-0001  3.525225E-0002  1.487731E-0001
  4.445131E-0002  7.689472E-0002  3.688053E-0002  3.801484E-0002  5.736517E-0002  3.951199E-0002  7.741486E-0002  1.421517E-0001  0.000000E+0000  5.224779E-0002  7.260532E-0002
  4.999475E-0002  1.492045E-0002  3.148901E-0002  9.284560E-0002  5.666434E-0002  1.118319E-0001  2.966188E-0002  3.525225E-0002  5.224779E-0002  0.000000E+0000  4.658493E-0002
  3.639642E-0002  8.024217E-0002  2.104760E-0002  1.970242E-0002  7.723260E-0002  5.594952E-0002  3.266067E-0002  1.487731E-0001  7.260532E-0002  4.658493E-0002  0.000000E+0000

  0.000000E+0000  7.089383E-0003  1.110513E-0003  2.304307E-0004  7.792854E-0003  1.208512E-0002  5.083255E-0003  7.836238E-0003  1.065816E-0002  1.094983E-0003  5.518358E-0003
  7.089383E-0003  0.000000E+0000  2.033771E-0003  4.923191E-0004  1.234263E-0002  1.637272E-0003  1.562638E-0003  2.276312E-0003  9.227468E-0003  8.992694E-0004  1.856342E-0003
  1.110513E-0003  2.033771E-0003  0.000000E+0000  2.965970E-0004  3.483112E-0003  4.145245E-0003  2.535418E-0003  2.142504E-0003  3.378113E-0003  6.234670E-0004  2.854116E-0003
  2.304307E-0004  4.923191E-0004  2.965970E-0004  0.000000E+0000  1.312429E-0003  1.637793E-0003  4.954833E-0004  1.289968E-0003  1.781221E-0003  1.933897E-0003  4.695276E-0003
  7.792854E-0003  1.234263E-0002  3.483112E-0003  1.312429E-0003  0.000000E+0000  2.107809E-0002  1.172653E-0002  1.417304E-0002  1.712323E-0002  3.640044E-0003  1.168797E-0002
  1.208512E-0002  1.637272E-0003  4.145245E-0003  1.637793E-0003  2.107809E-0002  0.000000E+0000  4.573775E-0003  5.213831E-0003  1.139624E-0002  1.369093E-0002  5.147642E-0003
  5.083255E-0003  1.562638E-0003  2.535418E-0003  4.954833E-0004  1.172653E-0002  4.573775E-0003  0.000000E+0000  1.506165E-0003  1.030955E-0002  5.644775E-0003  3.378027E-0003
  7.836238E-0003  2.276312E-0003  2.142504E-0003  1.289968E-0003  1.417304E-0002  5.213831E-0003  1.506165E-0003  0.000000E+0000  1.013698E-0002  9.231500E-0004  3.843961E-0003
  1.065816E-0002  9.227468E-0003  3.378113E-0003  1.781221E-0003  1.712323E-0002  1.139624E-0002  1.030955E-0002  1.013698E-0002  0.000000E+0000  4.657361E-0003  1.090730E-0002
  1.094983E-0003  8.992694E-0004  6.234670E-0004  1.933897E-0003  3.640044E-0003  1.369093E-0002  5.644775E-0003  9.231500E-0004  4.657361E-0003  0.000000E+0000  1.180695E-0002
  5.518358E-0003  1.856342E-0003  2.854116E-0003  4.695276E-0003  1.168797E-0002  5.147642E-0003  3.378027E-0003  3.843961E-0003  1.090730E-0002  1.180695E-0002  0.000000E+0000

  0.000000E+0000  2.087489E-0004  7.721989E-0004  2.136275E-0003  1.279166E-0003  4.740997E-0003  1.876171E-0003  2.292145E-0003  3.913499E-0003  6.012638E-0003  4.433981E-0003
  2.087489E-0004  0.000000E+0000  3.172597E-0004  3.582717E-0004  4.146713E-0004  1.524492E-0003  1.049537E-0003  9.516831E-0005  7.274615E-0004  1.154278E-0003  1.973770E-0003
  7.721989E-0004  3.172597E-0004  0.000000E+0000  1.088907E-0004  2.693130E-0004  4.695483E-0003  4.154875E-0004  1.959706E-0003  8.011066E-0004  2.714603E-0003  1.987505E-0003
  2.136275E-0003  3.582717E-0004  1.088907E-0004  0.000000E+0000  6.074277E-0004  8.869234E-0003  3.897537E-0004  2.254938E-0003  7.477428E-0004  1.081667E-0002  3.010003E-0003
  1.279166E-0003  4.146713E-0004  2.693130E-0004  6.074277E-0004  0.000000E+0000  6.713094E-0003  7.938328E-0004  2.616869E-0003  6.681928E-0003  4.449696E-0003  2.548953E-0003
  4.740997E-0003  1.524492E-0003  4.695483E-0003  8.869234E-0003  6.713094E-0003  0.000000E+0000  5.133969E-0003  6.112522E-0003  6.856485E-0003  5.239548E-0003  9.717977E-0003
  1.876171E-0003  1.049537E-0003  4.154875E-0004  3.897537E-0004  7.938328E-0004  5.133969E-0003  0.000000E+0000  2.264128E-0003  1.440781E-0003  3.132828E-0003  2.807818E-0003
  2.292145E-0003  9.516831E-0005  1.959706E-0003  2.254938E-0003  2.616869E-0003  6.112522E-0003  2.264128E-0003  0.000000E+0000  4.140368E-0003  6.120807E-0003  5.358430E-0003
  3.913499E-0003  7.274615E-0004  8.011066E-0004  7.477428E-0004  6.681928E-0003  6.856485E-0003  1.440781E-0003  4.140368E-0003  0.000000E+0000  4.010888E-0003  4.719798E-0003
  6.012638E-0003  1.154278E-0003  2.714603E-0003  1.081667E-0002  4.449696E-0003  5.239548E-0003  3.132828E-0003  6.120807E-0003  4.010888E-0003  0.000000E+0000  5.800945E-0003
  4.433981E-0003  1.973770E-0003  1.987505E-0003  3.010003E-0003  2.548953E-0003  9.717977E-0003  2.807818E-0003  5.358430E-0003  4.719798E-0003  5.800945E-0003  0.000000E+0000

  0.000000E+0000  2.938734E-0003  2.000084E-0003  1.780436E-0003  3.942675E-0003  1.864078E-0003  6.517966E-0003  4.111280E-0003  7.828964E-0003  2.880395E-0004  5.400997E-0003
  2.938734E-0003  0.000000E+0000  9.078012E-0004  1.758871E-0003  4.112017E-0003  2.334018E-0004  8.865960E-0004  1.510647E-0003  2.312503E-0003  1.541727E-0003  1.479630E-0003
  2.000084E-0003  9.078012E-0004  0.000000E+0000  2.028881E-0003  3.048636E-0003  1.330236E-0003  1.129235E-0003  1.932172E-0003  3.735857E-0003  1.650941E-0003  2.450058E-0003
  1.780436E-0003  1.758871E-0003  2.028881E-0003  0.000000E+0000  4.891327E-0003  3.353258E-0003  4.190175E-0003  2.261082E-0003  8.153566E-0003  2.989216E-0003  4.308743E-0003
  3.942675E-0003  4.112017E-0003  3.048636E-0003  4.891327E-0003  0.000000E+0000  4.091152E-0003  8.566780E-0003  6.102975E-0003  1.176635E-0002  5.157114E-0003  6.085757E-0003
  1.864078E-0003  2.334018E-0004  1.330236E-0003  3.353258E-0003  4.091152E-0003  0.000000E+0000  1.066530E-0003  9.112330E-0004  4.935079E-0003  6.240143E-0003  2.242952E-0003
  6.517966E-0003  8.865960E-0004  1.129235E-0003  4.190175E-0003  8.566780E-0003  1.066530E-0003  0.000000E+0000  3.781660E-0003  7.181077E-0003  4.005677E-0003  3.873006E-0003
  4.111280E-0003  1.510647E-0003  1.932172E-0003  2.261082E-0003  6.102975E-0003  9.112330E-0004  3.781660E-0003  0.000000E+0000  8.782757E-0003  1.497315E-0003  4.362431E-0003
  7.828964E-0003  2.312503E-0003  3.735857E-0003  8.153566E-0003  1.176635E-0002  4.935079E-0003  7.181077E-0003  8.782757E-0003  0.000000E+0000  7.437545E-0003  5.187599E-0003
  2.880395E-0004  1.541727E-0003  1.650941E-0003  2.989216E-0003  5.157114E-0003  6.240143E-0003  4.005677E-0003  1.497315E-0003  7.437545E-0003  0.000000E+0000  2.712124E-0003
  5.400997E-0003  1.479630E-0003  2.450058E-0003  4.308743E-0003  6.085757E-0003  2.242952E-0003  3.873006E-0003  4.362431E-0003  5.187599E-0003  2.712124E-0003  0.000000E+0000

  0.000000E+0000  2.719856E-0003  1.685401E-0003  2.931811E-0003  2.554830E-0003  3.653878E-0002  2.814342E-0002  7.069639E-0003  8.498670E-0003  9.095867E-0003  2.756403E-0002
  2.719856E-0003  0.000000E+0000  1.777692E-0003  9.414328E-0003  2.660939E-0003  6.982092E-0002  4.127473E-0002  1.342707E-0002  2.578253E-0002  4.627708E-0002  8.414961E-0002
  1.685401E-0003  1.777692E-0003  0.000000E+0000  3.789171E-0003  1.525977E-0003  6.962376E-0003  1.101489E-0003  4.580304E-0003  3.554319E-0003  6.170820E-0003  3.616973E-0003
  2.931811E-0003  9.414328E-0003  3.789171E-0003  0.000000E+0000  8.348675E-0003  9.250920E-0002  6.666338E-0002  4.901892E-0002  1.600277E-0002  4.791417E-0002  1.078930E-0001
  2.554830E-0003  2.660939E-0003  1.525977E-0003  8.348675E-0003  0.000000E+0000  6.164279E-0002  3.713960E-0002  8.144017E-0003  1.235839E-0002  3.561603E-0002  8.796565E-0002
  3.653878E-0002  6.982092E-0002  6.962376E-0003  9.250920E-0002  6.164279E-0002  0.000000E+0000  7.351428E-0002  2.093396E-0001  9.148990E-0002  1.616824E-0001  1.458673E-0001
  2.814342E-0002  4.127473E-0002  1.101489E-0003  6.666338E-0002  3.713960E-0002  7.351428E-0002  0.000000E+0000  8.603290E-0002  6.918065E-0002  9.495685E-0002  9.710898E-0002
  7.069639E-0003  1.342707E-0002  4.580304E-0003  4.901892E-0002  8.144017E-0003  2.093396E-0001  8.603290E-0002  0.000000E+0000  5.604347E-0002  1.720675E-0001  1.736201E-0001
  8.498670E-0003  2.578253E-0002  3.554319E-0003  1.600277E-0002  1.235839E-0002  9.148990E-0002  6.918065E-0002  5.604347E-0002  0.000000E+0000  8.941571E-0002  1.673952E-0001
  9.095867E-0003  4.627708E-0002  6.170820E-0003  4.791417E-0002  3.561603E-0002  1.616824E-0001  9.495685E-0002  1.720675E-0001  8.941571E-0002  0.000000E+0000  1.598491E-0001
  2.756403E-0002  8.414961E-0002  3.616973E-0003  1.078930E-0001  8.796565E-0002  1.458673E-0001  9.710898E-0002  1.736201E-0001  1.673952E-0001  1.598491E-0001  0.000000E+0000

  0.000000E+0000  1.740466E-0003  1.475525E-0003  7.068445E-0003  2.754780E-0003  5.479831E-0003  2.299371E-0003  3.709193E-0003  3.463453E-0003  7.483039E-0003  5.326736E-0003
  1.740466E-0003  0.000000E+0000  6.464826E-0004  6.203239E-0004  1.108853E-0003  5.296230E-0003  8.714483E-0004  1.448229E-0003  9.010983E-0004  4.735162E-0003  3.147168E-0003
  1.475525E-0003  6.464826E-0004  0.000000E+0000  5.205223E-0004  2.343542E-0003  2.862251E-0003  2.932624E-0004  1.472480E-0003  2.048848E-0003  1.788717E-0003  1.070968E-0003
  7.068445E-0003  6.203239E-0004  5.205223E-0004  0.000000E+0000  5.831922E-0004  2.122905E-0002  5.390599E-0003  7.072769E-0003  4.498954E-0003  2.031261E-0002  1.341775E-0002
  2.754780E-0003  1.108853E-0003  2.343542E-0003  5.831922E-0004  0.000000E+0000  8.424767E-0003  2.289782E-0003  3.046612E-0003  5.065409E-0003  4.807438E-0003  4.471869E-0003
  5.479831E-0003  5.296230E-0003  2.862251E-0003  2.122905E-0002  8.424767E-0003  0.000000E+0000  1.318925E-0003  1.663547E-0002  8.859973E-0003  1.218427E-0002  3.688226E-0003
  2.299371E-0003  8.714483E-0004  2.932624E-0004  5.390599E-0003  2.289782E-0003  1.318925E-0003  0.000000E+0000  2.596455E-0003  5.923499E-0004  3.188045E-0003  4.747200E-0003
  3.709193E-0003  1.448229E-0003  1.472480E-0003  7.072769E-0003  3.046612E-0003  1.663547E-0002  2.596455E-0003  0.000000E+0000  1.577381E-0003  1.597840E-0002  6.274572E-0003
  3.463453E-0003  9.010983E-0004  2.048848E-0003  4.498954E-0003  5.065409E-0003  8.859973E-0003  5.923499E-0004  1.577381E-0003  0.000000E+0000  3.425317E-0003  3.188713E-0003
  7.483039E-0003  4.735162E-0003  1.788717E-0003  2.031261E-0002  4.807438E-0003  1.218427E-0002  3.188045E-0003  1.597840E-0002  3.425317E-0003  0.000000E+0000  6.858862E-0003
  5.326736E-0003  3.147168E-0003  1.070968E-0003  1.341775E-0002  4.471869E-0003  3.688226E-0003  4.747200E-0003  6.274572E-0003  3.188713E-0003  6.858862E-0003  0.000000E+0000

  0.000000E+0000  8.833670E-0004  4.254864E-0004  1.616375E-0003  1.069326E-0003  1.226327E-0003  1.625673E-0003  1.496867E-0003  1.204376E-0003  2.090969E-0003  4.228953E-0003
  8.833670E-0004  0.000000E+0000  6.446207E-0004  1.882379E-0004  1.964691E-0003  5.736585E-0003  1.120818E-0004  2.027514E-0003  9.225772E-0004  4.481450E-0003  1.031240E-0004
  4.254864E-0004  6.446207E-0004  0.000000E+0000  1.386250E-0003  6.672634E-0004  1.943692E-0003  2.606530E-0004  1.703145E-0003  9.186514E-0004  3.151719E-0003  2.447793E-0003
  1.616375E-0003  1.882379E-0004  1.386250E-0003  0.000000E+0000  2.625809E-0003  1.360972E-0002  1.384243E-0003  2.019239E-0003  4.115854E-0003  8.601150E-0003  3.716088E-0003
  1.069326E-0003  1.964691E-0003  6.672634E-0004  2.625809E-0003  0.000000E+0000  4.632961E-0003  8.113322E-0004  4.126449E-0003  1.152173E-0003  5.718547E-0003  3.917511E-0003
  1.226327E-0003  5.736585E-0003  1.943692E-0003  1.360972E-0002  4.632961E-0003  0.000000E+0000  4.614243E-0003  1.105659E-0002  4.964586E-0003  2.079504E-0002  1.568867E-0002
  1.625673E-0003  1.120818E-0004  2.606530E-0004  1.384243E-0003  8.113322E-0004  4.614243E-0003  0.000000E+0000  9.574114E-0004  1.323974E-0003  2.832602E-0003  1.071712E-0003
  1.496867E-0003  2.027514E-0003  1.703145E-0003  2.019239E-0003  4.126449E-0003  1.105659E-0002  9.574114E-0004  0.000000E+0000  2.554224E-0003  8.387025E-0003  2.057397E-0003
  1.204376E-0003  9.225772E-0004  9.186514E-0004  4.115854E-0003  1.152173E-0003  4.964586E-0003  1.323974E-0003  2.554224E-0003  0.000000E+0000  4.048188E-0003  4.221856E-0003
  2.090969E-0003  4.481450E-0003  3.151719E-0003  8.601150E-0003  5.718547E-0003  2.079504E-0002  2.832602E-0003  8.387025E-0003  4.048188E-0003  0.000000E+0000  1.196614E-0002
  4.228953E-0003  1.031240E-0004  2.447793E-0003  3.716088E-0003  3.917511E-0003  1.568867E-0002  1.071712E-0003  2.057397E-0003  4.221856E-0003  1.196614E-0002  0.000000E+0000
