6661999 = Ignore first line (new format code)
File name: E:\Folders\PhD\ISAD\ISAD_Curry_data\ISAD_EEGs\eLORETA\EEGs_128Hz_200sec-window\Clinical_v_Healthy\T1_clinical_all\F56-ROIlinLagConn-crss.txt
1 = Number of time frames in Time X Frequency decomposition
3 = Number of EEG files
11 = Number Electrodes
25600 = Number of time frames in EEG files
32768 = Number of time frames in EEG files power of 2
7 = Number of matrices
5 = Band type (1=Classical1; 2=Classical2; 3=DiscreteFreqs; 4=AllDiscreteFreqs; 5=UserDefinedBands)
 1.280000E+0002 = Sampling rate Hz
-1.000000E+0002 = Freq1 Hz
-1.000000E+0002 = Freq2 Hz
 3.906250E-0003 = Frequency resolution Hz

  0.000000E+0000  3.539766E-0002  6.781508E-0003  8.230279E-0002  5.289290E-0002  2.150051E-0002  5.531921E-0002  2.832062E-0002  2.108102E-0002  3.533519E-0002  1.213643E-0001
  3.539766E-0002  0.000000E+0000  4.169713E-0003  4.132012E-0002  2.890768E-0002  5.238221E-0002  1.728764E-0002  3.941679E-0002  5.823405E-0002  5.615271E-0002  2.974404E-0002
  6.781508E-0003  4.169713E-0003  0.000000E+0000  1.349714E-0002  1.329005E-0002  3.630726E-0002  4.161830E-0003  1.935413E-0002  1.283998E-0002  2.908986E-0002  1.324821E-0002
  8.230279E-0002  4.132012E-0002  1.349714E-0002  0.000000E+0000  1.176221E-0001  3.053553E-0002  3.255045E-0002  8.757805E-0002  7.368902E-0002  8.538572E-0002  7.046676E-0002
  5.289290E-0002  2.890768E-0002  1.329005E-0002  1.176221E-0001  0.000000E+0000  1.033542E-0001  8.590438E-0002  3.842974E-0002  1.024509E-0001  8.304314E-0002  1.044855E-0001
  2.150051E-0002  5.238221E-0002  3.630726E-0002  3.053553E-0002  1.033542E-0001  0.000000E+0000  5.573570E-0003  5.767431E-0002  8.340003E-0002  5.205800E-0002  4.772719E-0003
  5.531921E-0002  1.728764E-0002  4.161830E-0003  3.255045E-0002  8.590438E-0002  5.573570E-0003  0.000000E+0000  3.778583E-0002  5.111764E-0002  2.048592E-0002  2.446171E-0002
  2.832062E-0002  3.941679E-0002  1.935413E-0002  8.757805E-0002  3.842974E-0002  5.767431E-0002  3.778583E-0002  0.000000E+0000  5.817641E-0002  6.405519E-0002  4.879050E-0002
  2.108102E-0002  5.823405E-0002  1.283998E-0002  7.368902E-0002  1.024509E-0001  8.340003E-0002  5.111764E-0002  5.817641E-0002  0.000000E+0000  5.200763E-0002  1.024990E-0001
  3.533519E-0002  5.615271E-0002  2.908986E-0002  8.538572E-0002  8.304314E-0002  5.205800E-0002  2.048592E-0002  6.405519E-0002  5.200763E-0002  0.000000E+0000  5.732282E-0002
  1.213643E-0001  2.974404E-0002  1.324821E-0002  7.046676E-0002  1.044855E-0001  4.772719E-0003  2.446171E-0002  4.879050E-0002  1.024990E-0001  5.732282E-0002  0.000000E+0000

  0.000000E+0000  5.675827E-0003  5.743052E-0004  2.351724E-0003  6.943112E-0003  5.161364E-0004  2.679961E-0004  8.707936E-0003  4.367734E-0003  5.651233E-0003  1.811319E-0003
  5.675827E-0003  0.000000E+0000  3.703140E-0004  3.631965E-0003  7.308350E-0003  2.689429E-0003  3.738459E-0003  4.575226E-0003  4.915142E-0003  9.332894E-0003  5.974529E-0003
  5.743052E-0004  3.703140E-0004  0.000000E+0000  1.454568E-0004  3.820071E-0004  4.866500E-0004  1.661134E-0004  8.899728E-0004  7.056590E-0004  5.329727E-0004  3.595480E-0004
  2.351724E-0003  3.631965E-0003  1.454568E-0004  0.000000E+0000  8.322541E-0003  7.072810E-0003  1.252068E-0003  5.311095E-0003  5.561663E-0003  6.872016E-0003  5.840925E-0003
  6.943112E-0003  7.308350E-0003  3.820071E-0004  8.322541E-0003  0.000000E+0000  4.897458E-0003  3.415156E-0003  3.975322E-0003  5.707763E-0003  4.120816E-0003  7.965274E-0003
  5.161364E-0004  2.689429E-0003  4.866500E-0004  7.072810E-0003  4.897458E-0003  0.000000E+0000  3.948012E-0003  2.306209E-0003  2.803105E-0003  7.225134E-0003  6.148229E-0003
  2.679961E-0004  3.738459E-0003  1.661134E-0004  1.252068E-0003  3.415156E-0003  3.948012E-0003  0.000000E+0000  1.578662E-0003  1.067121E-0003  5.361942E-0003  3.003675E-0003
  8.707936E-0003  4.575226E-0003  8.899728E-0004  5.311095E-0003  3.975322E-0003  2.306209E-0003  1.578662E-0003  0.000000E+0000  1.539445E-0002  4.391331E-0003  4.782797E-0003
  4.367734E-0003  4.915142E-0003  7.056590E-0004  5.561663E-0003  5.707763E-0003  2.803105E-0003  1.067121E-0003  1.539445E-0002  0.000000E+0000  1.274569E-0002  4.106141E-0003
  5.651233E-0003  9.332894E-0003  5.329727E-0004  6.872016E-0003  4.120816E-0003  7.225134E-0003  5.361942E-0003  4.391331E-0003  1.274569E-0002  0.000000E+0000  9.894564E-0003
  1.811319E-0003  5.974529E-0003  3.595480E-0004  5.840925E-0003  7.965274E-0003  6.148229E-0003  3.003675E-0003  4.782797E-0003  4.106141E-0003  9.894564E-0003  0.000000E+0000

  0.000000E+0000  2.128630E-0003  2.830080E-0004  4.718586E-0003  5.363450E-0003  4.009639E-0003  2.804945E-0003  5.792566E-0003  2.989238E-0003  4.851699E-0003  8.010040E-0003
  2.128630E-0003  0.000000E+0000  7.124469E-0005  5.816558E-0003  7.928775E-0003  6.519196E-0003  2.699716E-0003  5.321702E-0003  4.291921E-0003  1.006581E-0002  7.765929E-0003
  2.830080E-0004  7.124469E-0005  0.000000E+0000  1.592454E-0003  1.400618E-0003  1.997367E-0003  4.721898E-0004  1.612601E-0003  1.061608E-0003  3.757488E-0003  1.489684E-0003
  4.718586E-0003  5.816558E-0003  1.592454E-0003  0.000000E+0000  1.189183E-0002  3.510239E-0003  2.597683E-0003  6.222968E-0003  6.902301E-0003  2.812719E-0003  6.713609E-0003
  5.363450E-0003  7.928775E-0003  1.400618E-0003  1.189183E-0002  0.000000E+0000  8.853687E-0003  3.838389E-0003  1.972341E-0002  6.642734E-0003  1.493343E-0002  1.175579E-0002
  4.009639E-0003  6.519196E-0003  1.997367E-0003  3.510239E-0003  8.853687E-0003  0.000000E+0000  7.751816E-0004  1.208998E-0002  3.649325E-0003  5.032187E-0003  3.475335E-0003
  2.804945E-0003  2.699716E-0003  4.721898E-0004  2.597683E-0003  3.838389E-0003  7.751816E-0004  0.000000E+0000  6.793090E-0003  2.499863E-0003  1.590165E-0003  3.949942E-0004
  5.792566E-0003  5.321702E-0003  1.612601E-0003  6.222968E-0003  1.972341E-0002  1.208998E-0002  6.793090E-0003  0.000000E+0000  9.954344E-0003  1.706649E-0002  2.152341E-0002
  2.989238E-0003  4.291921E-0003  1.061608E-0003  6.902301E-0003  6.642734E-0003  3.649325E-0003  2.499863E-0003  9.954344E-0003  0.000000E+0000  3.293837E-0003  7.599995E-0003
  4.851699E-0003  1.006581E-0002  3.757488E-0003  2.812719E-0003  1.493343E-0002  5.032187E-0003  1.590165E-0003  1.706649E-0002  3.293837E-0003  0.000000E+0000  5.689856E-0003
  8.010040E-0003  7.765929E-0003  1.489684E-0003  6.713609E-0003  1.175579E-0002  3.475335E-0003  3.949942E-0004  2.152341E-0002  7.599995E-0003  5.689856E-0003  0.000000E+0000

  0.000000E+0000  5.679604E-0003  4.937902E-0004  3.822287E-0003  5.342376E-0003  1.985456E-0003  8.707537E-0004  6.313750E-0003  4.144317E-0003  4.455746E-0003  1.547516E-0003
  5.679604E-0003  0.000000E+0000  1.064977E-0003  7.241332E-0003  2.192089E-0003  4.396912E-0003  2.656882E-0003  1.127946E-0002  9.721192E-0003  8.469398E-0003  3.509847E-0003
  4.937902E-0004  1.064977E-0003  0.000000E+0000  8.116263E-0005  5.528742E-0004  5.353686E-0004  1.047555E-0004  2.843354E-0004  5.700898E-0004  1.525955E-0004  2.142335E-0004
  3.822287E-0003  7.241332E-0003  8.116263E-0005  0.000000E+0000  5.619713E-0003  1.859767E-0003  1.502522E-0003  8.691628E-0003  7.090515E-0003  3.015063E-0003  7.132323E-0004
  5.342376E-0003  2.192089E-0003  5.528742E-0004  5.619713E-0003  0.000000E+0000  4.361972E-0003  3.227244E-0003  1.058652E-0002  1.008839E-0002  5.723859E-0003  5.040185E-0003
  1.985456E-0003  4.396912E-0003  5.353686E-0004  1.859767E-0003  4.361972E-0003  0.000000E+0000  1.232771E-0003  5.118151E-0003  3.640295E-0003  5.866744E-0003  1.496722E-0003
  8.707537E-0004  2.656882E-0003  1.047555E-0004  1.502522E-0003  3.227244E-0003  1.232771E-0003  0.000000E+0000  3.474196E-0003  1.073723E-0003  2.043852E-0003  6.152717E-0004
  6.313750E-0003  1.127946E-0002  2.843354E-0004  8.691628E-0003  1.058652E-0002  5.118151E-0003  3.474196E-0003  0.000000E+0000  1.260111E-0002  1.303976E-0002  4.915569E-0003
  4.144317E-0003  9.721192E-0003  5.700898E-0004  7.090515E-0003  1.008839E-0002  3.640295E-0003  1.073723E-0003  1.260111E-0002  0.000000E+0000  4.901366E-0003  2.032673E-0003
  4.455746E-0003  8.469398E-0003  1.525955E-0004  3.015063E-0003  5.723859E-0003  5.866744E-0003  2.043852E-0003  1.303976E-0002  4.901366E-0003  0.000000E+0000  3.313360E-0003
  1.547516E-0003  3.509847E-0003  2.142335E-0004  7.132323E-0004  5.040185E-0003  1.496722E-0003  6.152717E-0004  4.915569E-0003  2.032673E-0003  3.313360E-0003  0.000000E+0000

  0.000000E+0000  5.098386E-0002  1.664841E-0003  1.337375E-0001  1.460645E-0001  1.385551E-0001  1.471671E-0002  8.026479E-0002  6.150766E-0002  1.080521E-0001  6.963238E-0002
  5.098386E-0002  0.000000E+0000  6.387480E-0003  1.395292E-0001  9.867547E-0002  1.842589E-0001  3.493821E-0002  1.043042E-0001  4.628493E-0002  1.115663E-0001  9.480460E-0002
  1.664841E-0003  6.387480E-0003  0.000000E+0000  1.422782E-0002  1.013163E-0002  1.140283E-0002  3.471015E-0004  3.259318E-0003  4.601527E-0003  1.145540E-0002  2.864711E-0003
  1.337375E-0001  1.395292E-0001  1.422782E-0002  0.000000E+0000  1.622125E-0001  1.527129E-0001  6.592209E-0002  1.452056E-0001  9.364246E-0002  1.365713E-0001  9.174474E-0002
  1.460645E-0001  9.867547E-0002  1.013163E-0002  1.622125E-0001  0.000000E+0000  2.942780E-0001  8.019920E-0002  1.503546E-0001  2.834821E-0002  1.530040E-0001  2.083193E-0001
  1.385551E-0001  1.842589E-0001  1.140283E-0002  1.527129E-0001  2.942780E-0001  0.000000E+0000  5.068595E-0002  1.348564E-0001  1.573994E-0001  1.710668E-0001  1.438794E-0001
  1.471671E-0002  3.493821E-0002  3.471015E-0004  6.592209E-0002  8.019920E-0002  5.068595E-0002  0.000000E+0000  1.400059E-0002  3.763612E-0002  5.236374E-0002  8.755729E-0003
  8.026479E-0002  1.043042E-0001  3.259318E-0003  1.452056E-0001  1.503546E-0001  1.348564E-0001  1.400059E-0002  0.000000E+0000  9.334159E-0002  1.344405E-0001  4.738066E-0002
  6.150766E-0002  4.628493E-0002  4.601527E-0003  9.364246E-0002  2.834821E-0002  1.573994E-0001  3.763612E-0002  9.334159E-0002  0.000000E+0000  8.462643E-0002  9.835085E-0002
  1.080521E-0001  1.115663E-0001  1.145540E-0002  1.365713E-0001  1.530040E-0001  1.710668E-0001  5.236374E-0002  1.344405E-0001  8.462643E-0002  0.000000E+0000  1.336263E-0001
  6.963238E-0002  9.480460E-0002  2.864711E-0003  9.174474E-0002  2.083193E-0001  1.438794E-0001  8.755729E-0003  4.738066E-0002  9.835085E-0002  1.336263E-0001  0.000000E+0000

  0.000000E+0000  3.317266E-0003  5.965454E-0004  1.579519E-0003  5.497368E-0003  7.876802E-0003  4.178341E-0004  2.075586E-0003  4.876002E-0003  1.438902E-0003  4.100147E-0003
  3.317266E-0003  0.000000E+0000  2.988692E-0004  1.251297E-0003  4.258540E-0003  4.768879E-0003  1.884934E-0003  8.687298E-0003  6.102548E-0003  1.073103E-0003  6.328525E-0003
  5.965454E-0004  2.988692E-0004  0.000000E+0000  6.104932E-0005  3.065542E-0004  1.886480E-0004  2.679566E-0004  6.453842E-0004  1.286793E-0003  2.166142E-0004  4.118314E-0004
  1.579519E-0003  1.251297E-0003  6.104932E-0005  0.000000E+0000  2.323624E-0003  3.388731E-0003  2.380499E-0004  1.960757E-0003  1.953526E-0003  5.702939E-0004  4.145549E-0004
  5.497368E-0003  4.258540E-0003  3.065542E-0004  2.323624E-0003  0.000000E+0000  5.942643E-0003  2.066153E-0003  7.832553E-0003  1.350754E-0002  2.176486E-0003  6.873274E-0003
  7.876802E-0003  4.768879E-0003  1.886480E-0004  3.388731E-0003  5.942643E-0003  0.000000E+0000  1.690172E-0003  8.952134E-0003  1.440675E-0002  5.010845E-0003  1.657620E-0003
  4.178341E-0004  1.884934E-0003  2.679566E-0004  2.380499E-0004  2.066153E-0003  1.690172E-0003  0.000000E+0000  4.962281E-0004  1.482646E-0003  1.057505E-0003  8.270913E-0004
  2.075586E-0003  8.687298E-0003  6.453842E-0004  1.960757E-0003  7.832553E-0003  8.952134E-0003  4.962281E-0004  0.000000E+0000  8.240942E-0003  4.315441E-0003  1.182833E-0003
  4.876002E-0003  6.102548E-0003  1.286793E-0003  1.953526E-0003  1.350754E-0002  1.440675E-0002  1.482646E-0003  8.240942E-0003  0.000000E+0000  2.861532E-0003  5.808494E-0003
  1.438902E-0003  1.073103E-0003  2.166142E-0004  5.702939E-0004  2.176486E-0003  5.010845E-0003  1.057505E-0003  4.315441E-0003  2.861532E-0003  0.000000E+0000  4.564848E-0003
  4.100147E-0003  6.328525E-0003  4.118314E-0004  4.145549E-0004  6.873274E-0003  1.657620E-0003  8.270913E-0004  1.182833E-0003  5.808494E-0003  4.564848E-0003  0.000000E+0000

  0.000000E+0000  2.122020E-0004  1.206732E-0005  6.749671E-0004  1.393005E-0003  1.664411E-0003  2.647044E-0004  7.757605E-0004  3.840860E-0004  1.232305E-0003  1.543716E-0003
  2.122020E-0004  0.000000E+0000  4.442942E-0005  7.484243E-0004  3.428117E-0004  5.346941E-0004  2.002191E-0004  1.877163E-0003  3.310996E-0004  1.206291E-0003  7.764886E-0004
  1.206732E-0005  4.442942E-0005  0.000000E+0000  1.337262E-0004  1.728187E-0005  3.478856E-0004  3.307160E-0005  1.752892E-0004  9.686625E-0006  3.438579E-0004  1.886406E-0004
  6.749671E-0004  7.484243E-0004  1.337262E-0004  0.000000E+0000  8.093022E-0004  2.673724E-0003  4.133768E-0004  1.220034E-0003  1.472102E-0004  3.446416E-0003  1.638554E-0003
  1.393005E-0003  3.428117E-0004  1.728187E-0005  8.093022E-0004  0.000000E+0000  2.057881E-0003  1.702445E-0004  2.421439E-0003  1.475078E-0003  2.305379E-0003  1.303080E-0003
  1.664411E-0003  5.346941E-0004  3.478856E-0004  2.673724E-0003  2.057881E-0003  0.000000E+0000  9.157751E-0004  4.456685E-0003  1.439973E-0003  8.929058E-0003  2.547175E-0003
  2.647044E-0004  2.002191E-0004  3.307160E-0005  4.133768E-0004  1.702445E-0004  9.157751E-0004  0.000000E+0000  6.544375E-0004  2.037771E-0004  1.442505E-0003  8.601556E-0004
  7.757605E-0004  1.877163E-0003  1.752892E-0004  1.220034E-0003  2.421439E-0003  4.456685E-0003  6.544375E-0004  0.000000E+0000  7.275367E-0004  3.887478E-0003  3.524690E-0003
  3.840860E-0004  3.310996E-0004  9.686625E-0006  1.472102E-0004  1.475078E-0003  1.439973E-0003  2.037771E-0004  7.275367E-0004  0.000000E+0000  1.092470E-0003  1.130050E-0003
  1.232305E-0003  1.206291E-0003  3.438579E-0004  3.446416E-0003  2.305379E-0003  8.929058E-0003  1.442505E-0003  3.887478E-0003  1.092470E-0003  0.000000E+0000  7.985854E-0003
  1.543716E-0003  7.764886E-0004  1.886406E-0004  1.638554E-0003  1.303080E-0003  2.547175E-0003  8.601556E-0004  3.524690E-0003  1.130050E-0003  7.985854E-0003  0.000000E+0000
