6661999 = Ignore first line (new format code)
File name: E:\Folders\PhD\ISAD\ISAD_Curry_data\ISAD_EEGs\eLORETA\EEGs_128Hz_200sec-window\Clinical_v_Healthy\T1_clinical_all\F57-ROIlinLagConn-crss.txt
1 = Number of time frames in Time X Frequency decomposition
3 = Number of EEG files
11 = Number Electrodes
25600 = Number of time frames in EEG files
32768 = Number of time frames in EEG files power of 2
7 = Number of matrices
5 = Band type (1=Classical1; 2=Classical2; 3=DiscreteFreqs; 4=AllDiscreteFreqs; 5=UserDefinedBands)
 1.280000E+0002 = Sampling rate Hz
-1.000000E+0002 = Freq1 Hz
-1.000000E+0002 = Freq2 Hz
 3.906250E-0003 = Frequency resolution Hz

  0.000000E+0000  7.817473E-0002  8.398207E-0002  5.016116E-0002  4.883819E-0002  4.156609E-0002  9.164113E-0002  7.583322E-0002  1.127411E-0001  5.708554E-0002  1.518002E-0001
  7.817473E-0002  0.000000E+0000  5.670542E-0002  8.843978E-0002  5.848189E-0002  1.149078E-0001  9.131182E-0002  5.658183E-0002  1.566245E-0001  5.843883E-0002  1.579776E-0001
  8.398207E-0002  5.670542E-0002  0.000000E+0000  2.206112E-0002  3.083865E-0002  1.897237E-0002  9.149555E-0003  4.645189E-0002  5.446323E-0002  3.835132E-0002  2.343990E-0002
  5.016116E-0002  8.843978E-0002  2.206112E-0002  0.000000E+0000  1.155484E-0001  6.060310E-0002  5.414882E-0002  8.768790E-0002  1.127242E-0001  7.308891E-0002  8.386230E-0002
  4.883819E-0002  5.848189E-0002  3.083865E-0002  1.155484E-0001  0.000000E+0000  4.821162E-0002  8.597806E-0002  1.094458E-0001  1.813198E-0001  1.736795E-0001  1.049733E-0001
  4.156609E-0002  1.149078E-0001  1.897237E-0002  6.060310E-0002  4.821162E-0002  0.000000E+0000  1.192971E-0001  1.993787E-0001  3.281073E-0001  1.209401E-0001  1.982457E-0001
  9.164113E-0002  9.131182E-0002  9.149555E-0003  5.414882E-0002  8.597806E-0002  1.192971E-0001  0.000000E+0000  5.688244E-0002  6.390127E-0002  3.195698E-0002  3.074795E-0002
  7.583322E-0002  5.658183E-0002  4.645189E-0002  8.768790E-0002  1.094458E-0001  1.993787E-0001  5.688244E-0002  0.000000E+0000  1.455525E-0001  7.067471E-0002  2.076831E-0001
  1.127411E-0001  1.566245E-0001  5.446323E-0002  1.127242E-0001  1.813198E-0001  3.281073E-0001  6.390127E-0002  1.455525E-0001  0.000000E+0000  4.781867E-0002  1.384434E-0001
  5.708554E-0002  5.843883E-0002  3.835132E-0002  7.308891E-0002  1.736795E-0001  1.209401E-0001  3.195698E-0002  7.067471E-0002  4.781867E-0002  0.000000E+0000  7.037687E-0002
  1.518002E-0001  1.579776E-0001  2.343990E-0002  8.386230E-0002  1.049733E-0001  1.982457E-0001  3.074795E-0002  2.076831E-0001  1.384434E-0001  7.037687E-0002  0.000000E+0000

  0.000000E+0000  1.472675E-0002  1.200186E-0003  1.209343E-0002  1.723184E-0002  1.092065E-0002  1.522143E-0002  2.086720E-0002  2.106753E-0002  1.512850E-0002  1.388522E-0002
  1.472675E-0002  0.000000E+0000  7.910610E-0003  2.243976E-0002  1.916471E-0002  6.961810E-0003  1.719327E-0002  1.059315E-0002  1.242050E-0002  1.969207E-0002  1.851209E-0002
  1.200186E-0003  7.910610E-0003  0.000000E+0000  1.105007E-0002  1.401713E-0002  8.814317E-0003  1.260401E-0002  7.947431E-0003  1.230370E-0002  1.085041E-0002  1.113582E-0002
  1.209343E-0002  2.243976E-0002  1.105007E-0002  0.000000E+0000  2.093907E-0002  2.607688E-0002  6.405010E-0003  2.255708E-0002  1.606679E-0002  4.654828E-0003  1.017350E-0002
  1.723184E-0002  1.916471E-0002  1.401713E-0002  2.093907E-0002  0.000000E+0000  4.101904E-0003  9.714524E-0003  2.927594E-0002  8.605531E-0003  1.535488E-0002  2.407252E-0002
  1.092065E-0002  6.961810E-0003  8.814317E-0003  2.607688E-0002  4.101904E-0003  0.000000E+0000  7.885274E-0003  1.147015E-0002  4.340894E-0003  2.147658E-0002  1.847625E-0002
  1.522143E-0002  1.719327E-0002  1.260401E-0002  6.405010E-0003  9.714524E-0003  7.885274E-0003  0.000000E+0000  2.267218E-0002  1.048718E-0002  8.534684E-0003  7.018540E-0003
  2.086720E-0002  1.059315E-0002  7.947431E-0003  2.255708E-0002  2.927594E-0002  1.147015E-0002  2.267218E-0002  0.000000E+0000  3.244405E-0002  1.944696E-0002  2.184484E-0002
  2.106753E-0002  1.242050E-0002  1.230370E-0002  1.606679E-0002  8.605531E-0003  4.340894E-0003  1.048718E-0002  3.244405E-0002  0.000000E+0000  1.690167E-0002  1.382362E-0002
  1.512850E-0002  1.969207E-0002  1.085041E-0002  4.654828E-0003  1.535488E-0002  2.147658E-0002  8.534684E-0003  1.944696E-0002  1.690167E-0002  0.000000E+0000  9.829119E-0003
  1.388522E-0002  1.851209E-0002  1.113582E-0002  1.017350E-0002  2.407252E-0002  1.847625E-0002  7.018540E-0003  2.184484E-0002  1.382362E-0002  9.829119E-0003  0.000000E+0000

  0.000000E+0000  5.495132E-0003  2.161566E-0003  7.382766E-0003  5.664589E-0003  8.266629E-0003  8.990396E-0004  6.562561E-0003  3.693630E-0003  1.733392E-0003  5.634147E-0003
  5.495132E-0003  0.000000E+0000  3.449893E-0003  9.697034E-0003  1.202304E-0002  1.597129E-0002  1.061782E-0003  2.029377E-0002  4.992567E-0003  3.256247E-0003  5.891041E-0003
  2.161566E-0003  3.449893E-0003  0.000000E+0000  1.074146E-0003  2.435142E-0003  5.704840E-0003  3.521311E-0004  9.680298E-0003  3.554790E-0003  3.981703E-0004  1.084477E-0003
  7.382766E-0003  9.697034E-0003  1.074146E-0003  0.000000E+0000  8.085523E-0003  9.437232E-0003  8.573326E-0004  2.880558E-0002  7.977578E-0003  5.306672E-0003  1.774644E-0003
  5.664589E-0003  1.202304E-0002  2.435142E-0003  8.085523E-0003  0.000000E+0000  1.176383E-0002  7.195467E-0004  3.724037E-0002  1.137736E-0002  1.527220E-0003  3.883246E-0003
  8.266629E-0003  1.597129E-0002  5.704840E-0003  9.437232E-0003  1.176383E-0002  0.000000E+0000  1.069163E-0003  4.094724E-0002  1.222302E-0002  6.151714E-0003  1.218990E-0003
  8.990396E-0004  1.061782E-0003  3.521311E-0004  8.573326E-0004  7.195467E-0004  1.069163E-0003  0.000000E+0000  2.403854E-0003  1.377805E-0003  5.633320E-0004  5.872206E-0004
  6.562561E-0003  2.029377E-0002  9.680298E-0003  2.880558E-0002  3.724037E-0002  4.094724E-0002  2.403854E-0003  0.000000E+0000  8.823387E-0003  5.362129E-0003  1.465961E-0002
  3.693630E-0003  4.992567E-0003  3.554790E-0003  7.977578E-0003  1.137736E-0002  1.222302E-0002  1.377805E-0003  8.823387E-0003  0.000000E+0000  5.600350E-0003  7.080176E-0003
  1.733392E-0003  3.256247E-0003  3.981703E-0004  5.306672E-0003  1.527220E-0003  6.151714E-0003  5.633320E-0004  5.362129E-0003  5.600350E-0003  0.000000E+0000  4.474867E-0003
  5.634147E-0003  5.891041E-0003  1.084477E-0003  1.774644E-0003  3.883246E-0003  1.218990E-0003  5.872206E-0004  1.465961E-0002  7.080176E-0003  4.474867E-0003  0.000000E+0000

  0.000000E+0000  5.491208E-0004  3.683578E-0003  3.128661E-0003  2.458069E-0003  4.485726E-0003  3.361355E-0003  2.629225E-0003  6.258752E-0003  1.259045E-0002  3.586943E-0003
  5.491208E-0004  0.000000E+0000  4.139570E-0004  4.037945E-0004  3.401710E-0004  6.196863E-0004  4.396277E-0004  3.100775E-0004  4.709103E-0004  8.724934E-0005  9.146689E-0005
  3.683578E-0003  4.139570E-0004  0.000000E+0000  2.772219E-0003  2.047057E-0003  4.003420E-0003  1.646329E-0003  1.577334E-0003  5.469393E-0003  4.685685E-0003  2.446226E-0003
  3.128661E-0003  4.037945E-0004  2.772219E-0003  0.000000E+0000  1.926297E-0003  4.597573E-0003  3.894907E-0003  2.634584E-0003  3.741695E-0003  5.540601E-0003  2.852349E-0003
  2.458069E-0003  3.401710E-0004  2.047057E-0003  1.926297E-0003  0.000000E+0000  3.283952E-0003  2.475408E-0003  1.989471E-0003  2.983623E-0003  2.419422E-0003  2.145834E-0003
  4.485726E-0003  6.196863E-0004  4.003420E-0003  4.597573E-0003  3.283952E-0003  0.000000E+0000  3.725198E-0003  3.481199E-0003  5.803424E-0003  8.791832E-0003  2.555941E-0003
  3.361355E-0003  4.396277E-0004  1.646329E-0003  3.894907E-0003  2.475408E-0003  3.725198E-0003  0.000000E+0000  1.703354E-0003  4.342927E-0003  5.623767E-0003  1.905345E-0003
  2.629225E-0003  3.100775E-0004  1.577334E-0003  2.634584E-0003  1.989471E-0003  3.481199E-0003  1.703354E-0003  0.000000E+0000  2.017581E-0003  1.907732E-0003  7.346976E-0004
  6.258752E-0003  4.709103E-0004  5.469393E-0003  3.741695E-0003  2.983623E-0003  5.803424E-0003  4.342927E-0003  2.017581E-0003  0.000000E+0000  1.348472E-0002  5.613972E-0003
  1.259045E-0002  8.724934E-0005  4.685685E-0003  5.540601E-0003  2.419422E-0003  8.791832E-0003  5.623767E-0003  1.907732E-0003  1.348472E-0002  0.000000E+0000  7.071120E-0003
  3.586943E-0003  9.146689E-0005  2.446226E-0003  2.852349E-0003  2.145834E-0003  2.555941E-0003  1.905345E-0003  7.346976E-0004  5.613972E-0003  7.071120E-0003  0.000000E+0000

  0.000000E+0000  4.825877E-0003  9.132377E-0004  8.087385E-0003  1.157488E-0002  1.117710E-0002  2.409212E-0003  1.247049E-0002  6.022290E-0003  1.157451E-0002  2.855726E-0003
  4.825877E-0003  0.000000E+0000  2.407560E-0003  8.265454E-0003  2.712653E-0003  2.182890E-0003  7.343144E-0004  1.373016E-0002  4.842933E-0003  3.219031E-0003  6.017240E-0004
  9.132377E-0004  2.407560E-0003  0.000000E+0000  9.743117E-0003  1.072638E-0002  4.248887E-0003  1.065316E-0003  3.987511E-0003  2.146995E-0003  1.145070E-0003  3.635504E-0003
  8.087385E-0003  8.265454E-0003  9.743117E-0003  0.000000E+0000  9.044963E-0003  1.734566E-0002  1.798204E-0003  1.107160E-0002  6.062404E-0003  1.036634E-0002  4.064193E-0003
  1.157488E-0002  2.712653E-0003  1.072638E-0002  9.044963E-0003  0.000000E+0000  9.515453E-0003  2.963814E-0003  8.429334E-0003  6.087051E-0003  8.163005E-0003  4.337121E-0003
  1.117710E-0002  2.182890E-0003  4.248887E-0003  1.734566E-0002  9.515453E-0003  0.000000E+0000  7.023269E-0003  7.127355E-0003  6.908339E-0003  1.212730E-0002  1.088048E-0002
  2.409212E-0003  7.343144E-0004  1.065316E-0003  1.798204E-0003  2.963814E-0003  7.023269E-0003  0.000000E+0000  6.491696E-0003  2.212302E-0003  9.541993E-0004  8.751981E-0004
  1.247049E-0002  1.373016E-0002  3.987511E-0003  1.107160E-0002  8.429334E-0003  7.127355E-0003  6.491696E-0003  0.000000E+0000  3.667183E-0003  1.283197E-0002  7.249325E-0003
  6.022290E-0003  4.842933E-0003  2.146995E-0003  6.062404E-0003  6.087051E-0003  6.908339E-0003  2.212302E-0003  3.667183E-0003  0.000000E+0000  2.507540E-0003  4.239222E-0003
  1.157451E-0002  3.219031E-0003  1.145070E-0003  1.036634E-0002  8.163005E-0003  1.212730E-0002  9.541993E-0004  1.283197E-0002  2.507540E-0003  0.000000E+0000  5.999770E-0003
  2.855726E-0003  6.017240E-0004  3.635504E-0003  4.064193E-0003  4.337121E-0003  1.088048E-0002  8.751981E-0004  7.249325E-0003  4.239222E-0003  5.999770E-0003  0.000000E+0000

  0.000000E+0000  2.564180E-0003  7.879487E-0004  7.124290E-0003  2.847417E-0003  7.413837E-0003  3.814333E-0004  9.447945E-0003  1.721245E-0003  2.713522E-0003  1.920211E-0003
  2.564180E-0003  0.000000E+0000  1.186033E-0003  9.199455E-0003  6.343863E-0003  9.126962E-0003  4.287396E-0004  1.295226E-0002  3.622425E-0003  2.810406E-0003  1.914003E-0003
  7.879487E-0004  1.186033E-0003  0.000000E+0000  3.722429E-0003  2.413675E-0003  5.777596E-0003  7.524814E-0005  5.506158E-0003  1.437843E-0003  1.049830E-0003  1.140128E-0003
  7.124290E-0003  9.199455E-0003  3.722429E-0003  0.000000E+0000  3.409279E-0003  6.656026E-0003  1.316394E-0003  1.611247E-0002  2.894569E-0003  3.731449E-0003  3.420907E-0003
  2.847417E-0003  6.343863E-0003  2.413675E-0003  3.409279E-0003  0.000000E+0000  3.440478E-0003  4.301908E-0004  1.519309E-0002  4.312481E-0003  2.642231E-0003  1.600099E-0003
  7.413837E-0003  9.126962E-0003  5.777596E-0003  6.656026E-0003  3.440478E-0003  0.000000E+0000  2.390136E-0003  1.627430E-0002  3.831184E-0003  8.980519E-0003  3.696129E-0003
  3.814333E-0004  4.287396E-0004  7.524814E-0005  1.316394E-0003  4.301908E-0004  2.390136E-0003  0.000000E+0000  1.164451E-0003  5.134486E-0004  4.537492E-0004  6.007307E-0004
  9.447945E-0003  1.295226E-0002  5.506158E-0003  1.611247E-0002  1.519309E-0002  1.627430E-0002  1.164451E-0003  0.000000E+0000  5.757473E-0004  9.326497E-0003  7.019516E-0004
  1.721245E-0003  3.622425E-0003  1.437843E-0003  2.894569E-0003  4.312481E-0003  3.831184E-0003  5.134486E-0004  5.757473E-0004  0.000000E+0000  2.514117E-0003  8.337381E-0004
  2.713522E-0003  2.810406E-0003  1.049830E-0003  3.731449E-0003  2.642231E-0003  8.980519E-0003  4.537492E-0004  9.326497E-0003  2.514117E-0003  0.000000E+0000  3.041271E-0003
  1.920211E-0003  1.914003E-0003  1.140128E-0003  3.420907E-0003  1.600099E-0003  3.696129E-0003  6.007307E-0004  7.019516E-0004  8.337381E-0004  3.041271E-0003  0.000000E+0000

  0.000000E+0000  2.335852E-0003  5.833788E-0004  2.450238E-0003  3.112291E-0003  2.695970E-0003  1.540083E-0003  3.946008E-0004  1.871504E-0003  3.906882E-0003  2.324742E-0003
  2.335852E-0003  0.000000E+0000  4.789791E-0004  9.631184E-0004  6.709950E-0004  4.960707E-0004  1.977568E-0003  1.656565E-0004  6.756321E-0004  8.059320E-0004  2.873699E-0003
  5.833788E-0004  4.789791E-0004  0.000000E+0000  1.713093E-0003  1.871944E-0003  1.511232E-0003  1.613642E-0004  4.633557E-0004  9.092208E-0004  2.158361E-0003  3.991891E-0004
  2.450238E-0003  9.631184E-0004  1.713093E-0003  0.000000E+0000  6.139081E-0004  2.377475E-0003  2.273652E-0003  1.013514E-0003  1.620065E-0003  2.802775E-0003  1.600937E-0003
  3.112291E-0003  6.709950E-0004  1.871944E-0003  6.139081E-0004  0.000000E+0000  5.964868E-0004  1.139150E-0003  4.211232E-0004  1.494383E-0003  9.379853E-0004  1.745687E-0003
  2.695970E-0003  4.960707E-0004  1.511232E-0003  2.377475E-0003  5.964868E-0004  0.000000E+0000  3.141411E-0003  9.024973E-0004  1.338728E-0003  3.487156E-0003  3.301496E-0003
  1.540083E-0003  1.977568E-0003  1.613642E-0004  2.273652E-0003  1.139150E-0003  3.141411E-0003  0.000000E+0000  9.871611E-0004  1.806433E-0003  6.098513E-0004  2.809094E-0004
  3.946008E-0004  1.656565E-0004  4.633557E-0004  1.013514E-0003  4.211232E-0004  9.024973E-0004  9.871611E-0004  0.000000E+0000  6.655894E-0004  8.653777E-0004  2.546345E-0003
  1.871504E-0003  6.756321E-0004  9.092208E-0004  1.620065E-0003  1.494383E-0003  1.338728E-0003  1.806433E-0003  6.655894E-0004  0.000000E+0000  2.217362E-0003  3.357217E-0003
  3.906882E-0003  8.059320E-0004  2.158361E-0003  2.802775E-0003  9.379853E-0004  3.487156E-0003  6.098513E-0004  8.653777E-0004  2.217362E-0003  0.000000E+0000  1.646999E-0003
  2.324742E-0003  2.873699E-0003  3.991891E-0004  1.600937E-0003  1.745687E-0003  3.301496E-0003  2.809094E-0004  2.546345E-0003  3.357217E-0003  1.646999E-0003  0.000000E+0000
