6661999 = Ignore first line (new format code)
File name: E:\Folders\PhD\ISAD\ISAD_Curry_data\ISAD_EEGs\eLORETA\EEGs_128Hz_200sec-window\Clinical_v_Healthy\T1_clinical_all\F58-ROIlinLagConn-crss.txt
1 = Number of time frames in Time X Frequency decomposition
3 = Number of EEG files
11 = Number Electrodes
25600 = Number of time frames in EEG files
32768 = Number of time frames in EEG files power of 2
7 = Number of matrices
5 = Band type (1=Classical1; 2=Classical2; 3=DiscreteFreqs; 4=AllDiscreteFreqs; 5=UserDefinedBands)
 1.280000E+0002 = Sampling rate Hz
-1.000000E+0002 = Freq1 Hz
-1.000000E+0002 = Freq2 Hz
 3.906250E-0003 = Frequency resolution Hz

  0.000000E+0000  2.765474E-0002  1.683366E-0003  4.832561E-0003  2.201182E-0002  1.746180E-0002  5.572722E-0003  4.024570E-0002  5.595770E-0003  3.536139E-0003  1.575897E-0002
  2.765474E-0002  0.000000E+0000  2.175865E-0003  4.412104E-0002  3.115352E-0002  3.261131E-0002  2.582724E-0002  2.061480E-0002  1.740360E-0002  3.559771E-0002  4.186520E-0002
  1.683366E-0003  2.175865E-0003  0.000000E+0000  2.904869E-0003  5.793655E-0003  3.686200E-0003  1.279641E-0002  2.921637E-0003  3.554552E-0003  7.634216E-0004  1.064685E-0003
  4.832561E-0003  4.412104E-0002  2.904869E-0003  0.000000E+0000  3.730219E-0002  2.166368E-0002  5.240508E-0002  4.674122E-0002  5.215029E-0003  3.985475E-0003  3.791188E-0002
  2.201182E-0002  3.115352E-0002  5.793655E-0003  3.730219E-0002  0.000000E+0000  4.003637E-0002  1.064214E-0002  5.289007E-0002  3.612545E-0002  4.218037E-0002  1.636242E-0002
  1.746180E-0002  3.261131E-0002  3.686200E-0003  2.166368E-0002  4.003637E-0002  0.000000E+0000  3.412863E-0002  6.243134E-0002  1.609510E-0002  3.307871E-0002  1.139095E-0002
  5.572722E-0003  2.582724E-0002  1.279641E-0002  5.240508E-0002  1.064214E-0002  3.412863E-0002  0.000000E+0000  3.121717E-0002  9.008572E-0003  1.743560E-0002  1.608618E-0002
  4.024570E-0002  2.061480E-0002  2.921637E-0003  4.674122E-0002  5.289007E-0002  6.243134E-0002  3.121717E-0002  0.000000E+0000  4.663952E-0002  6.630541E-0002  4.081316E-0002
  5.595770E-0003  1.740360E-0002  3.554552E-0003  5.215029E-0003  3.612545E-0002  1.609510E-0002  9.008572E-0003  4.663952E-0002  0.000000E+0000  1.107616E-0002  2.381181E-0002
  3.536139E-0003  3.559771E-0002  7.634216E-0004  3.985475E-0003  4.218037E-0002  3.307871E-0002  1.743560E-0002  6.630541E-0002  1.107616E-0002  0.000000E+0000  2.579100E-0002
  1.575897E-0002  4.186520E-0002  1.064685E-0003  3.791188E-0002  1.636242E-0002  1.139095E-0002  1.608618E-0002  4.081316E-0002  2.381181E-0002  2.579100E-0002  0.000000E+0000

  0.000000E+0000  6.260547E-0002  2.613298E-0003  3.911938E-0002  1.025978E-0002  9.148188E-0002  2.899283E-0002  3.653384E-0002  7.748246E-0003  2.116908E-0002  1.529922E-0002
  6.260547E-0002  0.000000E+0000  3.621194E-0002  2.770659E-0002  1.240575E-0002  8.132425E-0002  8.161123E-0002  7.062776E-0002  8.725147E-0002  5.040355E-0002  2.978795E-0002
  2.613298E-0003  3.621194E-0002  0.000000E+0000  2.472129E-0002  3.940734E-0003  4.053874E-0002  1.274419E-0002  6.254890E-0003  3.879880E-0003  1.434176E-0002  9.920160E-0003
  3.911938E-0002  2.770659E-0002  2.472129E-0002  0.000000E+0000  6.969963E-0003  2.453226E-0002  4.626622E-0002  4.539827E-0002  6.171822E-0002  3.324128E-0002  6.908318E-0002
  1.025978E-0002  1.240575E-0002  3.940734E-0003  6.969963E-0003  0.000000E+0000  3.346644E-0002  7.161156E-0003  1.104073E-0002  1.957485E-0002  1.516631E-0002  1.502728E-0002
  9.148188E-0002  8.132425E-0002  4.053874E-0002  2.453226E-0002  3.346644E-0002  0.000000E+0000  1.111847E-0001  1.213113E-0001  1.146079E-0001  1.106343E-0001  8.186644E-0002
  2.899283E-0002  8.161123E-0002  1.274419E-0002  4.626622E-0002  7.161156E-0003  1.111847E-0001  0.000000E+0000  4.688237E-0002  4.845028E-0002  5.511878E-0002  2.184066E-0002
  3.653384E-0002  7.062776E-0002  6.254890E-0003  4.539827E-0002  1.104073E-0002  1.213113E-0001  4.688237E-0002  0.000000E+0000  9.089368E-0002  6.340698E-0002  3.098126E-0002
  7.748246E-0003  8.725147E-0002  3.879880E-0003  6.171822E-0002  1.957485E-0002  1.146079E-0001  4.845028E-0002  9.089368E-0002  0.000000E+0000  2.487500E-0002  2.310654E-0002
  2.116908E-0002  5.040355E-0002  1.434176E-0002  3.324128E-0002  1.516631E-0002  1.106343E-0001  5.511878E-0002  6.340698E-0002  2.487500E-0002  0.000000E+0000  4.921946E-0002
  1.529922E-0002  2.978795E-0002  9.920160E-0003  6.908318E-0002  1.502728E-0002  8.186644E-0002  2.184066E-0002  3.098126E-0002  2.310654E-0002  4.921946E-0002  0.000000E+0000

  0.000000E+0000  4.234150E-0003  2.795657E-0003  1.172700E-0002  5.454692E-0003  7.416266E-0003  7.315357E-0003  1.280105E-0002  4.376546E-0003  5.373193E-0003  3.827005E-0003
  4.234150E-0003  0.000000E+0000  2.684910E-0003  2.204571E-0002  1.640044E-0002  1.115435E-0002  1.259695E-0002  3.564269E-0003  9.012662E-0003  9.383094E-0003  4.528955E-0003
  2.795657E-0003  2.684910E-0003  0.000000E+0000  7.002396E-0003  3.304795E-0003  4.502367E-0003  3.425660E-0003  3.098910E-0003  4.157240E-0003  4.055949E-0003  5.862613E-0003
  1.172700E-0002  2.204571E-0002  7.002396E-0003  0.000000E+0000  2.584079E-0002  7.777298E-0002  1.848137E-0002  2.197032E-0002  1.583716E-0002  2.141242E-0002  4.240387E-0002
  5.454692E-0003  1.640044E-0002  3.304795E-0003  2.584079E-0002  0.000000E+0000  2.570583E-0002  9.256304E-0003  1.460513E-0002  2.815830E-0003  1.171273E-0002  8.757652E-0003
  7.416266E-0003  1.115435E-0002  4.502367E-0003  7.777298E-0002  2.570583E-0002  0.000000E+0000  3.917621E-0002  1.477963E-0002  1.200088E-0002  6.341478E-0002  8.411115E-0003
  7.315357E-0003  1.259695E-0002  3.425660E-0003  1.848137E-0002  9.256304E-0003  3.917621E-0002  0.000000E+0000  1.102765E-0002  1.186133E-0002  1.196604E-0002  1.484836E-0002
  1.280105E-0002  3.564269E-0003  3.098910E-0003  2.197032E-0002  1.460513E-0002  1.477963E-0002  1.102765E-0002  0.000000E+0000  1.161422E-0002  2.006481E-0002  6.966689E-0003
  4.376546E-0003  9.012662E-0003  4.157240E-0003  1.583716E-0002  2.815830E-0003  1.200088E-0002  1.186133E-0002  1.161422E-0002  0.000000E+0000  1.326116E-0002  1.003150E-0002
  5.373193E-0003  9.383094E-0003  4.055949E-0003  2.141242E-0002  1.171273E-0002  6.341478E-0002  1.196604E-0002  2.006481E-0002  1.326116E-0002  0.000000E+0000  3.195323E-0002
  3.827005E-0003  4.528955E-0003  5.862613E-0003  4.240387E-0002  8.757652E-0003  8.411115E-0003  1.484836E-0002  6.966689E-0003  1.003150E-0002  3.195323E-0002  0.000000E+0000

  0.000000E+0000  1.504847E-0002  6.594017E-0003  9.627897E-0002  4.022072E-0002  2.802228E-0002  3.929988E-0002  3.063049E-0002  1.406143E-0002  7.966356E-0002  4.181587E-0002
  1.504847E-0002  0.000000E+0000  3.474414E-0003  7.721598E-0002  2.015307E-0002  2.272633E-0002  1.245041E-0002  9.743865E-0003  1.357128E-0002  3.579497E-0002  1.994086E-0002
  6.594017E-0003  3.474414E-0003  0.000000E+0000  3.491409E-0002  9.460466E-0003  4.405579E-0003  1.393408E-0002  7.148908E-0003  5.367394E-0003  2.686773E-0002  1.014966E-0002
  9.627897E-0002  7.721598E-0002  3.491409E-0002  0.000000E+0000  1.584848E-0001  2.096719E-0001  1.368529E-0001  9.134238E-0002  1.144330E-0001  1.046199E-0001  1.565397E-0001
  4.022072E-0002  2.015307E-0002  9.460466E-0003  1.584848E-0001  0.000000E+0000  3.510940E-0002  5.170311E-0002  2.873271E-0002  3.769414E-0002  1.209807E-0001  6.193582E-0002
  2.802228E-0002  2.272633E-0002  4.405579E-0003  2.096719E-0001  3.510940E-0002  0.000000E+0000  5.775499E-0002  2.580288E-0002  2.677780E-0002  1.920692E-0001  7.714116E-0002
  3.929988E-0002  1.245041E-0002  1.393408E-0002  1.368529E-0001  5.170311E-0002  5.775499E-0002  0.000000E+0000  2.062544E-0002  3.916282E-0002  5.092737E-0002  2.759370E-0002
  3.063049E-0002  9.743865E-0003  7.148908E-0003  9.134238E-0002  2.873271E-0002  2.580288E-0002  2.062544E-0002  0.000000E+0000  2.448406E-0002  5.832350E-0002  3.012582E-0002
  1.406143E-0002  1.357128E-0002  5.367394E-0003  1.144330E-0001  3.769414E-0002  2.677780E-0002  3.916282E-0002  2.448406E-0002  0.000000E+0000  9.032087E-0002  4.601693E-0002
  7.966356E-0002  3.579497E-0002  2.686773E-0002  1.046199E-0001  1.209807E-0001  1.920692E-0001  5.092737E-0002  5.832350E-0002  9.032087E-0002  0.000000E+0000  9.636594E-0002
  4.181587E-0002  1.994086E-0002  1.014966E-0002  1.565397E-0001  6.193582E-0002  7.714116E-0002  2.759370E-0002  3.012582E-0002  4.601693E-0002  9.636594E-0002  0.000000E+0000

  0.000000E+0000  5.544923E-0002  1.503642E-0002  4.118019E-0001  2.228601E-0001  1.295971E-0001  2.448611E-0001  1.415505E-0001  7.342532E-0002  3.509173E-0001  2.566106E-0001
  5.544923E-0002  0.000000E+0000  8.196579E-0003  3.115956E-0001  9.649432E-0002  1.003509E-0001  8.420066E-0002  1.729016E-0002  5.104176E-0002  1.432181E-0001  1.661697E-0001
  1.503642E-0002  8.196579E-0003  0.000000E+0000  1.049471E-0001  2.989027E-0002  3.432912E-0002  2.424964E-0002  9.700045E-0003  1.404096E-0002  4.609625E-0002  8.140995E-0002
  4.118019E-0001  3.115956E-0001  1.049471E-0001  0.000000E+0000  4.330267E-0001  6.290579E-0001  4.262715E-0001  4.074864E-0001  4.241464E-0001  4.141994E-0001  4.393833E-0001
  2.228601E-0001  9.649432E-0002  2.989027E-0002  4.330267E-0001  0.000000E+0000  1.479322E-0001  1.887165E-0001  1.591175E-0001  2.370405E-0001  2.788742E-0001  2.753861E-0001
  1.295971E-0001  1.003509E-0001  3.432912E-0002  6.290579E-0001  1.479322E-0001  0.000000E+0000  2.128476E-0001  1.205488E-0001  1.205148E-0001  5.648539E-0001  3.384095E-0001
  2.448611E-0001  8.420066E-0002  2.424964E-0002  4.262715E-0001  1.887165E-0001  2.128476E-0001  0.000000E+0000  1.601919E-0001  2.300542E-0001  2.964824E-0001  2.365877E-0001
  1.415505E-0001  1.729016E-0002  9.700045E-0003  4.074864E-0001  1.591175E-0001  1.205488E-0001  1.601919E-0001  0.000000E+0000  1.071297E-0001  2.581397E-0001  2.569099E-0001
  7.342532E-0002  5.104176E-0002  1.404096E-0002  4.241464E-0001  2.370405E-0001  1.205148E-0001  2.300542E-0001  1.071297E-0001  0.000000E+0000  3.664492E-0001  2.965288E-0001
  3.509173E-0001  1.432181E-0001  4.609625E-0002  4.141994E-0001  2.788742E-0001  5.648539E-0001  2.964824E-0001  2.581397E-0001  3.664492E-0001  0.000000E+0000  2.579877E-0001
  2.566106E-0001  1.661697E-0001  8.140995E-0002  4.393833E-0001  2.753861E-0001  3.384095E-0001  2.365877E-0001  2.569099E-0001  2.965288E-0001  2.579877E-0001  0.000000E+0000

  0.000000E+0000  3.270916E-0003  2.166063E-0003  5.226711E-0002  3.962187E-0002  1.293323E-0002  4.253421E-0002  1.687105E-0002  1.386635E-0002  5.239989E-0002  3.221108E-0002
  3.270916E-0003  0.000000E+0000  5.207067E-0003  3.614099E-0002  3.931457E-0002  1.480806E-0002  1.552246E-0002  5.823815E-0003  1.042693E-0002  1.270236E-0002  9.622619E-0003
  2.166063E-0003  5.207067E-0003  0.000000E+0000  1.274897E-0002  1.065233E-0002  1.721953E-0003  1.051679E-0002  8.735386E-0003  5.074671E-0003  1.087547E-0002  6.219577E-0003
  5.226711E-0002  3.614099E-0002  1.274897E-0002  0.000000E+0000  5.267265E-0002  1.109204E-0001  6.353240E-0002  4.250833E-0002  5.255197E-0002  7.860147E-0002  7.409150E-0002
  3.962187E-0002  3.931457E-0002  1.065233E-0002  5.267265E-0002  0.000000E+0000  2.654635E-0002  2.155042E-0002  4.931815E-0002  4.435654E-0002  3.538082E-0002  3.489697E-0002
  1.293323E-0002  1.480806E-0002  1.721953E-0003  1.109204E-0001  2.654635E-0002  0.000000E+0000  6.911796E-0002  5.527430E-0003  8.447886E-0003  8.384774E-0002  4.148716E-0002
  4.253421E-0002  1.552246E-0002  1.051679E-0002  6.353240E-0002  2.155042E-0002  6.911796E-0002  0.000000E+0000  2.640108E-0002  4.257069E-0002  4.256262E-0002  2.689681E-0002
  1.687105E-0002  5.823815E-0003  8.735386E-0003  4.250833E-0002  4.931815E-0002  5.527430E-0003  2.640108E-0002  0.000000E+0000  3.504738E-0002  2.570038E-0002  2.419804E-0002
  1.386635E-0002  1.042693E-0002  5.074671E-0003  5.255197E-0002  4.435654E-0002  8.447886E-0003  4.257069E-0002  3.504738E-0002  0.000000E+0000  5.186860E-0002  3.804624E-0002
  5.239989E-0002  1.270236E-0002  1.087547E-0002  7.860147E-0002  3.538082E-0002  8.384774E-0002  4.256262E-0002  2.570038E-0002  5.186860E-0002  0.000000E+0000  4.011694E-0002
  3.221108E-0002  9.622619E-0003  6.219577E-0003  7.409150E-0002  3.489697E-0002  4.148716E-0002  2.689681E-0002  2.419804E-0002  3.804624E-0002  4.011694E-0002  0.000000E+0000

  0.000000E+0000  4.606211E-0003  6.677339E-0003  2.344903E-0002  3.270296E-0002  6.249476E-0003  3.401337E-0002  1.404940E-0002  1.317872E-0002  2.255319E-0002  2.778765E-0002
  4.606211E-0003  0.000000E+0000  4.641877E-0003  2.228838E-0002  4.212277E-0002  2.096775E-0003  1.750372E-0002  1.248561E-0002  4.919270E-0003  1.451506E-0002  8.710225E-0003
  6.677339E-0003  4.641877E-0003  0.000000E+0000  1.280548E-0002  1.368221E-0002  2.477165E-0003  1.005556E-0002  1.162588E-0002  7.217181E-0003  8.376382E-0003  9.863728E-0003
  2.344903E-0002  2.228838E-0002  1.280548E-0002  0.000000E+0000  4.530250E-0002  5.165306E-0002  2.910156E-0002  2.448511E-0002  2.246245E-0002  2.802927E-0002  4.391914E-0002
  3.270296E-0002  4.212277E-0002  1.368221E-0002  4.530250E-0002  0.000000E+0000  2.627229E-0002  2.284472E-0002  4.876917E-0002  3.638705E-0002  4.409074E-0002  3.672989E-0002
  6.249476E-0003  2.096775E-0003  2.477165E-0003  5.165306E-0002  2.627229E-0002  0.000000E+0000  3.889514E-0002  3.066356E-0003  4.602870E-0003  3.259427E-0002  2.094713E-0002
  3.401337E-0002  1.750372E-0002  1.005556E-0002  2.910156E-0002  2.284472E-0002  3.889514E-0002  0.000000E+0000  2.139296E-0002  3.113566E-0002  3.359220E-0002  2.142545E-0002
  1.404940E-0002  1.248561E-0002  1.162588E-0002  2.448511E-0002  4.876917E-0002  3.066356E-0003  2.139296E-0002  0.000000E+0000  2.624657E-0002  2.031088E-0002  2.184163E-0002
  1.317872E-0002  4.919270E-0003  7.217181E-0003  2.246245E-0002  3.638705E-0002  4.602870E-0003  3.113566E-0002  2.624657E-0002  0.000000E+0000  2.653361E-0002  2.687412E-0002
  2.255319E-0002  1.451506E-0002  8.376382E-0003  2.802927E-0002  4.409074E-0002  3.259427E-0002  3.359220E-0002  2.031088E-0002  2.653361E-0002  0.000000E+0000  2.312188E-0002
  2.778765E-0002  8.710225E-0003  9.863728E-0003  4.391914E-0002  3.672989E-0002  2.094713E-0002  2.142545E-0002  2.184163E-0002  2.687412E-0002  2.312188E-0002  0.000000E+0000
