6661999 = Ignore first line (new format code)
File name: E:\Folders\PhD\ISAD\ISAD_Curry_data\ISAD_EEGs\eLORETA\EEGs_128Hz_200sec-window\Clinical_v_Healthy\T1_clinical_all\F59-ROIlinLagConn-crss.txt
1 = Number of time frames in Time X Frequency decomposition
3 = Number of EEG files
11 = Number Electrodes
25600 = Number of time frames in EEG files
32768 = Number of time frames in EEG files power of 2
7 = Number of matrices
5 = Band type (1=Classical1; 2=Classical2; 3=DiscreteFreqs; 4=AllDiscreteFreqs; 5=UserDefinedBands)
 1.280000E+0002 = Sampling rate Hz
-1.000000E+0002 = Freq1 Hz
-1.000000E+0002 = Freq2 Hz
 3.906250E-0003 = Frequency resolution Hz

  0.000000E+0000  5.742482E-0003  7.934053E-0002  6.248698E-0002  6.474645E-0002  2.039730E-0001  4.938186E-0002  1.136836E-0001  1.138104E-0001  2.160697E-0001  9.307026E-0002
  5.742482E-0003  0.000000E+0000  9.222785E-0003  3.327492E-0003  1.514644E-0002  7.028406E-0003  8.067964E-0003  3.014845E-0003  1.560469E-0002  8.305619E-0003  1.051055E-0002
  7.934053E-0002  9.222785E-0003  0.000000E+0000  7.647200E-0002  1.410193E-0001  2.283156E-0001  9.475350E-0002  9.348368E-0002  1.635637E-0001  2.109849E-0001  1.197912E-0001
  6.248698E-0002  3.327492E-0003  7.647200E-0002  0.000000E+0000  7.436186E-0002  1.901767E-0001  4.438468E-0002  4.186094E-0002  1.775398E-0001  1.985737E-0001  8.344641E-0002
  6.474645E-0002  1.514644E-0002  1.410193E-0001  7.436186E-0002  0.000000E+0000  1.704296E-0001  9.775425E-0002  3.686087E-0002  1.239152E-0001  2.187457E-0001  9.894434E-0002
  2.039730E-0001  7.028406E-0003  2.283156E-0001  1.901767E-0001  1.704296E-0001  0.000000E+0000  5.055392E-0002  1.968569E-0001  1.173446E-0001  2.300792E-0001  2.635524E-0001
  4.938186E-0002  8.067964E-0003  9.475350E-0002  4.438468E-0002  9.775425E-0002  5.055392E-0002  0.000000E+0000  3.685310E-0002  8.863983E-0002  6.331638E-0002  1.454507E-0001
  1.136836E-0001  3.014845E-0003  9.348368E-0002  4.186094E-0002  3.686087E-0002  1.968569E-0001  3.685310E-0002  0.000000E+0000  1.477255E-0001  1.898257E-0001  7.506822E-0002
  1.138104E-0001  1.560469E-0002  1.635637E-0001  1.775398E-0001  1.239152E-0001  1.173446E-0001  8.863983E-0002  1.477255E-0001  0.000000E+0000  2.217167E-0001  3.074471E-0001
  2.160697E-0001  8.305619E-0003  2.109849E-0001  1.985737E-0001  2.187457E-0001  2.300792E-0001  6.331638E-0002  1.898257E-0001  2.217167E-0001  0.000000E+0000  2.278627E-0001
  9.307026E-0002  1.051055E-0002  1.197912E-0001  8.344641E-0002  9.894434E-0002  2.635524E-0001  1.454507E-0001  7.506822E-0002  3.074471E-0001  2.278627E-0001  0.000000E+0000

  0.000000E+0000  2.688066E-0003  3.853056E-0003  5.911822E-0003  1.035169E-0002  1.328208E-0002  7.087480E-0003  1.147391E-0002  9.247989E-0003  1.598762E-0002  1.381518E-0002
  2.688066E-0003  0.000000E+0000  7.672460E-0004  2.424245E-0003  3.855486E-0003  4.912948E-0003  3.259096E-0003  3.933784E-0003  2.289312E-0003  4.639390E-0003  2.923623E-0003
  3.853056E-0003  7.672460E-0004  0.000000E+0000  3.366144E-0003  2.887769E-0003  8.404372E-0003  1.681681E-0003  2.203127E-0003  2.915891E-0003  9.549794E-0003  1.938053E-0003
  5.911822E-0003  2.424245E-0003  3.366144E-0003  0.000000E+0000  4.713978E-0003  1.919703E-0002  4.280318E-0003  4.778808E-0003  2.674971E-0003  1.884167E-0002  4.443780E-0003
  1.035169E-0002  3.855486E-0003  2.887769E-0003  4.713978E-0003  0.000000E+0000  1.347060E-0002  7.124365E-0003  8.148968E-0003  8.521661E-0003  1.616347E-0002  1.051632E-0002
  1.328208E-0002  4.912948E-0003  8.404372E-0003  1.919703E-0002  1.347060E-0002  0.000000E+0000  1.215090E-0002  1.121126E-0002  1.336521E-0002  2.963023E-0002  2.303510E-0002
  7.087480E-0003  3.259096E-0003  1.681681E-0003  4.280318E-0003  7.124365E-0003  1.215090E-0002  0.000000E+0000  5.937286E-0003  7.758623E-0003  1.272376E-0002  4.787812E-0003
  1.147391E-0002  3.933784E-0003  2.203127E-0003  4.778808E-0003  8.148968E-0003  1.121126E-0002  5.937286E-0003  0.000000E+0000  8.930519E-0003  1.333393E-0002  5.398361E-0003
  9.247989E-0003  2.289312E-0003  2.915891E-0003  2.674971E-0003  8.521661E-0003  1.336521E-0002  7.758623E-0003  8.930519E-0003  0.000000E+0000  8.649072E-0003  2.332886E-0002
  1.598762E-0002  4.639390E-0003  9.549794E-0003  1.884167E-0002  1.616347E-0002  2.963023E-0002  1.272376E-0002  1.333393E-0002  8.649072E-0003  0.000000E+0000  2.318662E-0002
  1.381518E-0002  2.923623E-0003  1.938053E-0003  4.443780E-0003  1.051632E-0002  2.303510E-0002  4.787812E-0003  5.398361E-0003  2.332886E-0002  2.318662E-0002  0.000000E+0000

  0.000000E+0000  3.017947E-0004  5.158993E-0004  2.244244E-0003  1.793217E-0004  2.909234E-0003  6.112733E-0003  9.290944E-0004  5.351690E-0004  8.783164E-0004  1.034569E-0002
  3.017947E-0004  0.000000E+0000  5.312596E-0004  2.455822E-0004  2.791607E-0004  1.355199E-0003  2.752510E-0003  2.102415E-0004  6.722968E-0004  2.580846E-0004  3.266617E-0003
  5.158993E-0004  5.312596E-0004  0.000000E+0000  1.258230E-0003  3.240597E-0004  1.790282E-0003  9.325076E-0004  1.940946E-0004  2.557185E-0003  1.523846E-0003  8.217753E-0004
  2.244244E-0003  2.455822E-0004  1.258230E-0003  0.000000E+0000  2.143282E-0003  1.437915E-0003  1.221585E-0003  1.487133E-0003  7.951461E-0004  2.868241E-0003  5.226467E-0003
  1.793217E-0004  2.791607E-0004  3.240597E-0004  2.143282E-0003  0.000000E+0000  3.136789E-0003  4.554540E-0003  2.058618E-0003  3.175028E-0004  3.218103E-0004  8.849326E-0003
  2.909234E-0003  1.355199E-0003  1.790282E-0003  1.437915E-0003  3.136789E-0003  0.000000E+0000  2.976133E-0003  2.352661E-0003  3.580418E-0003  2.374035E-0003  4.012068E-0003
  6.112733E-0003  2.752510E-0003  9.325076E-0004  1.221585E-0003  4.554540E-0003  2.976133E-0003  0.000000E+0000  6.043796E-0003  7.677745E-0003  1.283447E-0003  3.544301E-0003
  9.290944E-0004  2.102415E-0004  1.940946E-0004  1.487133E-0003  2.058618E-0003  2.352661E-0003  6.043796E-0003  0.000000E+0000  1.515830E-0003  1.484795E-0003  1.037255E-0002
  5.351690E-0004  6.722968E-0004  2.557185E-0003  7.951461E-0004  3.175028E-0004  3.580418E-0003  7.677745E-0003  1.515830E-0003  0.000000E+0000  2.175060E-0003  8.991637E-0003
  8.783164E-0004  2.580846E-0004  1.523846E-0003  2.868241E-0003  3.218103E-0004  2.374035E-0003  1.283447E-0003  1.484795E-0003  2.175060E-0003  0.000000E+0000  3.737842E-0003
  1.034569E-0002  3.266617E-0003  8.217753E-0004  5.226467E-0003  8.849326E-0003  4.012068E-0003  3.544301E-0003  1.037255E-0002  8.991637E-0003  3.737842E-0003  0.000000E+0000

  0.000000E+0000  1.989337E-0003  1.843569E-0003  3.212301E-0003  3.339265E-0003  1.479541E-0002  3.092989E-0003  4.847727E-0003  3.049204E-0003  1.428271E-0002  5.632909E-0003
  1.989337E-0003  0.000000E+0000  9.031801E-0004  7.457039E-0004  1.111327E-0003  4.763071E-0003  1.075533E-0003  1.563968E-0004  9.795026E-0004  5.348883E-0003  1.645722E-0003
  1.843569E-0003  9.031801E-0004  0.000000E+0000  2.130832E-0003  1.930507E-0003  6.630524E-0003  1.529673E-0003  2.783037E-0003  1.751240E-0003  4.391995E-0003  5.898584E-0004
  3.212301E-0003  7.457039E-0004  2.130832E-0003  0.000000E+0000  2.292860E-0003  1.630831E-0002  1.291451E-0003  7.658854E-0003  3.088674E-0003  1.373542E-0002  4.398614E-0003
  3.339265E-0003  1.111327E-0003  1.930507E-0003  2.292860E-0003  0.000000E+0000  1.800397E-0002  2.686766E-0003  4.073281E-0003  2.241334E-0003  1.633821E-0002  5.244130E-0003
  1.479541E-0002  4.763071E-0003  6.630524E-0003  1.630831E-0002  1.800397E-0002  0.000000E+0000  1.015751E-0002  1.246143E-0002  7.388114E-0003  1.983298E-0002  1.031287E-0002
  3.092989E-0003  1.075533E-0003  1.529673E-0003  1.291451E-0003  2.686766E-0003  1.015751E-0002  0.000000E+0000  3.200395E-0003  1.893817E-0003  1.005345E-0002  3.439230E-0003
  4.847727E-0003  1.563968E-0004  2.783037E-0003  7.658854E-0003  4.073281E-0003  1.246143E-0002  3.200395E-0003  0.000000E+0000  1.874496E-0003  1.249870E-0002  7.271682E-0003
  3.049204E-0003  9.795026E-0004  1.751240E-0003  3.088674E-0003  2.241334E-0003  7.388114E-0003  1.893817E-0003  1.874496E-0003  0.000000E+0000  9.493356E-0003  3.068314E-0003
  1.428271E-0002  5.348883E-0003  4.391995E-0003  1.373542E-0002  1.633821E-0002  1.983298E-0002  1.005345E-0002  1.249870E-0002  9.493356E-0003  0.000000E+0000  9.115798E-0003
  5.632909E-0003  1.645722E-0003  5.898584E-0004  4.398614E-0003  5.244130E-0003  1.031287E-0002  3.439230E-0003  7.271682E-0003  3.068314E-0003  9.115798E-0003  0.000000E+0000

  0.000000E+0000  2.545264E-0003  7.161149E-0003  3.577203E-0002  4.769412E-0003  2.509939E-0002  8.470037E-0003  1.936761E-0002  5.193376E-0003  2.848193E-0002  1.590921E-0002
  2.545264E-0003  0.000000E+0000  2.304128E-0003  4.611923E-0003  2.127532E-0003  3.927332E-0003  3.048805E-0003  1.761814E-0003  1.510704E-0003  3.144721E-0003  5.219770E-0003
  7.161149E-0003  2.304128E-0003  0.000000E+0000  2.320852E-0002  5.438720E-0003  1.592247E-0002  8.232269E-0003  1.445147E-0002  3.231110E-0003  9.104479E-0003  1.887337E-0002
  3.577203E-0002  4.611923E-0003  2.320852E-0002  0.000000E+0000  2.990093E-0002  4.284161E-0002  5.182274E-0002  4.217288E-0002  1.866207E-0002  4.373435E-0002  6.057503E-0002
  4.769412E-0003  2.127532E-0003  5.438720E-0003  2.990093E-0002  0.000000E+0000  2.454121E-0002  1.025254E-0002  1.455628E-0002  4.146162E-0003  1.984558E-0002  1.423294E-0002
  2.509939E-0002  3.927332E-0003  1.592247E-0002  4.284161E-0002  2.454121E-0002  0.000000E+0000  2.613129E-0002  3.356182E-0002  1.206441E-0002  3.681287E-0002  3.343024E-0002
  8.470037E-0003  3.048805E-0003  8.232269E-0003  5.182274E-0002  1.025254E-0002  2.613129E-0002  0.000000E+0000  3.231697E-0002  8.553663E-0003  1.917855E-0002  5.308786E-0002
  1.936761E-0002  1.761814E-0003  1.445147E-0002  4.217288E-0002  1.455628E-0002  3.356182E-0002  3.231697E-0002  0.000000E+0000  1.260127E-0002  2.576456E-0002  3.610290E-0002
  5.193376E-0003  1.510704E-0003  3.231110E-0003  1.866207E-0002  4.146162E-0003  1.206441E-0002  8.553663E-0003  1.260127E-0002  0.000000E+0000  4.673370E-0003  2.637117E-0002
  2.848193E-0002  3.144721E-0003  9.104479E-0003  4.373435E-0002  1.984558E-0002  3.681287E-0002  1.917855E-0002  2.576456E-0002  4.673370E-0003  0.000000E+0000  1.755443E-0002
  1.590921E-0002  5.219770E-0003  1.887337E-0002  6.057503E-0002  1.423294E-0002  3.343024E-0002  5.308786E-0002  3.610290E-0002  2.637117E-0002  1.755443E-0002  0.000000E+0000

  0.000000E+0000  2.154898E-0004  1.430264E-0004  6.473082E-0004  4.628951E-0004  2.744840E-0003  3.500020E-0004  1.089541E-0003  6.056599E-0004  1.607931E-0003  1.834486E-0003
  2.154898E-0004  0.000000E+0000  7.303055E-0005  3.923930E-0004  2.559071E-0004  5.967664E-0004  1.440838E-0004  1.497318E-0004  2.492942E-0004  6.089475E-0004  6.738378E-0004
  1.430264E-0004  7.303055E-0005  0.000000E+0000  7.939541E-0004  1.002901E-0004  9.124483E-0004  1.148585E-0003  8.894079E-0004  5.302854E-0004  3.901257E-0004  2.653731E-0003
  6.473082E-0004  3.923930E-0004  7.939541E-0004  0.000000E+0000  9.633049E-0004  2.468716E-0003  1.359181E-0003  1.829536E-0003  1.870029E-0003  1.605152E-0003  2.213994E-0003
  4.628951E-0004  2.559071E-0004  1.002901E-0004  9.633049E-0004  0.000000E+0000  3.043477E-0003  5.550087E-0004  1.633649E-0003  1.031106E-0003  1.906169E-0003  3.326976E-0003
  2.744840E-0003  5.967664E-0004  9.124483E-0004  2.468716E-0003  3.043477E-0003  0.000000E+0000  2.275083E-0003  2.583808E-0003  2.468772E-0003  2.820869E-0003  2.005125E-0003
  3.500020E-0004  1.440838E-0004  1.148585E-0003  1.359181E-0003  5.550087E-0004  2.275083E-0003  0.000000E+0000  1.385103E-0003  9.817274E-0004  1.380205E-0003  3.569727E-0003
  1.089541E-0003  1.497318E-0004  8.894079E-0004  1.829536E-0003  1.633649E-0003  2.583808E-0003  1.385103E-0003  0.000000E+0000  1.240420E-0003  2.449572E-0003  2.209481E-0003
  6.056599E-0004  2.492942E-0004  5.302854E-0004  1.870029E-0003  1.031106E-0003  2.468772E-0003  9.817274E-0004  1.240420E-0003  0.000000E+0000  7.770446E-0004  2.823515E-0003
  1.607931E-0003  6.089475E-0004  3.901257E-0004  1.605152E-0003  1.906169E-0003  2.820869E-0003  1.380205E-0003  2.449572E-0003  7.770446E-0004  0.000000E+0000  3.253882E-0003
  1.834486E-0003  6.738378E-0004  2.653731E-0003  2.213994E-0003  3.326976E-0003  2.005125E-0003  3.569727E-0003  2.209481E-0003  2.823515E-0003  3.253882E-0003  0.000000E+0000

  0.000000E+0000  3.501506E-0004  2.651710E-0004  1.764692E-0003  1.643765E-0003  2.446639E-0003  5.883979E-0003  1.482897E-0003  5.609997E-0004  1.397110E-0003  9.822082E-0003
  3.501506E-0004  0.000000E+0000  1.175869E-0004  6.476719E-0004  3.120552E-0004  4.756113E-0004  6.804601E-0004  3.378156E-0004  2.960236E-0004  7.232120E-0004  1.522945E-0003
  2.651710E-0004  1.175869E-0004  0.000000E+0000  9.077555E-0004  3.459823E-0004  1.058595E-0003  1.022850E-0003  2.669506E-0004  8.607224E-0005  7.860649E-0004  1.777349E-0003
  1.764692E-0003  6.476719E-0004  9.077555E-0004  0.000000E+0000  1.199269E-0003  4.918485E-0003  1.577405E-0002  1.954330E-0003  1.026926E-0003  5.698974E-0003  2.101008E-0002
  1.643765E-0003  3.120552E-0004  3.459823E-0004  1.199269E-0003  0.000000E+0000  1.677449E-0003  2.109245E-0003  1.885009E-0003  9.737904E-0004  1.508476E-0003  5.725717E-0003
  2.446639E-0003  4.756113E-0004  1.058595E-0003  4.918485E-0003  1.677449E-0003  0.000000E+0000  1.955913E-0003  3.296901E-0003  9.450851E-0004  4.320065E-0003  4.161187E-0003
  5.883979E-0003  6.804601E-0004  1.022850E-0003  1.577405E-0002  2.109245E-0003  1.955913E-0003  0.000000E+0000  6.862793E-0003  1.384945E-0003  1.346308E-0002  1.868856E-0002
  1.482897E-0003  3.378156E-0004  2.669506E-0004  1.954330E-0003  1.885009E-0003  3.296901E-0003  6.862793E-0003  0.000000E+0000  1.086162E-0003  1.802135E-0003  9.128581E-0003
  5.609997E-0004  2.960236E-0004  8.607224E-0005  1.026926E-0003  9.737904E-0004  9.450851E-0004  1.384945E-0003  1.086162E-0003  0.000000E+0000  1.751735E-0003  1.336408E-0003
  1.397110E-0003  7.232120E-0004  7.860649E-0004  5.698974E-0003  1.508476E-0003  4.320065E-0003  1.346308E-0002  1.802135E-0003  1.751735E-0003  0.000000E+0000  1.002719E-0002
  9.822082E-0003  1.522945E-0003  1.777349E-0003  2.101008E-0002  5.725717E-0003  4.161187E-0003  1.868856E-0002  9.128581E-0003  1.336408E-0003  1.002719E-0002  0.000000E+0000
