6661999 = Ignore first line (new format code)
File name: E:\Folders\PhD\ISAD\ISAD_Curry_data\ISAD_EEGs\eLORETA\EEGs_128Hz_200sec-window\Clinical_v_Healthy\T1_clinical_all\F6-ROIlinLagConn-crss.txt
1 = Number of time frames in Time X Frequency decomposition
3 = Number of EEG files
11 = Number Electrodes
25600 = Number of time frames in EEG files
32768 = Number of time frames in EEG files power of 2
7 = Number of matrices
5 = Band type (1=Classical1; 2=Classical2; 3=DiscreteFreqs; 4=AllDiscreteFreqs; 5=UserDefinedBands)
 1.280000E+0002 = Sampling rate Hz
-1.000000E+0002 = Freq1 Hz
-1.000000E+0002 = Freq2 Hz
 3.906250E-0003 = Frequency resolution Hz

  0.000000E+0000  4.666999E-0002  1.426138E-0002  1.716656E-0001  3.336141E-0002  6.815664E-0002  9.968054E-0002  8.990247E-0002  5.894798E-0002  6.899437E-0002  7.580789E-0002
  4.666999E-0002  0.000000E+0000  2.493485E-0002  1.171567E-0001  3.759074E-0002  1.843305E-0002  6.882279E-0002  3.341902E-0002  4.050013E-0002  2.164826E-0002  8.152810E-0002
  1.426138E-0002  2.493485E-0002  0.000000E+0000  1.000826E-0001  3.391313E-0002  1.281563E-0002  5.705310E-0002  2.713042E-0002  5.427451E-0002  3.721513E-0002  4.415807E-0002
  1.716656E-0001  1.171567E-0001  1.000826E-0001  0.000000E+0000  7.886676E-0002  7.846349E-0002  1.376998E-0001  1.932494E-0001  1.391195E-0001  1.426262E-0001  1.840368E-0001
  3.336141E-0002  3.759074E-0002  3.391313E-0002  7.886676E-0002  0.000000E+0000  9.007037E-0002  1.416028E-0001  7.251865E-0002  2.612048E-0002  5.454051E-0002  8.965254E-0002
  6.815664E-0002  1.843305E-0002  1.281563E-0002  7.846349E-0002  9.007037E-0002  0.000000E+0000  1.356056E-0001  2.746938E-0002  2.786309E-0002  3.217126E-0002  1.019630E-0001
  9.968054E-0002  6.882279E-0002  5.705310E-0002  1.376998E-0001  1.416028E-0001  1.356056E-0001  0.000000E+0000  1.259782E-0001  9.240027E-0002  1.140612E-0001  2.154029E-0001
  8.990247E-0002  3.341902E-0002  2.713042E-0002  1.932494E-0001  7.251865E-0002  2.746938E-0002  1.259782E-0001  0.000000E+0000  5.329093E-0002  5.319414E-0002  1.715740E-0001
  5.894798E-0002  4.050013E-0002  5.427451E-0002  1.391195E-0001  2.612048E-0002  2.786309E-0002  9.240027E-0002  5.329093E-0002  0.000000E+0000  6.006113E-0002  1.059723E-0001
  6.899437E-0002  2.164826E-0002  3.721513E-0002  1.426262E-0001  5.454051E-0002  3.217126E-0002  1.140612E-0001  5.319414E-0002  6.006113E-0002  0.000000E+0000  9.265555E-0002
  7.580789E-0002  8.152810E-0002  4.415807E-0002  1.840368E-0001  8.965254E-0002  1.019630E-0001  2.154029E-0001  1.715740E-0001  1.059723E-0001  9.265555E-0002  0.000000E+0000

  0.000000E+0000  2.529237E-0003  3.045747E-0004  2.784634E-0003  8.055671E-0004  3.391215E-0003  1.035885E-0003  2.703654E-0003  2.131832E-0003  1.871097E-0003  1.065735E-0003
  2.529237E-0003  0.000000E+0000  1.112440E-0003  1.631666E-0003  6.354428E-0004  2.152162E-0003  1.019050E-0003  1.320909E-0003  9.476509E-0004  1.523353E-0003  3.909816E-0003
  3.045747E-0004  1.112440E-0003  0.000000E+0000  3.147701E-0004  8.238682E-0004  1.273617E-0003  7.707462E-0004  2.612624E-0003  1.930346E-0003  2.153784E-0003  2.225039E-0003
  2.784634E-0003  1.631666E-0003  3.147701E-0004  0.000000E+0000  3.086158E-0003  6.476637E-0003  1.948200E-0003  1.433994E-0003  5.327599E-0003  2.902157E-0003  2.173313E-0003
  8.055671E-0004  6.354428E-0004  8.238682E-0004  3.086158E-0003  0.000000E+0000  5.733613E-0003  4.709395E-0004  2.047629E-0003  9.750284E-0004  3.421437E-0003  2.013085E-0003
  3.391215E-0003  2.152162E-0003  1.273617E-0003  6.476637E-0003  5.733613E-0003  0.000000E+0000  5.433537E-0003  5.341546E-0003  3.491383E-0003  5.724083E-0003  1.042803E-0002
  1.035885E-0003  1.019050E-0003  7.707462E-0004  1.948200E-0003  4.709395E-0004  5.433537E-0003  0.000000E+0000  4.007091E-0003  3.370529E-0003  1.191781E-0003  3.306945E-0003
  2.703654E-0003  1.320909E-0003  2.612624E-0003  1.433994E-0003  2.047629E-0003  5.341546E-0003  4.007091E-0003  0.000000E+0000  5.696773E-0003  7.614037E-0003  8.524670E-0003
  2.131832E-0003  9.476509E-0004  1.930346E-0003  5.327599E-0003  9.750284E-0004  3.491383E-0003  3.370529E-0003  5.696773E-0003  0.000000E+0000  2.216499E-0003  1.085434E-0002
  1.871097E-0003  1.523353E-0003  2.153784E-0003  2.902157E-0003  3.421437E-0003  5.724083E-0003  1.191781E-0003  7.614037E-0003  2.216499E-0003  0.000000E+0000  1.206952E-0002
  1.065735E-0003  3.909816E-0003  2.225039E-0003  2.173313E-0003  2.013085E-0003  1.042803E-0002  3.306945E-0003  8.524670E-0003  1.085434E-0002  1.206952E-0002  0.000000E+0000

  0.000000E+0000  1.074873E-0003  6.033303E-0004  2.488194E-0003  1.596276E-0003  7.151922E-0003  1.313240E-0003  2.818068E-0003  4.008854E-0004  3.159987E-0003  5.448239E-0004
  1.074873E-0003  0.000000E+0000  2.301728E-0004  3.681282E-0003  9.692225E-0004  7.263926E-0003  9.863197E-0004  1.614233E-0003  7.096807E-0004  1.211909E-0003  4.674388E-0004
  6.033303E-0004  2.301728E-0004  0.000000E+0000  1.397976E-0003  2.135116E-0004  1.142040E-0003  1.510063E-0004  3.584633E-0004  7.096797E-0005  4.781132E-0004  1.973865E-0004
  2.488194E-0003  3.681282E-0003  1.397976E-0003  0.000000E+0000  2.973727E-0003  9.391805E-0003  4.772855E-0003  6.163406E-0003  4.528885E-0003  7.225605E-0003  3.967121E-0003
  1.596276E-0003  9.692225E-0004  2.135116E-0004  2.973727E-0003  0.000000E+0000  8.787962E-0003  2.118972E-0003  2.894996E-0003  1.047241E-0003  1.747153E-0003  7.229362E-0004
  7.151922E-0003  7.263926E-0003  1.142040E-0003  9.391805E-0003  8.787962E-0003  0.000000E+0000  4.416273E-0003  1.310992E-0002  5.773944E-0003  1.302149E-0002  3.995962E-0003
  1.313240E-0003  9.863197E-0004  1.510063E-0004  4.772855E-0003  2.118972E-0003  4.416273E-0003  0.000000E+0000  4.103224E-0003  2.795869E-0003  3.398430E-0003  3.949808E-0003
  2.818068E-0003  1.614233E-0003  3.584633E-0004  6.163406E-0003  2.894996E-0003  1.310992E-0002  4.103224E-0003  0.000000E+0000  1.625740E-0003  3.884909E-0003  3.489117E-0003
  4.008854E-0004  7.096807E-0004  7.096797E-0005  4.528885E-0003  1.047241E-0003  5.773944E-0003  2.795869E-0003  1.625740E-0003  0.000000E+0000  1.057097E-0003  2.947497E-0003
  3.159987E-0003  1.211909E-0003  4.781132E-0004  7.225605E-0003  1.747153E-0003  1.302149E-0002  3.398430E-0003  3.884909E-0003  1.057097E-0003  0.000000E+0000  1.877818E-0003
  5.448239E-0004  4.674388E-0004  1.973865E-0004  3.967121E-0003  7.229362E-0004  3.995962E-0003  3.949808E-0003  3.489117E-0003  2.947497E-0003  1.877818E-0003  0.000000E+0000

  0.000000E+0000  7.533383E-0004  2.536579E-0004  2.503450E-0003  1.096605E-0003  7.896416E-0004  1.823140E-0003  2.194229E-0003  2.339830E-0003  1.686773E-0003  2.535562E-0003
  7.533383E-0004  0.000000E+0000  6.357345E-0005  5.066674E-0004  7.908374E-0004  5.855964E-0004  1.835558E-0004  6.443236E-0004  5.740627E-0004  6.989056E-0004  6.333411E-0004
  2.536579E-0004  6.357345E-0005  0.000000E+0000  4.770858E-0004  3.784864E-0004  1.373172E-0004  1.434464E-0004  2.326357E-0004  3.860741E-0004  3.954503E-0004  2.021697E-0004
  2.503450E-0003  5.066674E-0004  4.770858E-0004  0.000000E+0000  2.726364E-0003  6.610458E-0003  1.546327E-0003  4.722809E-0003  2.393234E-0003  2.080366E-0003  3.303786E-0003
  1.096605E-0003  7.908374E-0004  3.784864E-0004  2.726364E-0003  0.000000E+0000  1.279256E-0003  1.756394E-0003  2.135901E-0003  2.064192E-0003  7.212827E-0004  3.189723E-0003
  7.896416E-0004  5.855964E-0004  1.373172E-0004  6.610458E-0003  1.279256E-0003  0.000000E+0000  3.554478E-0003  3.455807E-0003  2.225345E-0003  1.514511E-0003  4.459570E-0003
  1.823140E-0003  1.835558E-0004  1.434464E-0004  1.546327E-0003  1.756394E-0003  3.554478E-0003  0.000000E+0000  2.680128E-0003  8.114866E-0004  5.801927E-0004  1.950392E-0003
  2.194229E-0003  6.443236E-0004  2.326357E-0004  4.722809E-0003  2.135901E-0003  3.455807E-0003  2.680128E-0003  0.000000E+0000  1.330154E-0003  2.927762E-0003  4.088303E-0003
  2.339830E-0003  5.740627E-0004  3.860741E-0004  2.393234E-0003  2.064192E-0003  2.225345E-0003  8.114866E-0004  1.330154E-0003  0.000000E+0000  1.558409E-0003  1.835880E-0003
  1.686773E-0003  6.989056E-0004  3.954503E-0004  2.080366E-0003  7.212827E-0004  1.514511E-0003  5.801927E-0004  2.927762E-0003  1.558409E-0003  0.000000E+0000  1.575637E-0003
  2.535562E-0003  6.333411E-0004  2.021697E-0004  3.303786E-0003  3.189723E-0003  4.459570E-0003  1.950392E-0003  4.088303E-0003  1.835880E-0003  1.575637E-0003  0.000000E+0000

  0.000000E+0000  1.642389E-0002  7.095743E-0004  3.314952E-0002  1.392948E-0002  1.637110E-0002  3.906778E-0002  4.241146E-0002  2.589706E-0002  1.597178E-0002  4.464073E-0002
  1.642389E-0002  0.000000E+0000  4.576779E-0003  6.468033E-0003  1.826513E-0002  6.164600E-0003  1.277496E-0002  3.335399E-0003  4.019272E-0003  5.586548E-0003  2.238636E-0002
  7.095743E-0004  4.576779E-0003  0.000000E+0000  8.470216E-0003  3.214224E-0003  4.282677E-0003  1.149579E-0002  1.138425E-0002  7.217692E-0003  4.264604E-0003  1.191665E-0002
  3.314952E-0002  6.468033E-0003  8.470216E-0003  0.000000E+0000  1.790945E-0002  2.551352E-0002  1.843957E-0002  1.590333E-0002  4.231394E-0002  2.742968E-0003  6.141745E-0002
  1.392948E-0002  1.826513E-0002  3.214224E-0003  1.790945E-0002  0.000000E+0000  3.648023E-0002  2.915464E-0002  2.958091E-0002  2.947363E-0002  6.981769E-0003  3.406351E-0002
  1.637110E-0002  6.164600E-0003  4.282677E-0003  2.551352E-0002  3.648023E-0002  0.000000E+0000  4.943386E-0002  1.698947E-0002  1.379234E-0002  2.378239E-0002  2.659562E-0002
  3.906778E-0002  1.277496E-0002  1.149579E-0002  1.843957E-0002  2.915464E-0002  4.943386E-0002  0.000000E+0000  2.444651E-0002  4.413203E-0002  5.614024E-0003  6.480815E-0002
  4.241146E-0002  3.335399E-0003  1.138425E-0002  1.590333E-0002  2.958091E-0002  1.698947E-0002  2.444651E-0002  0.000000E+0000  3.084777E-0002  8.113246E-0003  7.851798E-0002
  2.589706E-0002  4.019272E-0003  7.217692E-0003  4.231394E-0002  2.947363E-0002  1.379234E-0002  4.413203E-0002  3.084777E-0002  0.000000E+0000  1.258821E-0002  4.779233E-0002
  1.597178E-0002  5.586548E-0003  4.264604E-0003  2.742968E-0003  6.981769E-0003  2.378239E-0002  5.614024E-0003  8.113246E-0003  1.258821E-0002  0.000000E+0000  2.671192E-0002
  4.464073E-0002  2.238636E-0002  1.191665E-0002  6.141745E-0002  3.406351E-0002  2.659562E-0002  6.480815E-0002  7.851798E-0002  4.779233E-0002  2.671192E-0002  0.000000E+0000

  0.000000E+0000  2.748877E-0004  5.705356E-0004  1.299896E-0003  6.554988E-0004  2.860885E-0003  4.302896E-0004  8.900122E-0004  2.312234E-0004  1.590969E-0003  2.621029E-0003
  2.748877E-0004  0.000000E+0000  5.525742E-0005  7.405622E-0005  3.658635E-0004  3.113621E-0004  5.078043E-0005  1.737354E-0004  1.787237E-0004  8.448422E-0005  2.281108E-0004
  5.705356E-0004  5.525742E-0005  0.000000E+0000  6.947001E-0004  4.639252E-0004  5.143136E-0004  1.265141E-0004  1.056754E-0004  2.411737E-0004  1.993121E-0004  4.007332E-0004
  1.299896E-0003  7.405622E-0005  6.947001E-0004  0.000000E+0000  1.353765E-0003  2.944455E-0003  1.162066E-0003  1.925057E-0004  3.845551E-0004  1.373812E-0003  1.475831E-0003
  6.554988E-0004  3.658635E-0004  4.639252E-0004  1.353765E-0003  0.000000E+0000  1.442099E-0003  5.468646E-0004  6.889163E-0004  3.006796E-0004  8.734106E-0004  1.559023E-0003
  2.860885E-0003  3.113621E-0004  5.143136E-0004  2.944455E-0003  1.442099E-0003  0.000000E+0000  1.887824E-0003  6.298036E-0004  1.081121E-0003  1.378982E-0003  1.518140E-0003
  4.302896E-0004  5.078043E-0005  1.265141E-0004  1.162066E-0003  5.468646E-0004  1.887824E-0003  0.000000E+0000  3.980215E-0004  6.496698E-0004  7.625593E-0004  2.129653E-0003
  8.900122E-0004  1.737354E-0004  1.056754E-0004  1.925057E-0004  6.889163E-0004  6.298036E-0004  3.980215E-0004  0.000000E+0000  4.134927E-0004  4.986353E-0004  5.607221E-0004
  2.312234E-0004  1.787237E-0004  2.411737E-0004  3.845551E-0004  3.006796E-0004  1.081121E-0003  6.496698E-0004  4.134927E-0004  0.000000E+0000  4.525162E-0004  8.899661E-0004
  1.590969E-0003  8.448422E-0005  1.993121E-0004  1.373812E-0003  8.734106E-0004  1.378982E-0003  7.625593E-0004  4.986353E-0004  4.525162E-0004  0.000000E+0000  3.198739E-0004
  2.621029E-0003  2.281108E-0004  4.007332E-0004  1.475831E-0003  1.559023E-0003  1.518140E-0003  2.129653E-0003  5.607221E-0004  8.899661E-0004  3.198739E-0004  0.000000E+0000

  0.000000E+0000  1.294829E-0004  1.339673E-0004  3.781511E-0004  2.109484E-0004  6.895149E-0004  3.022130E-0004  2.479345E-0004  7.351403E-0005  5.919788E-0004  1.717873E-0004
  1.294829E-0004  0.000000E+0000  1.795933E-0004  2.709918E-0004  2.540988E-0004  8.694932E-0005  9.530428E-0004  7.983002E-0005  6.190144E-0005  5.713752E-0005  5.809944E-0004
  1.339673E-0004  1.795933E-0004  0.000000E+0000  1.453099E-0004  2.447194E-0004  7.243366E-0005  2.079980E-0004  3.344092E-0004  1.919917E-0004  8.349025E-0005  8.290081E-0005
  3.781511E-0004  2.709918E-0004  1.453099E-0004  0.000000E+0000  4.546065E-0004  6.078032E-0004  6.342654E-0004  6.809802E-0004  7.344874E-0004  3.875704E-0004  4.391896E-0004
  2.109484E-0004  2.540988E-0004  2.447194E-0004  4.546065E-0004  0.000000E+0000  7.456954E-0004  4.808158E-0004  2.724414E-0004  2.382573E-0004  5.590323E-0004  4.474499E-0004
  6.895149E-0004  8.694932E-0005  7.243366E-0005  6.078032E-0004  7.456954E-0004  0.000000E+0000  3.710416E-0004  2.468212E-0004  5.619840E-0004  4.905767E-0004  6.829945E-0004
  3.022130E-0004  9.530428E-0004  2.079980E-0004  6.342654E-0004  4.808158E-0004  3.710416E-0004  0.000000E+0000  7.140408E-0004  8.294162E-0004  1.955659E-0004  6.297542E-0004
  2.479345E-0004  7.983002E-0005  3.344092E-0004  6.809802E-0004  2.724414E-0004  2.468212E-0004  7.140408E-0004  0.000000E+0000  6.491673E-0004  5.623600E-0004  8.066528E-0004
  7.351403E-0005  6.190144E-0005  1.919917E-0004  7.344874E-0004  2.382573E-0004  5.619840E-0004  8.294162E-0004  6.491673E-0004  0.000000E+0000  1.645510E-0004  9.797178E-0004
  5.919788E-0004  5.713752E-0005  8.349025E-0005  3.875704E-0004  5.590323E-0004  4.905767E-0004  1.955659E-0004  5.623600E-0004  1.645510E-0004  0.000000E+0000  4.501126E-0004
  1.717873E-0004  5.809944E-0004  8.290081E-0005  4.391896E-0004  4.474499E-0004  6.829945E-0004  6.297542E-0004  8.066528E-0004  9.797178E-0004  4.501126E-0004  0.000000E+0000
