6661999 = Ignore first line (new format code)
File name: E:\Folders\PhD\ISAD\ISAD_Curry_data\ISAD_EEGs\eLORETA\EEGs_128Hz_200sec-window\Clinical_v_Healthy\T1_clinical_all\F60-ROIlinLagConn-crss.txt
1 = Number of time frames in Time X Frequency decomposition
3 = Number of EEG files
11 = Number Electrodes
25600 = Number of time frames in EEG files
32768 = Number of time frames in EEG files power of 2
7 = Number of matrices
5 = Band type (1=Classical1; 2=Classical2; 3=DiscreteFreqs; 4=AllDiscreteFreqs; 5=UserDefinedBands)
 1.280000E+0002 = Sampling rate Hz
-1.000000E+0002 = Freq1 Hz
-1.000000E+0002 = Freq2 Hz
 3.906250E-0003 = Frequency resolution Hz

  0.000000E+0000  9.281207E-0002  6.912000E-0003  4.237612E-0002  3.613391E-0002  7.399984E-0002  2.452625E-0002  1.603059E-0002  8.025094E-0003  6.700119E-0002  2.989061E-0002
  9.281207E-0002  0.000000E+0000  2.439642E-0002  3.338058E-0002  1.310233E-0001  6.781101E-0002  7.673448E-0002  8.156802E-0002  6.710985E-0002  1.607618E-0001  9.152109E-0002
  6.912000E-0003  2.439642E-0002  0.000000E+0000  3.919049E-0002  4.791706E-0002  6.618387E-0002  1.113995E-0002  2.212120E-0002  1.654077E-0002  4.938655E-0002  4.161165E-0002
  4.237612E-0002  3.338058E-0002  3.919049E-0002  0.000000E+0000  8.674489E-0002  1.065432E-0002  1.814893E-0002  5.797432E-0002  5.264586E-0002  2.673085E-0002  2.405295E-0002
  3.613391E-0002  1.310233E-0001  4.791706E-0002  8.674489E-0002  0.000000E+0000  7.352971E-0002  1.138212E-0001  5.221377E-0002  1.767057E-0001  3.557101E-0002  6.401125E-0002
  7.399984E-0002  6.781101E-0002  6.618387E-0002  1.065432E-0002  7.352971E-0002  0.000000E+0000  1.156905E-0002  1.094683E-0001  1.044944E-0001  4.162493E-0002  2.021673E-0002
  2.452625E-0002  7.673448E-0002  1.113995E-0002  1.814893E-0002  1.138212E-0001  1.156905E-0002  0.000000E+0000  4.618995E-0002  5.409444E-0002  2.577518E-0002  2.084248E-0002
  1.603059E-0002  8.156802E-0002  2.212120E-0002  5.797432E-0002  5.221377E-0002  1.094683E-0001  4.618995E-0002  0.000000E+0000  3.601331E-0002  1.346280E-0001  7.366735E-0002
  8.025094E-0003  6.710985E-0002  1.654077E-0002  5.264586E-0002  1.767057E-0001  1.044944E-0001  5.409444E-0002  3.601331E-0002  0.000000E+0000  8.306240E-0002  4.279308E-0002
  6.700119E-0002  1.607618E-0001  4.938655E-0002  2.673085E-0002  3.557101E-0002  4.162493E-0002  2.577518E-0002  1.346280E-0001  8.306240E-0002  0.000000E+0000  1.644150E-0002
  2.989061E-0002  9.152109E-0002  4.161165E-0002  2.405295E-0002  6.401125E-0002  2.021673E-0002  2.084248E-0002  7.366735E-0002  4.279308E-0002  1.644150E-0002  0.000000E+0000

  0.000000E+0000  9.659730E-0003  1.218315E-0002  1.906414E-0002  5.459620E-0003  1.744178E-0002  1.745668E-0002  7.844028E-0003  1.054743E-0002  1.445804E-0002  2.214669E-0002
  9.659730E-0003  0.000000E+0000  1.142559E-0002  2.584987E-0002  2.743947E-0003  1.353608E-0002  1.463335E-0002  1.124899E-0002  1.566259E-0002  8.634204E-0003  2.016083E-0002
  1.218315E-0002  1.142559E-0002  0.000000E+0000  2.023815E-0002  1.542965E-0002  1.514044E-0002  1.270051E-0002  6.953365E-0003  4.755873E-0003  1.090371E-0002  1.359184E-0002
  1.906414E-0002  2.584987E-0002  2.023815E-0002  0.000000E+0000  2.301417E-0002  1.553858E-0002  1.319072E-0002  3.298184E-0002  2.174589E-0002  1.470656E-0002  1.340412E-0002
  5.459620E-0003  2.743947E-0003  1.542965E-0002  2.301417E-0002  0.000000E+0000  2.357677E-0002  2.249891E-0002  8.827061E-0003  1.551845E-0002  2.107306E-0002  2.675598E-0002
  1.744178E-0002  1.353608E-0002  1.514044E-0002  1.553858E-0002  2.357677E-0002  0.000000E+0000  1.440109E-0002  1.554045E-0002  1.865285E-0002  5.403719E-0003  2.119663E-0002
  1.745668E-0002  1.463335E-0002  1.270051E-0002  1.319072E-0002  2.249891E-0002  1.440109E-0002  0.000000E+0000  1.359697E-0002  1.560856E-0002  7.185684E-0003  7.001630E-0003
  7.844028E-0003  1.124899E-0002  6.953365E-0003  3.298184E-0002  8.827061E-0003  1.554045E-0002  1.359697E-0002  0.000000E+0000  6.184444E-0003  1.501902E-0002  1.688832E-0002
  1.054743E-0002  1.566259E-0002  4.755873E-0003  2.174589E-0002  1.551845E-0002  1.865285E-0002  1.560856E-0002  6.184444E-0003  0.000000E+0000  1.569503E-0002  1.833274E-0002
  1.445804E-0002  8.634204E-0003  1.090371E-0002  1.470656E-0002  2.107306E-0002  5.403719E-0003  7.185684E-0003  1.501902E-0002  1.569503E-0002  0.000000E+0000  1.101193E-0002
  2.214669E-0002  2.016083E-0002  1.359184E-0002  1.340412E-0002  2.675598E-0002  2.119663E-0002  7.001630E-0003  1.688832E-0002  1.833274E-0002  1.101193E-0002  0.000000E+0000

  0.000000E+0000  1.277253E-0002  3.703226E-0003  1.750509E-0002  3.027974E-0002  3.180299E-0002  1.443073E-0002  7.748207E-0003  7.807464E-0003  3.570406E-0002  3.113286E-0002
  1.277253E-0002  0.000000E+0000  1.159931E-0002  5.754577E-0003  3.785600E-0002  1.025818E-0002  1.697618E-0002  2.163934E-0002  1.698623E-0002  2.301716E-0002  1.930502E-0002
  3.703226E-0003  1.159931E-0002  0.000000E+0000  1.589076E-0002  1.625020E-0002  2.701939E-0002  8.683082E-0003  1.449995E-0003  4.764056E-0003  2.592066E-0002  1.518946E-0002
  1.750509E-0002  5.754577E-0003  1.589076E-0002  0.000000E+0000  3.333530E-0002  1.421215E-0002  4.579671E-0003  2.825849E-0002  1.750217E-0002  1.798224E-0002  8.682093E-0003
  3.027974E-0002  3.785600E-0002  1.625020E-0002  3.333530E-0002  0.000000E+0000  5.307566E-0002  2.056812E-0002  2.654596E-0002  2.128663E-0002  5.517416E-0002  4.005947E-0002
  3.180299E-0002  1.025818E-0002  2.701939E-0002  1.421215E-0002  5.307566E-0002  0.000000E+0000  6.544990E-0003  2.732217E-0002  3.641954E-0002  1.281856E-0002  6.884550E-0003
  1.443073E-0002  1.697618E-0002  8.683082E-0003  4.579671E-0003  2.056812E-0002  6.544990E-0003  0.000000E+0000  2.900664E-0002  1.182345E-0002  8.979718E-0003  4.585199E-0003
  7.748207E-0003  2.163934E-0002  1.449995E-0003  2.825849E-0002  2.654596E-0002  2.732217E-0002  2.900664E-0002  0.000000E+0000  1.908264E-0002  3.919455E-0002  3.037800E-0002
  7.807464E-0003  1.698623E-0002  4.764056E-0003  1.750217E-0002  2.128663E-0002  3.641954E-0002  1.182345E-0002  1.908264E-0002  0.000000E+0000  3.558022E-0002  2.510641E-0002
  3.570406E-0002  2.301716E-0002  2.592066E-0002  1.798224E-0002  5.517416E-0002  1.281856E-0002  8.979718E-0003  3.919455E-0002  3.558022E-0002  0.000000E+0000  7.683113E-0003
  3.113286E-0002  1.930502E-0002  1.518946E-0002  8.682093E-0003  4.005947E-0002  6.884550E-0003  4.585199E-0003  3.037800E-0002  2.510641E-0002  7.683113E-0003  0.000000E+0000

  0.000000E+0000  9.786447E-0003  1.382055E-0003  2.482240E-0002  1.519686E-0002  2.513128E-0002  7.123602E-0003  9.053414E-0003  9.229968E-0003  2.560200E-0002  1.130622E-0002
  9.786447E-0003  0.000000E+0000  4.177943E-0003  7.045075E-0003  1.767109E-0002  1.638467E-0002  7.436371E-0003  1.805624E-0002  1.238852E-0002  3.484366E-0002  7.827947E-0003
  1.382055E-0003  4.177943E-0003  0.000000E+0000  9.149734E-0003  8.464141E-0003  1.123298E-0002  3.754790E-0003  3.370560E-0003  1.034859E-0002  1.315387E-0002  6.431400E-0003
  2.482240E-0002  7.045075E-0003  9.149734E-0003  0.000000E+0000  3.499949E-0002  2.258657E-0002  9.444546E-0003  2.759163E-0002  1.688654E-0002  2.838395E-0002  1.348478E-0002
  1.519686E-0002  1.767109E-0002  8.464141E-0003  3.499949E-0002  0.000000E+0000  3.461850E-0002  9.637394E-0003  2.101183E-0002  1.668587E-0002  3.632602E-0002  1.322862E-0002
  2.513128E-0002  1.638467E-0002  1.123298E-0002  2.258657E-0002  3.461850E-0002  0.000000E+0000  9.463492E-0003  2.355392E-0002  1.858342E-0002  2.124728E-0002  1.029613E-0002
  7.123602E-0003  7.436371E-0003  3.754790E-0003  9.444546E-0003  9.637394E-0003  9.463492E-0003  0.000000E+0000  1.353223E-0002  4.184253E-0003  8.325726E-0003  4.931364E-0003
  9.053414E-0003  1.805624E-0002  3.370560E-0003  2.759163E-0002  2.101183E-0002  2.355392E-0002  1.353223E-0002  0.000000E+0000  2.124188E-0002  4.904800E-0002  2.367554E-0002
  9.229968E-0003  1.238852E-0002  1.034859E-0002  1.688654E-0002  1.668587E-0002  1.858342E-0002  4.184253E-0003  2.124188E-0002  0.000000E+0000  1.636003E-0002  7.684866E-0003
  2.560200E-0002  3.484366E-0002  1.315387E-0002  2.838395E-0002  3.632602E-0002  2.124728E-0002  8.325726E-0003  4.904800E-0002  1.636003E-0002  0.000000E+0000  1.115930E-0002
  1.130622E-0002  7.827947E-0003  6.431400E-0003  1.348478E-0002  1.322862E-0002  1.029613E-0002  4.931364E-0003  2.367554E-0002  7.684866E-0003  1.115930E-0002  0.000000E+0000

  0.000000E+0000  7.093771E-0002  2.602854E-0002  3.719325E-0001  1.571062E-0001  4.088214E-0001  1.429198E-0001  8.890852E-0002  3.947135E-0002  4.212915E-0001  1.619408E-0001
  7.093771E-0002  0.000000E+0000  5.288991E-0002  1.429798E-0001  2.225204E-0001  1.839195E-0001  1.118732E-0001  1.016369E-0001  3.374425E-0002  2.290414E-0001  1.780179E-0001
  2.602854E-0002  5.288991E-0002  0.000000E+0000  1.889763E-0001  4.906496E-0002  2.572387E-0001  1.021354E-0001  6.574425E-0002  3.439784E-0002  2.780213E-0001  9.370872E-0002
  3.719325E-0001  1.429798E-0001  1.889763E-0001  0.000000E+0000  6.950072E-0001  1.855531E-0001  9.926514E-0002  4.749689E-0001  2.472563E-0001  2.929887E-0001  1.867192E-0001
  1.571062E-0001  2.225204E-0001  4.906496E-0002  6.950072E-0001  0.000000E+0000  7.649919E-0001  2.894306E-0001  3.398141E-0001  1.168129E-0001  7.506476E-0001  1.842571E-0001
  4.088214E-0001  1.839195E-0001  2.572387E-0001  1.855531E-0001  7.649919E-0001  0.000000E+0000  1.034266E-0001  4.787716E-0001  4.080721E-0001  9.952817E-0002  1.557651E-0001
  1.429198E-0001  1.118732E-0001  1.021354E-0001  9.926514E-0002  2.894306E-0001  1.034266E-0001  0.000000E+0000  1.781206E-0001  1.107037E-0001  1.120867E-0001  2.345349E-0001
  8.890852E-0002  1.016369E-0001  6.574425E-0002  4.749689E-0001  3.398141E-0001  4.787716E-0001  1.781206E-0001  0.000000E+0000  6.329343E-0002  5.029061E-0001  2.543934E-0001
  3.947135E-0002  3.374425E-0002  3.439784E-0002  2.472563E-0001  1.168129E-0001  4.080721E-0001  1.107037E-0001  6.329343E-0002  0.000000E+0000  4.524585E-0001  1.536448E-0001
  4.212915E-0001  2.290414E-0001  2.780213E-0001  2.929887E-0001  7.506476E-0001  9.952817E-0002  1.120867E-0001  5.029061E-0001  4.524585E-0001  0.000000E+0000  1.746554E-0001
  1.619408E-0001  1.780179E-0001  9.370872E-0002  1.867192E-0001  1.842571E-0001  1.557651E-0001  2.345349E-0001  2.543934E-0001  1.536448E-0001  1.746554E-0001  0.000000E+0000

  0.000000E+0000  1.774332E-0002  4.736149E-0003  7.018263E-0002  2.608946E-0002  6.221795E-0002  9.919295E-0003  9.133036E-0003  1.049008E-0002  6.551809E-0002  2.285964E-0002
  1.774332E-0002  0.000000E+0000  7.521521E-0003  1.506353E-0002  3.555765E-0002  2.789181E-0002  1.430790E-0002  2.513978E-0002  1.421304E-0002  5.270332E-0002  2.343433E-0002
  4.736149E-0003  7.521521E-0003  0.000000E+0000  3.511827E-0002  2.141454E-0002  4.477025E-0002  3.335748E-0003  6.260238E-0003  1.390899E-0002  5.193429E-0002  1.233192E-0002
  7.018263E-0002  1.506353E-0002  3.511827E-0002  0.000000E+0000  1.032115E-0001  5.973276E-0002  1.051482E-0002  6.424131E-0002  3.365069E-0002  7.629962E-0002  1.294020E-0002
  2.608946E-0002  3.555765E-0002  2.141454E-0002  1.032115E-0001  0.000000E+0000  9.338689E-0002  1.309430E-0002  4.839057E-0002  2.764677E-0002  9.971846E-0002  2.239187E-0002
  6.221795E-0002  2.789181E-0002  4.477025E-0002  5.973276E-0002  9.338689E-0002  0.000000E+0000  1.519727E-0002  6.658521E-0002  3.820544E-0002  2.442733E-0002  1.290857E-0002
  9.919295E-0003  1.430790E-0002  3.335748E-0003  1.051482E-0002  1.309430E-0002  1.519727E-0002  0.000000E+0000  1.730549E-0002  6.230381E-0003  2.529673E-0002  1.798145E-0002
  9.133036E-0003  2.513978E-0002  6.260238E-0003  6.424131E-0002  4.839057E-0002  6.658521E-0002  1.730549E-0002  0.000000E+0000  3.171697E-0002  8.959477E-0002  4.388441E-0002
  1.049008E-0002  1.421304E-0002  1.390899E-0002  3.365069E-0002  2.764677E-0002  3.820544E-0002  6.230381E-0003  3.171697E-0002  0.000000E+0000  5.234481E-0002  1.548600E-0002
  6.551809E-0002  5.270332E-0002  5.193429E-0002  7.629962E-0002  9.971846E-0002  2.442733E-0002  2.529673E-0002  8.959477E-0002  5.234481E-0002  0.000000E+0000  1.829169E-0002
  2.285964E-0002  2.343433E-0002  1.233192E-0002  1.294020E-0002  2.239187E-0002  1.290857E-0002  1.798145E-0002  4.388441E-0002  1.548600E-0002  1.829169E-0002  0.000000E+0000

  0.000000E+0000  7.983901E-0003  6.087562E-0004  6.671557E-0003  1.450409E-0002  1.151997E-0002  6.015433E-0003  3.422547E-0003  7.383283E-0003  1.499862E-0002  1.117446E-0002
  7.983901E-0003  0.000000E+0000  4.600376E-0003  4.088277E-0003  1.020440E-0002  1.028976E-0002  2.937802E-0003  1.367780E-0002  9.060423E-0003  1.152108E-0002  6.091991E-0003
  6.087562E-0004  4.600376E-0003  0.000000E+0000  4.949558E-0003  8.534696E-0003  8.448256E-0003  2.236393E-0003  7.456566E-0004  4.592993E-0003  1.018924E-0002  5.412244E-0003
  6.671557E-0003  4.088277E-0003  4.949558E-0003  0.000000E+0000  1.008851E-0002  1.100442E-0002  3.212468E-0003  8.967128E-0003  9.323979E-0003  1.181141E-0002  5.537706E-0003
  1.450409E-0002  1.020440E-0002  8.534696E-0003  1.008851E-0002  0.000000E+0000  1.520097E-0002  4.744522E-0003  2.364172E-0002  9.343307E-0003  1.860459E-0002  1.108320E-0002
  1.151997E-0002  1.028976E-0002  8.448256E-0003  1.100442E-0002  1.520097E-0002  0.000000E+0000  2.457706E-0003  1.519219E-0002  8.840770E-0003  2.862366E-0003  3.913892E-0003
  6.015433E-0003  2.937802E-0003  2.236393E-0003  3.212468E-0003  4.744522E-0003  2.457706E-0003  0.000000E+0000  5.356453E-0003  3.422144E-0003  3.857176E-0003  4.604364E-0003
  3.422547E-0003  1.367780E-0002  7.456566E-0004  8.967128E-0003  2.364172E-0002  1.519219E-0002  5.356453E-0003  0.000000E+0000  1.394694E-0002  2.169303E-0002  1.768717E-0002
  7.383283E-0003  9.060423E-0003  4.592993E-0003  9.323979E-0003  9.343307E-0003  8.840770E-0003  3.422144E-0003  1.394694E-0002  0.000000E+0000  9.858982E-0003  5.479803E-0003
  1.499862E-0002  1.152108E-0002  1.018924E-0002  1.181141E-0002  1.860459E-0002  2.862366E-0003  3.857176E-0003  2.169303E-0002  9.858982E-0003  0.000000E+0000  6.696263E-0003
  1.117446E-0002  6.091991E-0003  5.412244E-0003  5.537706E-0003  1.108320E-0002  3.913892E-0003  4.604364E-0003  1.768717E-0002  5.479803E-0003  6.696263E-0003  0.000000E+0000
