6661999 = Ignore first line (new format code)
File name: E:\Folders\PhD\ISAD\ISAD_Curry_data\ISAD_EEGs\eLORETA\EEGs_128Hz_200sec-window\Clinical_v_Healthy\T1_clinical_all\F62-ROIlinLagConn-crss.txt
1 = Number of time frames in Time X Frequency decomposition
3 = Number of EEG files
11 = Number Electrodes
25600 = Number of time frames in EEG files
32768 = Number of time frames in EEG files power of 2
7 = Number of matrices
5 = Band type (1=Classical1; 2=Classical2; 3=DiscreteFreqs; 4=AllDiscreteFreqs; 5=UserDefinedBands)
 1.280000E+0002 = Sampling rate Hz
-1.000000E+0002 = Freq1 Hz
-1.000000E+0002 = Freq2 Hz
 3.906250E-0003 = Frequency resolution Hz

  0.000000E+0000  3.531170E-0002  2.694166E-0003  8.590516E-0002  5.401311E-0003  9.071204E-0002  4.368228E-0002  2.756824E-0002  1.521392E-0002  9.090465E-0002  7.315206E-0002
  3.531170E-0002  0.000000E+0000  6.788807E-0004  5.874554E-0003  2.822150E-0002  6.655115E-0003  7.008825E-0003  2.275180E-0002  9.413674E-0004  5.889378E-0003  7.365172E-0003
  2.694166E-0003  6.788807E-0004  0.000000E+0000  5.231612E-0003  1.189511E-0003  4.872006E-0003  1.949743E-0003  2.438907E-0003  6.628060E-0004  5.612761E-0003  4.915962E-0003
  8.590516E-0002  5.874554E-0003  5.231612E-0003  0.000000E+0000  7.785795E-0002  3.525516E-0002  2.170954E-0002  3.856162E-0002  1.392126E-0002  3.702839E-0002  1.588529E-0002
  5.401311E-0003  2.822150E-0002  1.189511E-0003  7.785795E-0002  0.000000E+0000  7.477788E-0002  2.695301E-0002  3.398141E-0002  7.612530E-0003  8.225559E-0002  5.196171E-0002
  9.071204E-0002  6.655115E-0003  4.872006E-0003  3.525516E-0002  7.477788E-0002  0.000000E+0000  1.848856E-0002  6.639415E-0002  1.091913E-0002  5.342275E-0002  2.348394E-0002
  4.368228E-0002  7.008825E-0003  1.949743E-0003  2.170954E-0002  2.695301E-0002  1.848856E-0002  0.000000E+0000  2.351023E-0002  1.000854E-0002  2.675603E-0002  2.219758E-0002
  2.756824E-0002  2.275180E-0002  2.438907E-0003  3.856162E-0002  3.398141E-0002  6.639415E-0002  2.351023E-0002  0.000000E+0000  1.024740E-0002  5.716889E-0002  4.864578E-0002
  1.521392E-0002  9.413674E-0004  6.628060E-0004  1.392126E-0002  7.612530E-0003  1.091913E-0002  1.000854E-0002  1.024740E-0002  0.000000E+0000  2.594141E-0002  2.974266E-0002
  9.090465E-0002  5.889378E-0003  5.612761E-0003  3.702839E-0002  8.225559E-0002  5.342275E-0002  2.675603E-0002  5.716889E-0002  2.594141E-0002  0.000000E+0000  4.436872E-0002
  7.315206E-0002  7.365172E-0003  4.915962E-0003  1.588529E-0002  5.196171E-0002  2.348394E-0002  2.219758E-0002  4.864578E-0002  2.974266E-0002  4.436872E-0002  0.000000E+0000

  0.000000E+0000  2.698354E-0003  5.156308E-0004  1.167780E-0002  2.837637E-0003  1.893996E-0002  6.023387E-0003  5.109921E-0003  3.404963E-0003  1.475672E-0002  1.091818E-0002
  2.698354E-0003  0.000000E+0000  7.991001E-0004  3.263288E-0003  9.384815E-0004  7.323849E-0003  3.582432E-0003  5.502910E-0003  4.444775E-0003  4.601253E-0003  3.712090E-0003
  5.156308E-0004  7.991001E-0004  0.000000E+0000  2.102447E-0003  4.788561E-0004  2.745951E-0003  9.361756E-0004  1.117981E-0003  5.629118E-0004  1.920240E-0003  2.560839E-0003
  1.167780E-0002  3.263288E-0003  2.102447E-0003  0.000000E+0000  1.192508E-0002  1.825916E-0002  5.070854E-0003  2.461311E-0002  2.213537E-0002  1.243212E-0002  2.020019E-0002
  2.837637E-0003  9.384815E-0004  4.788561E-0004  1.192508E-0002  0.000000E+0000  1.295085E-0002  1.340746E-0002  7.752552E-0003  3.537700E-0003  1.088395E-0002  1.541974E-0002
  1.893996E-0002  7.323849E-0003  2.745951E-0003  1.825916E-0002  1.295085E-0002  0.000000E+0000  4.261360E-0003  4.222615E-0002  3.509047E-0002  2.668643E-0002  2.003447E-0002
  6.023387E-0003  3.582432E-0003  9.361756E-0004  5.070854E-0003  1.340746E-0002  4.261360E-0003  0.000000E+0000  9.300495E-0003  8.582630E-0003  8.518378E-0003  9.094430E-0003
  5.109921E-0003  5.502910E-0003  1.117981E-0003  2.461311E-0002  7.752552E-0003  4.222615E-0002  9.300495E-0003  0.000000E+0000  1.627573E-0002  3.228025E-0002  2.264436E-0002
  3.404963E-0003  4.444775E-0003  5.629118E-0004  2.213537E-0002  3.537700E-0003  3.509047E-0002  8.582630E-0003  1.627573E-0002  0.000000E+0000  2.793115E-0002  2.050679E-0002
  1.475672E-0002  4.601253E-0003  1.920240E-0003  1.243212E-0002  1.088395E-0002  2.668643E-0002  8.518378E-0003  3.228025E-0002  2.793115E-0002  0.000000E+0000  2.078884E-0002
  1.091818E-0002  3.712090E-0003  2.560839E-0003  2.020019E-0002  1.541974E-0002  2.003447E-0002  9.094430E-0003  2.264436E-0002  2.050679E-0002  2.078884E-0002  0.000000E+0000

  0.000000E+0000  1.749165E-0003  5.229494E-0004  6.128746E-0003  6.842407E-0003  5.965447E-0003  4.462865E-0003  4.403340E-0003  3.464325E-0003  5.398046E-0003  6.466824E-0003
  1.749165E-0003  0.000000E+0000  1.173421E-0004  1.431690E-0003  4.579695E-0003  1.509456E-0003  3.002200E-0003  1.270008E-0003  1.125914E-0003  1.434480E-0003  3.993547E-0003
  5.229494E-0004  1.173421E-0004  0.000000E+0000  1.151978E-0003  1.533971E-0003  6.960032E-0004  4.702667E-0004  1.254627E-0003  2.767988E-0004  8.716537E-0004  5.990192E-0004
  6.128746E-0003  1.431690E-0003  1.151978E-0003  0.000000E+0000  3.715887E-0003  1.387190E-0002  7.594763E-0003  5.946549E-0003  7.257697E-0003  1.997525E-0002  7.469655E-0003
  6.842407E-0003  4.579695E-0003  1.533971E-0003  3.715887E-0003  0.000000E+0000  4.564239E-0003  7.421927E-0003  1.126518E-0002  6.967292E-0003  3.930745E-0003  8.622645E-0003
  5.965447E-0003  1.509456E-0003  6.960032E-0004  1.387190E-0002  4.564239E-0003  0.000000E+0000  1.146297E-0002  8.447407E-0003  7.375062E-0003  1.183408E-0002  1.657929E-0002
  4.462865E-0003  3.002200E-0003  4.702667E-0004  7.594763E-0003  7.421927E-0003  1.146297E-0002  0.000000E+0000  2.489555E-0003  1.704026E-0003  1.005297E-0002  7.567248E-0003
  4.403340E-0003  1.270008E-0003  1.254627E-0003  5.946549E-0003  1.126518E-0002  8.447407E-0003  2.489555E-0003  0.000000E+0000  2.948647E-0003  7.225342E-0003  3.582222E-0003
  3.464325E-0003  1.125914E-0003  2.767988E-0004  7.257697E-0003  6.967292E-0003  7.375062E-0003  1.704026E-0003  2.948647E-0003  0.000000E+0000  7.106296E-0003  3.279764E-0003
  5.398046E-0003  1.434480E-0003  8.716537E-0004  1.997525E-0002  3.930745E-0003  1.183408E-0002  1.005297E-0002  7.225342E-0003  7.106296E-0003  0.000000E+0000  1.496093E-0002
  6.466824E-0003  3.993547E-0003  5.990192E-0004  7.469655E-0003  8.622645E-0003  1.657929E-0002  7.567248E-0003  3.582222E-0003  3.279764E-0003  1.496093E-0002  0.000000E+0000

  0.000000E+0000  1.694594E-0003  4.493118E-0004  1.185900E-0002  3.678516E-0003  1.360555E-0002  3.611691E-0003  2.839287E-0003  3.379404E-0003  1.276940E-0002  1.052477E-0002
  1.694594E-0003  0.000000E+0000  2.121936E-0004  1.524603E-0003  4.110533E-0003  1.713334E-0003  8.689097E-0004  2.623768E-0003  1.963845E-0003  1.291668E-0003  9.845048E-0004
  4.493118E-0004  2.121936E-0004  0.000000E+0000  2.647858E-0003  3.515451E-0004  3.102930E-0003  1.015038E-0003  4.997985E-0004  2.233397E-0004  2.793401E-0003  2.143820E-0003
  1.185900E-0002  1.524603E-0003  2.647858E-0003  0.000000E+0000  9.892480E-0003  9.806039E-0003  9.293423E-0003  1.432035E-0002  1.389260E-0002  1.636679E-0002  1.562971E-0002
  3.678516E-0003  4.110533E-0003  3.515451E-0004  9.892480E-0003  0.000000E+0000  1.069726E-0002  3.223123E-0003  2.724349E-0003  1.507680E-0003  1.022972E-0002  9.346730E-0003
  1.360555E-0002  1.713334E-0003  3.102930E-0003  9.806039E-0003  1.069726E-0002  0.000000E+0000  1.107243E-0002  1.317924E-0002  1.686853E-0002  1.034748E-0002  1.843430E-0002
  3.611691E-0003  8.689097E-0004  1.015038E-0003  9.293423E-0003  3.223123E-0003  1.107243E-0002  0.000000E+0000  6.161646E-0003  5.815536E-0003  1.013418E-0002  8.634170E-0003
  2.839287E-0003  2.623768E-0003  4.997985E-0004  1.432035E-0002  2.724349E-0003  1.317924E-0002  6.161646E-0003  0.000000E+0000  2.642394E-0003  1.396144E-0002  1.164038E-0002
  3.379404E-0003  1.963845E-0003  2.233397E-0004  1.389260E-0002  1.507680E-0003  1.686853E-0002  5.815536E-0003  2.642394E-0003  0.000000E+0000  1.572705E-0002  1.434011E-0002
  1.276940E-0002  1.291668E-0003  2.793401E-0003  1.636679E-0002  1.022972E-0002  1.034748E-0002  1.013418E-0002  1.396144E-0002  1.572705E-0002  0.000000E+0000  2.021538E-0002
  1.052477E-0002  9.845048E-0004  2.143820E-0003  1.562971E-0002  9.346730E-0003  1.843430E-0002  8.634170E-0003  1.164038E-0002  1.434011E-0002  2.021538E-0002  0.000000E+0000

  0.000000E+0000  1.953712E-0002  1.558585E-0002  1.240427E-0001  1.056584E-0001  1.706211E-0001  1.548457E-0001  3.971582E-0002  6.163024E-0002  8.624167E-0002  1.606763E-0001
  1.953712E-0002  0.000000E+0000  8.098661E-0003  4.629618E-0002  2.827910E-0002  6.833899E-0002  5.902199E-0002  1.701387E-0002  2.473203E-0002  3.165154E-0002  5.827248E-0002
  1.558585E-0002  8.098661E-0003  0.000000E+0000  9.897883E-0003  2.730973E-0002  2.108314E-0002  2.108696E-0002  6.456176E-0003  7.551389E-0003  6.477363E-0003  1.896630E-0002
  1.240427E-0001  4.629618E-0002  9.897883E-0003  0.000000E+0000  1.645821E-0001  7.390715E-0002  7.688083E-0002  7.168356E-0002  1.009749E-0001  2.046607E-0001  8.478642E-0002
  1.056584E-0001  2.827910E-0002  2.730973E-0002  1.645821E-0001  0.000000E+0000  2.056239E-0001  1.663623E-0001  1.055786E-0001  1.078941E-0001  1.362117E-0001  1.612143E-0001
  1.706211E-0001  6.833899E-0002  2.108314E-0002  7.390715E-0002  2.056239E-0001  0.000000E+0000  9.878497E-0002  1.481203E-0001  1.848323E-0001  1.927124E-0001  1.104421E-0001
  1.548457E-0001  5.902199E-0002  2.108696E-0002  7.688083E-0002  1.663623E-0001  9.878497E-0002  0.000000E+0000  1.518266E-0001  1.712113E-0001  1.671218E-0001  7.641839E-0002
  3.971582E-0002  1.701387E-0002  6.456176E-0003  7.168356E-0002  1.055786E-0001  1.481203E-0001  1.518266E-0001  0.000000E+0000  2.991486E-0002  8.500276E-0002  1.452676E-0001
  6.163024E-0002  2.473203E-0002  7.551389E-0003  1.009749E-0001  1.078941E-0001  1.848323E-0001  1.712113E-0001  2.991486E-0002  0.000000E+0000  8.631554E-0002  1.629672E-0001
  8.624167E-0002  3.165154E-0002  6.477363E-0003  2.046607E-0001  1.362117E-0001  1.927124E-0001  1.671218E-0001  8.500276E-0002  8.631554E-0002  0.000000E+0000  1.911608E-0001
  1.606763E-0001  5.827248E-0002  1.896630E-0002  8.478642E-0002  1.612143E-0001  1.104421E-0001  7.641839E-0002  1.452676E-0001  1.629672E-0001  1.911608E-0001  0.000000E+0000

  0.000000E+0000  4.634240E-0004  3.404435E-0004  1.488475E-0003  1.344310E-0003  1.605986E-0003  1.542443E-0003  2.587512E-0003  1.943522E-0003  3.151905E-0003  2.086637E-0003
  4.634240E-0004  0.000000E+0000  4.661871E-0005  4.110918E-0004  2.932897E-0004  8.505335E-0004  6.196473E-0004  5.190797E-0004  5.025555E-0004  4.863903E-0004  7.938690E-0004
  3.404435E-0004  4.661871E-0005  0.000000E+0000  4.900461E-0005  1.168539E-0004  1.848569E-0004  1.164964E-0004  5.173063E-0004  4.021865E-0004  1.695117E-0004  7.254568E-0005
  1.488475E-0003  4.110918E-0004  4.900461E-0005  0.000000E+0000  5.784081E-0004  5.391815E-0003  1.188284E-0003  3.428741E-0003  4.305363E-0003  8.393260E-0003  1.402199E-0003
  1.344310E-0003  2.932897E-0004  1.168539E-0004  5.784081E-0004  0.000000E+0000  1.013571E-0003  1.016050E-0003  1.999326E-0003  8.873627E-0004  1.021360E-0003  1.279587E-0003
  1.605986E-0003  8.505335E-0004  1.848569E-0004  5.391815E-0003  1.013571E-0003  0.000000E+0000  2.299296E-0003  5.457022E-0003  5.184123E-0003  9.475553E-0003  7.397154E-0003
  1.542443E-0003  6.196473E-0004  1.164964E-0004  1.188284E-0003  1.016050E-0003  2.299296E-0003  0.000000E+0000  4.688854E-0003  4.223828E-0003  3.718504E-0003  3.358966E-0003
  2.587512E-0003  5.190797E-0004  5.173063E-0004  3.428741E-0003  1.999326E-0003  5.457022E-0003  4.688854E-0003  0.000000E+0000  3.215043E-0003  7.173893E-0003  5.233676E-0003
  1.943522E-0003  5.025555E-0004  4.021865E-0004  4.305363E-0003  8.873627E-0004  5.184123E-0003  4.223828E-0003  3.215043E-0003  0.000000E+0000  7.364572E-0003  4.967576E-0003
  3.151905E-0003  4.863903E-0004  1.695117E-0004  8.393260E-0003  1.021360E-0003  9.475553E-0003  3.718504E-0003  7.173893E-0003  7.364572E-0003  0.000000E+0000  7.401660E-0003
  2.086637E-0003  7.938690E-0004  7.254568E-0005  1.402199E-0003  1.279587E-0003  7.397154E-0003  3.358966E-0003  5.233676E-0003  4.967576E-0003  7.401660E-0003  0.000000E+0000

  0.000000E+0000  3.126248E-0004  1.730509E-0004  8.307556E-0004  8.334405E-0004  9.622846E-0004  7.788686E-0004  1.578762E-0003  1.137309E-0003  7.936390E-0004  1.192522E-0003
  3.126248E-0004  0.000000E+0000  2.108863E-0005  1.953927E-0004  5.513845E-0004  2.513271E-0004  1.958520E-0004  5.014623E-0004  2.263045E-0004  1.776442E-0004  2.580251E-0004
  1.730509E-0004  2.108863E-0005  0.000000E+0000  1.675845E-0005  7.393630E-0005  4.728776E-0005  4.126867E-0005  2.857428E-0004  1.891213E-0004  1.584508E-0005  2.434387E-0005
  8.307556E-0004  1.953927E-0004  1.675845E-0005  0.000000E+0000  2.012173E-0004  5.553034E-0004  5.393628E-0005  1.621544E-0003  1.397741E-0003  1.855918E-0004  3.590746E-0005
  8.334405E-0004  5.513845E-0004  7.393630E-0005  2.012173E-0004  0.000000E+0000  3.074511E-0004  2.712909E-0004  1.276757E-0003  2.639005E-0004  2.111969E-0004  4.161138E-0004
  9.622846E-0004  2.513271E-0004  4.728776E-0005  5.553034E-0004  3.074511E-0004  0.000000E+0000  8.236589E-0005  1.998744E-0003  1.721983E-0003  7.833870E-0004  5.938132E-0004
  7.788686E-0004  1.958520E-0004  4.126867E-0005  5.393628E-0005  2.712909E-0004  8.236589E-0005  0.000000E+0000  1.450273E-0003  1.336627E-0003  1.055634E-0004  2.725563E-0004
  1.578762E-0003  5.014623E-0004  2.857428E-0004  1.621544E-0003  1.276757E-0003  1.998744E-0003  1.450273E-0003  0.000000E+0000  1.173394E-0003  1.620384E-0003  2.481723E-0003
  1.137309E-0003  2.263045E-0004  1.891213E-0004  1.397741E-0003  2.639005E-0004  1.721983E-0003  1.336627E-0003  1.173394E-0003  0.000000E+0000  1.172122E-0003  2.150177E-0003
  7.936390E-0004  1.776442E-0004  1.584508E-0005  1.855918E-0004  2.111969E-0004  7.833870E-0004  1.055634E-0004  1.620384E-0003  1.172122E-0003  0.000000E+0000  2.443274E-0004
  1.192522E-0003  2.580251E-0004  2.434387E-0005  3.590746E-0005  4.161138E-0004  5.938132E-0004  2.725563E-0004  2.481723E-0003  2.150177E-0003  2.443274E-0004  0.000000E+0000
