6661999 = Ignore first line (new format code)
File name: E:\Folders\PhD\ISAD\ISAD_Curry_data\ISAD_EEGs\eLORETA\EEGs_128Hz_200sec-window\Clinical_v_Healthy\T1_clinical_all\F64-ROIlinLagConn-crss.txt
1 = Number of time frames in Time X Frequency decomposition
3 = Number of EEG files
11 = Number Electrodes
25600 = Number of time frames in EEG files
32768 = Number of time frames in EEG files power of 2
7 = Number of matrices
5 = Band type (1=Classical1; 2=Classical2; 3=DiscreteFreqs; 4=AllDiscreteFreqs; 5=UserDefinedBands)
 1.280000E+0002 = Sampling rate Hz
-1.000000E+0002 = Freq1 Hz
-1.000000E+0002 = Freq2 Hz
 3.906250E-0003 = Frequency resolution Hz

  0.000000E+0000  4.436750E-0002  3.332141E-0002  4.877608E-0002  2.558408E-0002  4.904105E-0002  2.165685E-0002  4.976415E-0002  4.757470E-0002  4.981180E-0002  4.811238E-0002
  4.436750E-0002  0.000000E+0000  2.702555E-0002  2.648876E-0002  4.190210E-0002  3.301497E-0002  7.682160E-0003  2.758457E-0002  4.196937E-0002  3.354425E-0002  3.653470E-0002
  3.332141E-0002  2.702555E-0002  0.000000E+0000  2.551804E-0002  2.800489E-0002  2.951349E-0002  9.534906E-0003  3.007139E-0002  3.099405E-0002  2.925651E-0002  2.569113E-0002
  4.877608E-0002  2.648876E-0002  2.551804E-0002  0.000000E+0000  4.544519E-0002  3.675939E-0002  6.265375E-0003  3.885937E-0002  4.455298E-0002  3.103253E-0002  3.513904E-0002
  2.558408E-0002  4.190210E-0002  2.800489E-0002  4.544519E-0002  0.000000E+0000  4.618201E-0002  1.797462E-0002  4.697543E-0002  3.943355E-0002  4.692980E-0002  4.491472E-0002
  4.904105E-0002  3.301497E-0002  2.951349E-0002  3.675939E-0002  4.618201E-0002  0.000000E+0000  8.984734E-0003  4.237905E-0002  4.721560E-0002  4.049833E-0002  4.028437E-0002
  2.165685E-0002  7.682160E-0003  9.534906E-0003  6.265375E-0003  1.797462E-0002  8.984734E-0003  0.000000E+0000  7.653758E-0003  1.978864E-0002  6.681705E-0003  9.779166E-0003
  4.976415E-0002  2.758457E-0002  3.007139E-0002  3.885937E-0002  4.697543E-0002  4.237905E-0002  7.653758E-0003  0.000000E+0000  4.891336E-0002  4.186157E-0002  4.113434E-0002
  4.757470E-0002  4.196937E-0002  3.099405E-0002  4.455298E-0002  3.943355E-0002  4.721560E-0002  1.978864E-0002  4.891336E-0002  0.000000E+0000  4.860058E-0002  4.347713E-0002
  4.981180E-0002  3.354425E-0002  2.925651E-0002  3.103253E-0002  4.692980E-0002  4.049833E-0002  6.681705E-0003  4.186157E-0002  4.860058E-0002  0.000000E+0000  4.010941E-0002
  4.811238E-0002  3.653470E-0002  2.569113E-0002  3.513904E-0002  4.491472E-0002  4.028437E-0002  9.779166E-0003  4.113434E-0002  4.347713E-0002  4.010941E-0002  0.000000E+0000

  0.000000E+0000  1.443385E-0003  9.170446E-0004  1.667002E-0003  6.357217E-0004  1.674415E-0003  5.172640E-0004  1.707946E-0003  1.630157E-0003  1.713712E-0003  1.632495E-0003
  1.443385E-0003  0.000000E+0000  9.056136E-0004  1.124969E-0003  1.372168E-0003  1.336400E-0003  2.695886E-0004  1.142342E-0003  1.544872E-0003  1.332869E-0003  1.273564E-0003
  9.170446E-0004  9.056136E-0004  0.000000E+0000  1.143940E-0003  8.549830E-0004  1.095617E-0003  3.464306E-0004  1.079638E-0003  8.857776E-0004  1.111422E-0003  1.119725E-0003
  1.667002E-0003  1.124969E-0003  1.143940E-0003  0.000000E+0000  1.608460E-0003  1.375074E-0003  3.752715E-0004  1.408535E-0003  1.625509E-0003  1.220309E-0003  1.406868E-0003
  6.357217E-0004  1.372168E-0003  8.549830E-0004  1.608460E-0003  0.000000E+0000  1.601608E-0003  4.982895E-0004  1.617302E-0003  1.445236E-0003  1.636625E-0003  1.574574E-0003
  1.674415E-0003  1.336400E-0003  1.095617E-0003  1.375074E-0003  1.601608E-0003  0.000000E+0000  3.714387E-0004  1.509237E-0003  1.673686E-0003  1.462194E-0003  1.427610E-0003
  5.172640E-0004  2.695886E-0004  3.464306E-0004  3.752715E-0004  4.982895E-0004  3.714387E-0004  0.000000E+0000  3.696625E-0004  4.641486E-0004  3.489197E-0004  3.929339E-0004
  1.707946E-0003  1.142342E-0003  1.079638E-0003  1.408535E-0003  1.617302E-0003  1.509237E-0003  3.696625E-0004  0.000000E+0000  1.706457E-0003  1.486541E-0003  1.433971E-0003
  1.630157E-0003  1.544872E-0003  8.857776E-0004  1.625509E-0003  1.445236E-0003  1.673686E-0003  4.641486E-0004  1.706457E-0003  0.000000E+0000  1.704553E-0003  1.597267E-0003
  1.713712E-0003  1.332869E-0003  1.111422E-0003  1.220309E-0003  1.636625E-0003  1.462194E-0003  3.489197E-0004  1.486541E-0003  1.704553E-0003  0.000000E+0000  1.452648E-0003
  1.632495E-0003  1.273564E-0003  1.119725E-0003  1.406868E-0003  1.574574E-0003  1.427610E-0003  3.929339E-0004  1.433971E-0003  1.597267E-0003  1.452648E-0003  0.000000E+0000

  0.000000E+0000  5.560475E-0004  3.484057E-0004  6.553243E-0004  2.372454E-0004  6.590260E-0004  1.885789E-0004  6.746639E-0004  6.364458E-0004  6.770932E-0004  6.405247E-0004
  5.560475E-0004  0.000000E+0000  3.772808E-0004  4.723027E-0004  5.338647E-0004  5.369991E-0004  1.244828E-0004  4.741659E-0004  5.949218E-0004  5.340826E-0004  5.055596E-0004
  3.484057E-0004  3.772808E-0004  0.000000E+0000  4.704360E-0004  3.119172E-0004  4.657721E-0004  1.242258E-0004  4.515819E-0004  3.470262E-0004  4.751360E-0004  4.624139E-0004
  6.553243E-0004  4.723027E-0004  4.704360E-0004  0.000000E+0000  6.351027E-0004  5.654248E-0004  1.660530E-0004  5.800825E-0004  6.347523E-0004  5.142546E-0004  5.630866E-0004
  2.372454E-0004  5.338647E-0004  3.119172E-0004  6.351027E-0004  0.000000E+0000  6.360686E-0004  1.759999E-0004  6.456781E-0004  5.470838E-0004  6.527290E-0004  6.209499E-0004
  6.590260E-0004  5.369991E-0004  4.657721E-0004  5.654248E-0004  6.360686E-0004  0.000000E+0000  1.429398E-0004  6.120846E-0004  6.585135E-0004  5.918827E-0004  5.799812E-0004
  1.885789E-0004  1.244828E-0004  1.242258E-0004  1.660530E-0004  1.759999E-0004  1.429398E-0004  0.000000E+0000  1.552879E-0004  1.816039E-0004  1.370810E-0004  1.609140E-0004
  6.746639E-0004  4.741659E-0004  4.515819E-0004  5.800825E-0004  6.456781E-0004  6.120846E-0004  1.552879E-0004  0.000000E+0000  6.751066E-0004  6.044090E-0004  5.859227E-0004
  6.364458E-0004  5.949218E-0004  3.470262E-0004  6.347523E-0004  5.470838E-0004  6.585135E-0004  1.816039E-0004  6.751066E-0004  0.000000E+0000  6.740671E-0004  6.215775E-0004
  6.770932E-0004  5.340826E-0004  4.751360E-0004  5.142546E-0004  6.527290E-0004  5.918827E-0004  1.370810E-0004  6.044090E-0004  6.740671E-0004  0.000000E+0000  5.932156E-0004
  6.405247E-0004  5.055596E-0004  4.624139E-0004  5.630866E-0004  6.209499E-0004  5.799812E-0004  1.609140E-0004  5.859227E-0004  6.215775E-0004  5.932156E-0004  0.000000E+0000

  0.000000E+0000  3.146956E-0003  1.903484E-0003  3.811643E-0003  1.267622E-0003  3.842559E-0003  1.000710E-0003  3.955224E-0003  3.666698E-0003  3.967919E-0003  3.703638E-0003
  3.146956E-0003  0.000000E+0000  2.237747E-0003  2.832318E-0003  3.040357E-0003  3.128660E-0003  7.957438E-0004  2.825224E-0003  3.371596E-0003  3.106918E-0003  2.917450E-0003
  1.903484E-0003  2.237747E-0003  0.000000E+0000  2.763537E-0003  1.642242E-0003  2.839791E-0003  6.320985E-0004  2.779358E-0003  1.948014E-0003  2.915940E-0003  2.719791E-0003
  3.811643E-0003  2.832318E-0003  2.763537E-0003  0.000000E+0000  3.698575E-0003  3.382909E-0003  9.988447E-0004  3.482675E-0003  3.658490E-0003  3.126819E-0003  3.280062E-0003
  1.267622E-0003  3.040357E-0003  1.642242E-0003  3.698575E-0003  0.000000E+0000  3.729193E-0003  8.957686E-0004  3.810212E-0003  3.034520E-0003  3.847301E-0003  3.597524E-0003
  3.842559E-0003  3.128660E-0003  2.839791E-0003  3.382909E-0003  3.729193E-0003  0.000000E+0000  9.084082E-0004  3.646192E-0003  3.837424E-0003  3.536733E-0003  3.445780E-0003
  1.000710E-0003  7.957438E-0004  6.320985E-0004  9.988447E-0004  8.957686E-0004  9.084082E-0004  0.000000E+0000  8.879762E-0004  1.004547E-0003  9.157138E-0004  9.832511E-0004
  3.955224E-0003  2.825224E-0003  2.779358E-0003  3.482675E-0003  3.810212E-0003  3.646192E-0003  8.879762E-0004  0.000000E+0000  3.962186E-0003  3.606991E-0003  3.507340E-0003
  3.666698E-0003  3.371596E-0003  1.948014E-0003  3.658490E-0003  3.034520E-0003  3.837424E-0003  1.004547E-0003  3.962186E-0003  0.000000E+0000  3.952835E-0003  3.556464E-0003
  3.967919E-0003  3.106918E-0003  2.915940E-0003  3.126819E-0003  3.847301E-0003  3.536733E-0003  9.157138E-0004  3.606991E-0003  3.952835E-0003  0.000000E+0000  3.546601E-0003
  3.703638E-0003  2.917450E-0003  2.719791E-0003  3.280062E-0003  3.597524E-0003  3.445780E-0003  9.832511E-0004  3.507340E-0003  3.556464E-0003  3.546601E-0003  0.000000E+0000

  0.000000E+0000  1.519899E-0002  1.140555E-0002  1.655138E-0002  8.818876E-0003  1.661519E-0002  7.447507E-0003  1.682765E-0002  1.622960E-0002  1.684779E-0002  1.634892E-0002
  1.519899E-0002  0.000000E+0000  9.006036E-0003  9.048916E-0003  1.430256E-0002  1.142883E-0002  2.487398E-0003  9.473316E-0003  1.460296E-0002  1.160319E-0002  1.247232E-0002
  1.140555E-0002  9.006036E-0003  0.000000E+0000  8.903742E-0003  1.002658E-0002  9.705185E-0003  3.554141E-0003  9.915461E-0003  1.044160E-0002  9.787189E-0003  8.921246E-0003
  1.655138E-0002  9.048916E-0003  8.903742E-0003  0.000000E+0000  1.548300E-0002  1.242538E-0002  2.233518E-0003  1.305733E-0002  1.533976E-0002  1.047949E-0002  1.216122E-0002
  8.818876E-0003  1.430256E-0002  1.002658E-0002  1.548300E-0002  0.000000E+0000  1.562770E-0002  6.599317E-0003  1.582707E-0002  1.387897E-0002  1.584809E-0002  1.531115E-0002
  1.661519E-0002  1.142883E-0002  9.705185E-0003  1.242538E-0002  1.562770E-0002  0.000000E+0000  2.860723E-0003  1.426688E-0002  1.609886E-0002  1.370798E-0002  1.352431E-0002
  7.447507E-0003  2.487398E-0003  3.554141E-0003  2.233518E-0003  6.599317E-0003  2.860723E-0003  0.000000E+0000  2.454975E-0003  6.526405E-0003  2.206781E-0003  3.802118E-0003
  1.682765E-0002  9.473316E-0003  9.915461E-0003  1.305733E-0002  1.582707E-0002  1.426688E-0002  2.454975E-0003  0.000000E+0000  1.657116E-0002  1.408182E-0002  1.377149E-0002
  1.622960E-0002  1.460296E-0002  1.044160E-0002  1.533976E-0002  1.387897E-0002  1.609886E-0002  6.526405E-0003  1.657116E-0002  0.000000E+0000  1.648052E-0002  1.502896E-0002
  1.684779E-0002  1.160319E-0002  9.787189E-0003  1.047949E-0002  1.584809E-0002  1.370798E-0002  2.206781E-0003  1.408182E-0002  1.648052E-0002  0.000000E+0000  1.351222E-0002
  1.634892E-0002  1.247232E-0002  8.921246E-0003  1.216122E-0002  1.531115E-0002  1.352431E-0002  3.802118E-0003  1.377149E-0002  1.502896E-0002  1.351222E-0002  0.000000E+0000

  0.000000E+0000  2.703404E-0003  1.906345E-0003  3.002624E-0003  1.406880E-0003  3.015024E-0003  1.157574E-0003  3.060162E-0003  2.945379E-0003  3.066805E-0003  2.958681E-0003
  2.703404E-0003  0.000000E+0000  1.734555E-0003  1.925619E-0003  2.575469E-0003  2.315412E-0003  5.281491E-0004  1.982733E-0003  2.746656E-0003  2.327221E-0003  2.346959E-0003
  1.906345E-0003  1.734555E-0003  0.000000E+0000  1.922384E-0003  1.741131E-0003  1.960936E-0003  6.941359E-0004  1.951543E-0003  1.813857E-0003  1.989933E-0003  1.907217E-0003
  3.002624E-0003  1.925619E-0003  1.922384E-0003  0.000000E+0000  2.873820E-0003  2.437553E-0003  5.771564E-0004  2.519229E-0003  2.872581E-0003  2.140904E-0003  2.431811E-0003
  1.406880E-0003  2.575469E-0003  1.741131E-0003  2.873820E-0003  0.000000E+0000  2.881406E-0003  1.091960E-0003  2.911143E-0003  2.601486E-0003  2.929099E-0003  2.832644E-0003
  3.015024E-0003  2.315412E-0003  1.960936E-0003  2.437553E-0003  2.881406E-0003  0.000000E+0000  5.948781E-0004  2.700108E-0003  2.974488E-0003  2.614211E-0003  2.546925E-0003
  1.157574E-0003  5.281491E-0004  6.941359E-0004  5.771564E-0004  1.091960E-0003  5.948781E-0004  0.000000E+0000  5.594435E-0004  1.052945E-0003  5.180856E-0004  7.596456E-0004
  3.060162E-0003  1.982733E-0003  1.951543E-0003  2.519229E-0003  2.911143E-0003  2.700108E-0003  5.594435E-0004  0.000000E+0000  3.038470E-0003  2.665689E-0003  2.595258E-0003
  2.945379E-0003  2.746656E-0003  1.813857E-0003  2.872581E-0003  2.601486E-0003  2.974488E-0003  1.052945E-0003  3.038470E-0003  0.000000E+0000  3.030053E-0003  2.824368E-0003
  3.066805E-0003  2.327221E-0003  1.989933E-0003  2.140904E-0003  2.929099E-0003  2.614211E-0003  5.180856E-0004  2.665689E-0003  3.030053E-0003  0.000000E+0000  2.589993E-0003
  2.958681E-0003  2.346959E-0003  1.907217E-0003  2.431811E-0003  2.832644E-0003  2.546925E-0003  7.596456E-0004  2.595258E-0003  2.824368E-0003  2.589993E-0003  0.000000E+0000

  0.000000E+0000  5.120117E-0004  3.569394E-0004  5.678594E-0004  2.641040E-0004  5.706552E-0004  2.209950E-0004  5.788363E-0004  5.590757E-0004  5.783630E-0004  5.583000E-0004
  5.120117E-0004  0.000000E+0000  3.148774E-0004  3.539537E-0004  4.855499E-0004  4.333404E-0004  9.173272E-0005  3.650215E-0004  5.241928E-0004  4.377446E-0004  4.363992E-0004
  3.569394E-0004  3.148774E-0004  0.000000E+0000  3.573336E-0004  3.330375E-0004  3.577772E-0004  1.332073E-0004  3.531386E-0004  3.350575E-0004  3.613059E-0004  3.527978E-0004
  5.678594E-0004  3.539537E-0004  3.573336E-0004  0.000000E+0000  5.430745E-0004  4.522611E-0004  1.038145E-0004  4.668183E-0004  5.462627E-0004  3.930798E-0004  4.538019E-0004
  2.641040E-0004  4.855499E-0004  3.330375E-0004  5.430745E-0004  0.000000E+0000  5.434083E-0004  2.104918E-0004  5.478809E-0004  4.997518E-0004  5.502795E-0004  5.339416E-0004
  5.706552E-0004  4.333404E-0004  3.577772E-0004  4.522611E-0004  5.434083E-0004  0.000000E+0000  1.030431E-0004  5.040484E-0004  5.647200E-0004  4.901533E-0004  4.723011E-0004
  2.209950E-0004  9.173272E-0005  1.332073E-0004  1.038145E-0004  2.104918E-0004  1.030431E-0004  0.000000E+0000  1.024503E-0004  1.917342E-0004  9.932664E-0005  1.493137E-0004
  5.788363E-0004  3.650215E-0004  3.531386E-0004  4.668183E-0004  5.478809E-0004  5.040484E-0004  1.024503E-0004  0.000000E+0000  5.757272E-0004  4.993093E-0004  4.796914E-0004
  5.590757E-0004  5.241928E-0004  3.350575E-0004  5.462627E-0004  4.997518E-0004  5.647200E-0004  1.917342E-0004  5.757272E-0004  0.000000E+0000  5.728978E-0004  5.376517E-0004
  5.783630E-0004  4.377446E-0004  3.613059E-0004  3.930798E-0004  5.502795E-0004  4.901533E-0004  9.932664E-0005  4.993093E-0004  5.728978E-0004  0.000000E+0000  4.782130E-0004
  5.583000E-0004  4.363992E-0004  3.527978E-0004  4.538019E-0004  5.339416E-0004  4.723011E-0004  1.493137E-0004  4.796914E-0004  5.376517E-0004  4.782130E-0004  0.000000E+0000
