6661999 = Ignore first line (new format code)
File name: E:\Folders\PhD\ISAD\ISAD_Curry_data\ISAD_EEGs\eLORETA\EEGs_128Hz_200sec-window\Clinical_v_Healthy\T1_clinical_all\F67-ROIlinLagConn-crss.txt
1 = Number of time frames in Time X Frequency decomposition
3 = Number of EEG files
11 = Number Electrodes
25600 = Number of time frames in EEG files
32768 = Number of time frames in EEG files power of 2
7 = Number of matrices
5 = Band type (1=Classical1; 2=Classical2; 3=DiscreteFreqs; 4=AllDiscreteFreqs; 5=UserDefinedBands)
 1.280000E+0002 = Sampling rate Hz
-1.000000E+0002 = Freq1 Hz
-1.000000E+0002 = Freq2 Hz
 3.906250E-0003 = Frequency resolution Hz

  0.000000E+0000  2.312253E-0003  2.338946E-0004  5.353890E-0002  3.827877E-0002  4.983825E-0002  2.459230E-0002  5.646477E-0003  6.515036E-0003  5.101679E-0002  3.371290E-0002
  2.312253E-0003  0.000000E+0000  9.006236E-0004  1.019729E-0002  4.394634E-0003  9.656259E-0003  6.280027E-0003  2.103124E-0003  2.378185E-0003  9.908928E-0003  6.539464E-0003
  2.338946E-0004  9.006236E-0004  0.000000E+0000  1.837623E-0002  1.444530E-0002  1.805869E-0002  4.509919E-0003  2.024243E-0003  1.151729E-0003  1.345674E-0002  1.190493E-0002
  5.353890E-0002  1.019729E-0002  1.837623E-0002  0.000000E+0000  3.691654E-0002  4.374576E-0002  5.447673E-0002  6.186767E-0002  6.315082E-0002  4.489095E-0002  6.133496E-0002
  3.827877E-0002  4.394634E-0003  1.444530E-0002  3.691654E-0002  0.000000E+0000  4.043480E-0002  3.791479E-0002  4.295173E-0002  4.389516E-0002  4.082062E-0002  4.531947E-0002
  4.983825E-0002  9.656259E-0003  1.805869E-0002  4.374576E-0002  4.043480E-0002  0.000000E+0000  5.164236E-0002  6.161030E-0002  6.348471E-0002  4.561104E-0002  5.954456E-0002
  2.459230E-0002  6.280027E-0003  4.509919E-0003  5.447673E-0002  3.791479E-0002  5.164236E-0002  0.000000E+0000  3.434609E-0002  3.974113E-0002  5.258019E-0002  3.459563E-0002
  5.646477E-0003  2.103124E-0003  2.024243E-0003  6.186767E-0002  4.295173E-0002  6.161030E-0002  3.434609E-0002  0.000000E+0000  8.256779E-0003  6.183030E-0002  5.249666E-0002
  6.515036E-0003  2.378185E-0003  1.151729E-0003  6.315082E-0002  4.389516E-0002  6.348471E-0002  3.974113E-0002  8.256779E-0003  0.000000E+0000  6.353096E-0002  5.898550E-0002
  5.101679E-0002  9.908928E-0003  1.345674E-0002  4.489095E-0002  4.082062E-0002  4.561104E-0002  5.258019E-0002  6.183030E-0002  6.353096E-0002  0.000000E+0000  6.033026E-0002
  3.371290E-0002  6.539464E-0003  1.190493E-0002  6.133496E-0002  4.531947E-0002  5.954456E-0002  3.459563E-0002  5.249666E-0002  5.898550E-0002  6.033026E-0002  0.000000E+0000

  0.000000E+0000  1.098462E-0003  1.185210E-0004  1.275656E-0002  1.065789E-0002  1.243457E-0002  8.381423E-0003  2.512810E-0003  3.066628E-0003  1.254761E-0002  9.978869E-0003
  1.098462E-0003  0.000000E+0000  3.303899E-0004  2.159994E-0003  8.350777E-0004  2.336313E-0003  2.104891E-0003  1.092079E-0003  1.206299E-0003  2.352542E-0003  2.506807E-0003
  1.185210E-0004  3.303899E-0004  0.000000E+0000  3.420708E-0003  3.021444E-0003  3.374222E-0003  1.570517E-0003  7.225377E-0004  5.843786E-0004  3.059258E-0003  2.706420E-0003
  1.275656E-0002  2.159994E-0003  3.420708E-0003  0.000000E+0000  8.504647E-0003  1.047773E-0002  1.303076E-0002  1.553177E-0002  1.599801E-0002  1.083882E-0002  1.566087E-0002
  1.065789E-0002  8.350777E-0004  3.021444E-0003  8.504647E-0003  0.000000E+0000  1.005887E-0002  1.058342E-0002  1.284874E-0002  1.328882E-0002  1.016342E-0002  1.301434E-0002
  1.243457E-0002  2.336313E-0003  3.374222E-0003  1.047773E-0002  1.005887E-0002  0.000000E+0000  1.288864E-0002  1.554190E-0002  1.605234E-0002  1.116738E-0002  1.529689E-0002
  8.381423E-0003  2.104891E-0003  1.570517E-0003  1.303076E-0002  1.058342E-0002  1.288864E-0002  0.000000E+0000  1.137799E-0002  1.243297E-0002  1.295509E-0002  1.075209E-0002
  2.512810E-0003  1.092079E-0003  7.225377E-0004  1.553177E-0002  1.284874E-0002  1.554190E-0002  1.137799E-0002  0.000000E+0000  3.843491E-0003  1.555786E-0002  1.450374E-0002
  3.066628E-0003  1.206299E-0003  5.843786E-0004  1.599801E-0002  1.328882E-0002  1.605234E-0002  1.243297E-0002  3.843491E-0003  0.000000E+0000  1.605400E-0002  1.556029E-0002
  1.254761E-0002  2.352542E-0003  3.059258E-0003  1.083882E-0002  1.016342E-0002  1.116738E-0002  1.295509E-0002  1.555786E-0002  1.605400E-0002  0.000000E+0000  1.544312E-0002
  9.978869E-0003  2.506807E-0003  2.706420E-0003  1.566087E-0002  1.301434E-0002  1.529689E-0002  1.075209E-0002  1.450374E-0002  1.556029E-0002  1.544312E-0002  0.000000E+0000

  0.000000E+0000  1.837085E-0006  1.924146E-0007  2.197194E-0005  1.743160E-0005  2.202772E-0005  1.487375E-0005  4.169321E-0006  4.391684E-0006  2.210180E-0005  1.751284E-0005
  1.837085E-0006  0.000000E+0000  6.282050E-0007  5.160144E-0006  1.550953E-0006  5.693556E-0006  4.858480E-0006  1.630259E-0006  1.906939E-0006  5.742011E-0006  5.553150E-0006
  1.924146E-0007  6.282050E-0007  0.000000E+0000  7.369843E-0006  5.467950E-0006  6.984282E-0006  3.686951E-0006  1.294819E-0006  8.129475E-0007  7.169828E-0006  5.680663E-0006
  2.197194E-0005  5.160144E-0006  7.369843E-0006  0.000000E+0000  1.642611E-0005  1.946528E-0005  2.227283E-0005  2.514758E-0005  2.566202E-0005  1.984036E-0005  2.548448E-0005
  1.743160E-0005  1.550953E-0006  5.467950E-0006  1.642611E-0005  0.000000E+0000  1.876279E-0005  1.712681E-0005  2.029032E-0005  2.094573E-0005  1.904874E-0005  2.233572E-0005
  2.202772E-0005  5.693556E-0006  6.984282E-0006  1.946528E-0005  1.876279E-0005  0.000000E+0000  2.252285E-0005  2.536840E-0005  2.587834E-0005  2.016356E-0005  2.522310E-0005
  1.487375E-0005  4.858480E-0006  3.686951E-0006  2.227283E-0005  1.712681E-0005  2.252285E-0005  0.000000E+0000  1.825358E-0005  1.941869E-0005  2.254449E-0005  1.929488E-0005
  4.169321E-0006  1.630259E-0006  1.294819E-0006  2.514758E-0005  2.029032E-0005  2.536840E-0005  1.825358E-0005  0.000000E+0000  5.545489E-0006  2.536463E-0005  2.397708E-0005
  4.391684E-0006  1.906939E-0006  8.129475E-0007  2.566202E-0005  2.094573E-0005  2.587834E-0005  1.941869E-0005  5.545489E-0006  0.000000E+0000  2.586959E-0005  2.517116E-0005
  2.210180E-0005  5.742011E-0006  7.169828E-0006  1.984036E-0005  1.904874E-0005  2.016356E-0005  2.254449E-0005  2.536463E-0005  2.586959E-0005  0.000000E+0000  2.538410E-0005
  1.751284E-0005  5.553150E-0006  5.680663E-0006  2.548448E-0005  2.233572E-0005  2.522310E-0005  1.929488E-0005  2.397708E-0005  2.517116E-0005  2.538410E-0005  0.000000E+0000

  0.000000E+0000  7.804629E-0007  7.952612E-0008  1.263489E-0005  9.084806E-0006  1.279417E-0005  7.649248E-0006  1.779108E-0006  1.771394E-0006  1.282449E-0005  9.494017E-0006
  7.804629E-0007  0.000000E+0000  3.080358E-0007  3.834019E-0006  8.795846E-0007  4.196937E-0006  2.949939E-0006  6.488368E-0007  7.769868E-0007  4.185346E-0006  3.009489E-0006
  7.952612E-0008  3.080358E-0007  0.000000E+0000  5.114553E-0006  3.032942E-0006  5.077786E-0006  2.214042E-0006  6.039936E-0007  3.173861E-0007  5.205055E-0006  3.556962E-0006
  1.263489E-0005  3.834019E-0006  5.114553E-0006  0.000000E+0000  1.014582E-0005  1.174390E-0005  1.273310E-0005  1.396251E-0005  1.414874E-0005  1.180333E-0005  1.416753E-0005
  9.084806E-0006  8.795846E-0007  3.032942E-0006  1.014582E-0005  0.000000E+0000  1.138916E-0005  9.569860E-0006  1.038834E-0005  1.069511E-0005  1.140780E-0005  1.230909E-0005
  1.279417E-0005  4.196937E-0006  5.077786E-0006  1.174390E-0005  1.138916E-0005  0.000000E+0000  1.299815E-0005  1.412717E-0005  1.430555E-0005  1.200293E-0005  1.405451E-0005
  7.649248E-0006  2.949939E-0006  2.214042E-0006  1.273310E-0005  9.569860E-0006  1.299815E-0005  0.000000E+0000  9.071031E-0006  9.689836E-0006  1.300072E-0005  1.055648E-0005
  1.779108E-0006  6.488368E-0007  6.039936E-0007  1.396251E-0005  1.038834E-0005  1.412717E-0005  9.071031E-0006  0.000000E+0000  2.287368E-0006  1.412239E-0005  1.307932E-0005
  1.771394E-0006  7.769868E-0007  3.173861E-0007  1.414874E-0005  1.069511E-0005  1.430555E-0005  9.689836E-0006  2.287368E-0006  0.000000E+0000  1.429637E-0005  1.377859E-0005
  1.282449E-0005  4.185346E-0006  5.205055E-0006  1.180333E-0005  1.140780E-0005  1.200293E-0005  1.300072E-0005  1.412239E-0005  1.429637E-0005  0.000000E+0000  1.410930E-0005
  9.494017E-0006  3.009489E-0006  3.556962E-0006  1.416753E-0005  1.230909E-0005  1.405451E-0005  1.055648E-0005  1.307932E-0005  1.377859E-0005  1.410930E-0005  0.000000E+0000

  0.000000E+0000  3.278581E-0003  3.161745E-0004  1.430085E-0001  6.900295E-0002  1.449379E-0001  4.917260E-0002  7.964983E-0003  7.732871E-0003  1.465173E-0001  6.946269E-0002
  3.278581E-0003  0.000000E+0000  1.461775E-0003  4.671024E-0002  6.041616E-0003  4.929150E-0002  1.788984E-0002  2.621054E-0003  3.174004E-0003  5.124689E-0002  1.666047E-0002
  3.161745E-0004  1.461775E-0003  0.000000E+0000  6.488676E-0002  2.166299E-0002  5.937332E-0002  1.270822E-0002  2.908535E-0003  1.286414E-0003  6.508300E-0002  2.995375E-0002
  1.430085E-0001  4.671024E-0002  6.488676E-0002  0.000000E+0000  1.150816E-0001  1.382241E-0001  1.440699E-0001  1.549023E-0001  1.567435E-0001  1.373850E-0001  1.581429E-0001
  6.900295E-0002  6.041616E-0003  2.166299E-0002  1.150816E-0001  0.000000E+0000  1.316294E-0001  8.648966E-0002  7.906419E-0002  8.222905E-0002  1.288167E-0001  1.136264E-0001
  1.449379E-0001  4.929150E-0002  5.937332E-0002  1.382241E-0001  1.316294E-0001  0.000000E+0000  1.474192E-0001  1.592070E-0001  1.612091E-0001  1.346082E-0001  1.560068E-0001
  4.917260E-0002  1.788984E-0002  1.270822E-0002  1.440699E-0001  8.648966E-0002  1.474192E-0001  0.000000E+0000  6.105609E-0002  6.888703E-0002  1.485038E-0001  8.288404E-0002
  7.964983E-0003  2.621054E-0003  2.908535E-0003  1.549023E-0001  7.906419E-0002  1.592070E-0001  6.105609E-0002  0.000000E+0000  1.013455E-0002  1.589982E-0001  1.276657E-0001
  7.732871E-0003  3.174004E-0003  1.286414E-0003  1.567435E-0001  8.222905E-0002  1.612091E-0001  6.888703E-0002  1.013455E-0002  0.000000E+0000  1.607248E-0001  1.445595E-0001
  1.465173E-0001  5.124689E-0002  6.508300E-0002  1.373850E-0001  1.288167E-0001  1.346082E-0001  1.485038E-0001  1.589982E-0001  1.607248E-0001  0.000000E+0000  1.573855E-0001
  6.946269E-0002  1.666047E-0002  2.995375E-0002  1.581429E-0001  1.136264E-0001  1.560068E-0001  8.288404E-0002  1.276657E-0001  1.445595E-0001  1.573855E-0001  0.000000E+0000

  0.000000E+0000  8.650609E-0004  8.430163E-0005  2.634636E-0002  1.510495E-0002  2.667061E-0002  1.141641E-0002  2.068858E-0003  2.018555E-0003  2.684864E-0002  1.537690E-0002
  8.650609E-0004  0.000000E+0000  3.770898E-0004  8.914102E-0003  1.420065E-0003  9.530291E-0003  4.323032E-0003  6.962373E-0004  8.413912E-0004  9.601600E-0003  3.826649E-0003
  8.430163E-0005  3.770898E-0004  0.000000E+0000  1.204182E-0002  4.990444E-0003  1.143120E-0002  3.127331E-0003  7.471814E-0004  3.417138E-0004  1.216581E-0002  6.556507E-0003
  2.634636E-0002  8.914102E-0003  1.204182E-0002  0.000000E+0000  2.153483E-0002  2.516209E-0002  2.654887E-0002  2.850947E-0002  2.884012E-0002  2.505341E-0002  2.899385E-0002
  1.510495E-0002  1.420065E-0003  4.990444E-0003  2.153483E-0002  0.000000E+0000  2.424962E-0002  1.778198E-0002  1.716832E-0002  1.777650E-0002  2.362668E-0002  2.279659E-0002
  2.667061E-0002  9.530291E-0003  1.143120E-0002  2.516209E-0002  2.424962E-0002  0.000000E+0000  2.707970E-0002  2.907218E-0002  2.940233E-0002  2.500178E-0002  2.868571E-0002
  1.141641E-0002  4.323032E-0003  3.127331E-0003  2.654887E-0002  1.778198E-0002  2.707970E-0002  0.000000E+0000  1.387930E-0002  1.534986E-0002  2.718842E-0002  1.779695E-0002
  2.068858E-0003  6.962373E-0004  7.471814E-0004  2.850947E-0002  1.716832E-0002  2.907218E-0002  1.387930E-0002  0.000000E+0000  2.630151E-0003  2.903977E-0002  2.494497E-0002
  2.018555E-0003  8.413912E-0004  3.417138E-0004  2.884012E-0002  1.777650E-0002  2.940233E-0002  1.534986E-0002  2.630151E-0003  0.000000E+0000  2.934497E-0002  2.730091E-0002
  2.684864E-0002  9.601600E-0003  1.216581E-0002  2.505341E-0002  2.362668E-0002  2.500178E-0002  2.718842E-0002  2.903977E-0002  2.934497E-0002  0.000000E+0000  2.887178E-0002
  1.537690E-0002  3.826649E-0003  6.556507E-0003  2.899385E-0002  2.279659E-0002  2.868571E-0002  1.779695E-0002  2.494497E-0002  2.730091E-0002  2.887178E-0002  0.000000E+0000

  0.000000E+0000  1.134712E-0004  1.162260E-0005  1.758030E-0003  1.330645E-0003  1.732983E-0003  1.044696E-0003  2.632494E-0004  2.805711E-0004  1.746927E-0003  1.257022E-0003
  1.134712E-0004  0.000000E+0000  4.324796E-0005  4.457326E-0004  1.397759E-0004  4.702626E-0004  3.405031E-0004  9.896370E-0005  1.152710E-0004  4.632598E-0004  3.513528E-0004
  1.162260E-0005  4.324796E-0005  0.000000E+0000  6.673865E-0004  4.728940E-0004  5.893055E-0004  2.528073E-0004  8.998386E-0005  5.084068E-0005  6.108622E-0004  4.814422E-0004
  1.758030E-0003  4.457326E-0004  6.673865E-0004  0.000000E+0000  1.346037E-0003  1.567025E-0003  1.779526E-0003  1.964557E-0003  1.996206E-0003  1.590791E-0003  1.978637E-0003
  1.330645E-0003  1.397759E-0004  4.728940E-0004  1.346037E-0003  0.000000E+0000  1.495584E-0003  1.329717E-0003  1.505314E-0003  1.545026E-0003  1.509295E-0003  1.669092E-0003
  1.732983E-0003  4.702626E-0004  5.893055E-0004  1.567025E-0003  1.495584E-0003  0.000000E+0000  1.771773E-0003  1.975282E-0003  2.010928E-0003  1.614427E-0003  1.950435E-0003
  1.044696E-0003  3.405031E-0004  2.528073E-0004  1.779526E-0003  1.329717E-0003  1.771773E-0003  0.000000E+0000  1.302917E-0003  1.417570E-0003  1.780841E-0003  1.391857E-0003
  2.632494E-0004  9.896370E-0005  8.998386E-0005  1.964557E-0003  1.505314E-0003  1.975282E-0003  1.302917E-0003  0.000000E+0000  3.568019E-0004  1.976304E-0003  1.813220E-0003
  2.805711E-0004  1.152710E-0004  5.084068E-0005  1.996206E-0003  1.545026E-0003  2.010928E-0003  1.417570E-0003  3.568019E-0004  0.000000E+0000  2.010246E-0003  1.933303E-0003
  1.746927E-0003  4.632598E-0004  6.108622E-0004  1.590791E-0003  1.509295E-0003  1.614427E-0003  1.780841E-0003  1.976304E-0003  2.010246E-0003  0.000000E+0000  1.963749E-0003
  1.257022E-0003  3.513528E-0004  4.814422E-0004  1.978637E-0003  1.669092E-0003  1.950435E-0003  1.391857E-0003  1.813220E-0003  1.933303E-0003  1.963749E-0003  0.000000E+0000
