6661999 = Ignore first line (new format code)
File name: E:\Folders\PhD\ISAD\ISAD_Curry_data\ISAD_EEGs\eLORETA\EEGs_128Hz_200sec-window\Clinical_v_Healthy\T1_clinical_all\F7-ROIlinLagConn-crss.txt
1 = Number of time frames in Time X Frequency decomposition
3 = Number of EEG files
11 = Number Electrodes
25600 = Number of time frames in EEG files
32768 = Number of time frames in EEG files power of 2
7 = Number of matrices
5 = Band type (1=Classical1; 2=Classical2; 3=DiscreteFreqs; 4=AllDiscreteFreqs; 5=UserDefinedBands)
 1.280000E+0002 = Sampling rate Hz
-1.000000E+0002 = Freq1 Hz
-1.000000E+0002 = Freq2 Hz
 3.906250E-0003 = Frequency resolution Hz

  0.000000E+0000  1.384007E-0002  5.357002E-0003  3.857484E-0003  2.048037E-0002  4.591538E-0002  3.685793E-0002  3.383631E-0002  2.348688E-0002  5.420101E-0002  6.995413E-0002
  1.384007E-0002  0.000000E+0000  4.974008E-0003  4.315774E-0003  1.824146E-0002  1.048835E-0002  5.515786E-0003  1.603761E-0002  5.737659E-0003  1.288027E-0002  1.174799E-0002
  5.357002E-0003  4.974008E-0003  0.000000E+0000  2.411028E-0003  8.222930E-0003  3.734822E-0003  1.903545E-0003  1.039000E-0002  5.816470E-0003  4.980905E-0003  5.230205E-0003
  3.857484E-0003  4.315774E-0003  2.411028E-0003  0.000000E+0000  1.826577E-0002  1.687341E-0002  1.862860E-0002  1.615413E-0002  2.925179E-0003  2.175190E-0002  2.847184E-0002
  2.048037E-0002  1.824146E-0002  8.222930E-0003  1.826577E-0002  0.000000E+0000  5.600084E-0002  4.142529E-0002  3.322083E-0002  2.461874E-0002  3.102022E-0002  4.359986E-0002
  4.591538E-0002  1.048835E-0002  3.734822E-0003  1.687341E-0002  5.600084E-0002  0.000000E+0000  1.533686E-0002  3.308323E-0002  3.041623E-0002  3.447709E-0002  5.007469E-0002
  3.685793E-0002  5.515786E-0003  1.903545E-0003  1.862860E-0002  4.142529E-0002  1.533686E-0002  0.000000E+0000  1.586500E-0002  1.815894E-0002  4.833654E-0002  5.930324E-0002
  3.383631E-0002  1.603761E-0002  1.039000E-0002  1.615413E-0002  3.322083E-0002  3.308323E-0002  1.586500E-0002  0.000000E+0000  2.229973E-0002  4.173701E-0002  3.805825E-0002
  2.348688E-0002  5.737659E-0003  5.816470E-0003  2.925179E-0003  2.461874E-0002  3.041623E-0002  1.815894E-0002  2.229973E-0002  0.000000E+0000  4.086207E-0002  4.231566E-0002
  5.420101E-0002  1.288027E-0002  4.980905E-0003  2.175190E-0002  3.102022E-0002  3.447709E-0002  4.833654E-0002  4.173701E-0002  4.086207E-0002  0.000000E+0000  6.682733E-0002
  6.995413E-0002  1.174799E-0002  5.230205E-0003  2.847184E-0002  4.359986E-0002  5.007469E-0002  5.930324E-0002  3.805825E-0002  4.231566E-0002  6.682733E-0002  0.000000E+0000

  0.000000E+0000  6.942807E-0003  5.228088E-0004  6.162845E-0003  6.184446E-0003  6.190755E-0003  3.589894E-0003  6.933452E-0003  4.743478E-0003  5.196608E-0003  8.036686E-0003
  6.942807E-0003  0.000000E+0000  4.027447E-0004  6.372463E-0003  1.413793E-0003  4.495782E-0003  3.543487E-0003  2.682511E-0003  3.295364E-0003  4.614460E-0003  8.303320E-0003
  5.228088E-0004  4.027447E-0004  0.000000E+0000  4.605955E-0004  2.344120E-0004  6.163018E-0004  2.207221E-0004  4.697696E-0004  5.136118E-0004  3.319413E-0004  4.730940E-0004
  6.162845E-0003  6.372463E-0003  4.605955E-0004  0.000000E+0000  3.688483E-0003  6.183768E-0003  7.707558E-0004  6.790089E-0003  7.302354E-0003  4.237161E-0003  1.270786E-0003
  6.184446E-0003  1.413793E-0003  2.344120E-0004  3.688483E-0003  0.000000E+0000  2.337138E-0003  2.491948E-0003  2.951215E-0003  3.089291E-0003  2.483381E-0003  7.027927E-0003
  6.190755E-0003  4.495782E-0003  6.163018E-0004  6.183768E-0003  2.337138E-0003  0.000000E+0000  5.804551E-0003  6.161923E-0003  6.521697E-0003  3.872424E-0003  7.810600E-0003
  3.589894E-0003  3.543487E-0003  2.207221E-0004  7.707558E-0004  2.491948E-0003  5.804551E-0003  0.000000E+0000  3.557916E-0003  3.689497E-0003  8.346549E-0004  6.736276E-0004
  6.933452E-0003  2.682511E-0003  4.697696E-0004  6.790089E-0003  2.951215E-0003  6.161923E-0003  3.557916E-0003  0.000000E+0000  3.132456E-0003  5.992867E-0003  8.678334E-0003
  4.743478E-0003  3.295364E-0003  5.136118E-0004  7.302354E-0003  3.089291E-0003  6.521697E-0003  3.689497E-0003  3.132456E-0003  0.000000E+0000  6.385037E-0003  8.554530E-0003
  5.196608E-0003  4.614460E-0003  3.319413E-0004  4.237161E-0003  2.483381E-0003  3.872424E-0003  8.346549E-0004  5.992867E-0003  6.385037E-0003  0.000000E+0000  1.217386E-0003
  8.036686E-0003  8.303320E-0003  4.730940E-0004  1.270786E-0003  7.027927E-0003  7.810600E-0003  6.736276E-0004  8.678334E-0003  8.554530E-0003  1.217386E-0003  0.000000E+0000

  0.000000E+0000  1.107930E-0003  2.345505E-0004  4.679299E-0003  1.496524E-0003  5.793315E-0003  1.666642E-0003  1.165381E-0003  1.389573E-0003  5.735575E-0003  6.671715E-0003
  1.107930E-0003  0.000000E+0000  2.085210E-0004  3.481447E-0003  2.625852E-0003  4.699000E-0003  1.787381E-0003  1.905809E-0003  1.357320E-0003  4.280923E-0003  5.904163E-0003
  2.345505E-0004  2.085210E-0004  0.000000E+0000  3.641385E-0004  9.830234E-0004  5.126874E-0004  4.401921E-0004  6.751035E-0004  1.633552E-0004  1.078032E-0003  5.137919E-0004
  4.679299E-0003  3.481447E-0003  3.641385E-0004  0.000000E+0000  1.246308E-0002  7.321938E-0003  6.362592E-0003  9.854129E-0003  3.597140E-0003  1.057896E-0002  7.573233E-0003
  1.496524E-0003  2.625852E-0003  9.830234E-0004  1.246308E-0002  0.000000E+0000  1.436270E-0002  5.755377E-0003  1.454493E-0003  2.009584E-0003  1.441198E-0002  1.614300E-0002
  5.793315E-0003  4.699000E-0003  5.126874E-0004  7.321938E-0003  1.436270E-0002  0.000000E+0000  2.626011E-0003  1.236646E-0002  4.264318E-0003  7.674527E-0003  7.518406E-0003
  1.666642E-0003  1.787381E-0003  4.401921E-0004  6.362592E-0003  5.755377E-0003  2.626011E-0003  0.000000E+0000  4.411546E-0003  1.318816E-0003  6.054815E-0003  5.768655E-0003
  1.165381E-0003  1.905809E-0003  6.751035E-0004  9.854129E-0003  1.454493E-0003  1.236646E-0002  4.411546E-0003  0.000000E+0000  1.873859E-0003  1.207739E-0002  1.310263E-0002
  1.389573E-0003  1.357320E-0003  1.633552E-0004  3.597140E-0003  2.009584E-0003  4.264318E-0003  1.318816E-0003  1.873859E-0003  0.000000E+0000  4.268849E-0003  4.952437E-0003
  5.735575E-0003  4.280923E-0003  1.078032E-0003  1.057896E-0002  1.441198E-0002  7.674527E-0003  6.054815E-0003  1.207739E-0002  4.268849E-0003  0.000000E+0000  1.230882E-0002
  6.671715E-0003  5.904163E-0003  5.137919E-0004  7.573233E-0003  1.614300E-0002  7.518406E-0003  5.768655E-0003  1.310263E-0002  4.952437E-0003  1.230882E-0002  0.000000E+0000

  0.000000E+0000  3.283279E-0003  1.186299E-0003  2.966397E-0003  2.256083E-0002  5.876652E-0003  2.029571E-0003  2.070240E-0002  4.619191E-0003  1.565881E-0002  4.080028E-0003
  3.283279E-0003  0.000000E+0000  9.230183E-0004  3.587760E-0003  1.131183E-0002  5.613355E-0003  3.012826E-0003  7.795795E-0003  1.564183E-0003  1.460244E-0002  4.945817E-0003
  1.186299E-0003  9.230183E-0004  0.000000E+0000  9.232930E-0004  2.864416E-0003  5.870117E-0004  3.445196E-0004  2.322811E-0003  9.998601E-0004  2.567323E-0003  7.009231E-0004
  2.966397E-0003  3.587760E-0003  9.232930E-0004  0.000000E+0000  1.677661E-0002  7.538000E-0003  3.216483E-0003  1.216320E-0002  1.773158E-0003  1.654711E-0002  7.317407E-0003
  2.256083E-0002  1.131183E-0002  2.864416E-0003  1.677661E-0002  0.000000E+0000  1.614511E-0002  1.995257E-0003  1.916731E-0002  1.628697E-0002  1.738665E-0002  8.766253E-0003
  5.876652E-0003  5.613355E-0003  5.870117E-0004  7.538000E-0003  1.614511E-0002  0.000000E+0000  1.189270E-0002  1.416810E-0002  6.290806E-0003  2.055073E-0002  2.065763E-0002
  2.029571E-0003  3.012826E-0003  3.445196E-0004  3.216483E-0003  1.995257E-0003  1.189270E-0002  0.000000E+0000  2.695530E-0003  2.397627E-0003  6.436689E-0003  1.006525E-0002
  2.070240E-0002  7.795795E-0003  2.322811E-0003  1.216320E-0002  1.916731E-0002  1.416810E-0002  2.695530E-0003  0.000000E+0000  1.336209E-0002  1.603325E-0002  7.714424E-0003
  4.619191E-0003  1.564183E-0003  9.998601E-0004  1.773158E-0003  1.628697E-0002  6.290806E-0003  2.397627E-0003  1.336209E-0002  0.000000E+0000  1.555939E-0002  4.095010E-0003
  1.565881E-0002  1.460244E-0002  2.567323E-0003  1.654711E-0002  1.738665E-0002  2.055073E-0002  6.436689E-0003  1.603325E-0002  1.555939E-0002  0.000000E+0000  1.285684E-0002
  4.080028E-0003  4.945817E-0003  7.009231E-0004  7.317407E-0003  8.766253E-0003  2.065763E-0002  1.006525E-0002  7.714424E-0003  4.095010E-0003  1.285684E-0002  0.000000E+0000

  0.000000E+0000  2.303537E-0003  1.903367E-0003  2.121064E-0002  9.141609E-0003  1.480582E-0002  1.103837E-0002  6.999035E-0003  3.748550E-0003  2.142013E-0002  2.553498E-0002
  2.303537E-0003  0.000000E+0000  2.355932E-0003  2.238886E-0002  1.392354E-0002  1.781795E-0002  8.952538E-0003  3.185470E-0003  1.910834E-0003  1.637224E-0002  1.511635E-0002
  1.903367E-0003  2.355932E-0003  0.000000E+0000  1.317863E-0003  7.423005E-0003  1.429995E-0003  5.581437E-0004  5.661605E-0003  2.756221E-0003  2.590705E-0003  1.293971E-0003
  2.121064E-0002  2.238886E-0002  1.317863E-0003  0.000000E+0000  9.388547E-0002  2.373873E-0002  6.899044E-0003  7.861602E-0002  2.469157E-0002  2.438804E-0002  3.245858E-0002
  9.141609E-0003  1.392354E-0002  7.423005E-0003  9.388547E-0002  0.000000E+0000  4.398416E-0002  1.598689E-0002  1.426048E-0002  8.287711E-0003  7.502660E-0002  6.466974E-0002
  1.480582E-0002  1.781795E-0002  1.429995E-0003  2.373873E-0002  4.398416E-0002  0.000000E+0000  1.566923E-0002  3.319798E-0002  2.378838E-0002  4.196053E-0002  3.962370E-0002
  1.103837E-0002  8.952538E-0003  5.581437E-0004  6.899044E-0003  1.598689E-0002  1.566923E-0002  0.000000E+0000  1.691720E-0002  9.713235E-0003  7.915146E-0003  3.567236E-0003
  6.999035E-0003  3.185470E-0003  5.661605E-0003  7.861602E-0002  1.426048E-0002  3.319798E-0002  1.691720E-0002  0.000000E+0000  4.320535E-0003  7.212139E-0002  5.569928E-0002
  3.748550E-0003  1.910834E-0003  2.756221E-0003  2.469157E-0002  8.287711E-0003  2.378838E-0002  9.713235E-0003  4.320535E-0003  0.000000E+0000  1.681838E-0002  2.102650E-0002
  2.142013E-0002  1.637224E-0002  2.590705E-0003  2.438804E-0002  7.502660E-0002  4.196053E-0002  7.915146E-0003  7.212139E-0002  1.681838E-0002  0.000000E+0000  3.707689E-0002
  2.553498E-0002  1.511635E-0002  1.293971E-0003  3.245858E-0002  6.466974E-0002  3.962370E-0002  3.567236E-0003  5.569928E-0002  2.102650E-0002  3.707689E-0002  0.000000E+0000

  0.000000E+0000  5.907158E-0003  6.408941E-0004  3.328254E-0003  1.714333E-0002  1.033921E-0003  5.035184E-0004  1.671575E-0002  5.101986E-0003  5.091055E-0003  1.800230E-0003
  5.907158E-0003  0.000000E+0000  6.355627E-0004  1.644879E-0003  6.125433E-0003  1.546187E-0003  1.606408E-0003  3.385002E-0003  9.100321E-0004  3.806181E-0003  1.835358E-0003
  6.408941E-0004  6.355627E-0004  0.000000E+0000  8.401226E-0004  2.030773E-0003  2.064667E-0004  8.792576E-0005  1.549608E-0003  4.510882E-0004  1.131971E-0003  5.555339E-0004
  3.328254E-0003  1.644879E-0003  8.401226E-0004  0.000000E+0000  1.008655E-0002  3.575466E-0003  2.278746E-0004  5.583116E-0003  4.786230E-0004  4.619964E-0003  4.064330E-0004
  1.714333E-0002  6.125433E-0003  2.030773E-0003  1.008655E-0002  0.000000E+0000  6.518661E-0003  3.885917E-0003  1.463253E-0002  1.297561E-0002  1.028025E-0002  6.744997E-0003
  1.033921E-0003  1.546187E-0003  2.064667E-0004  3.575466E-0003  6.518661E-0003  0.000000E+0000  7.535556E-0003  4.643198E-0003  1.009671E-0003  9.301155E-0003  1.115044E-0002
  5.035184E-0004  1.606408E-0003  8.792576E-0005  2.278746E-0004  3.885917E-0003  7.535556E-0003  0.000000E+0000  4.486573E-0004  1.114114E-0003  3.405371E-0003  3.697767E-0003
  1.671575E-0002  3.385002E-0003  1.549608E-0003  5.583116E-0003  1.463253E-0002  4.643198E-0003  4.486573E-0004  0.000000E+0000  1.115859E-0002  6.015676E-0003  7.541435E-0004
  5.101986E-0003  9.100321E-0004  4.510882E-0004  4.786230E-0004  1.297561E-0002  1.009671E-0003  1.114114E-0003  1.115859E-0002  0.000000E+0000  4.252548E-0003  1.806178E-0003
  5.091055E-0003  3.806181E-0003  1.131971E-0003  4.619964E-0003  1.028025E-0002  9.301155E-0003  3.405371E-0003  6.015676E-0003  4.252548E-0003  0.000000E+0000  7.068153E-0003
  1.800230E-0003  1.835358E-0003  5.555339E-0004  4.064330E-0004  6.744997E-0003  1.115044E-0002  3.697767E-0003  7.541435E-0004  1.806178E-0003  7.068153E-0003  0.000000E+0000

  0.000000E+0000  6.771123E-0004  1.144946E-0004  4.212060E-0004  1.611071E-0003  8.402671E-0004  1.193932E-0004  1.478384E-0003  5.258950E-0004  2.931719E-0004  2.367758E-0004
  6.771123E-0004  0.000000E+0000  1.130838E-0004  7.193253E-0004  1.532481E-0003  9.745358E-0004  3.558072E-0004  9.485295E-0004  2.983225E-0004  7.026943E-0004  8.934736E-0004
  1.144946E-0004  1.130838E-0004  0.000000E+0000  1.090358E-0004  3.514310E-0004  6.381923E-0005  5.145249E-0005  2.529030E-0004  7.714393E-0005  7.712212E-0005  9.263494E-0005
  4.212060E-0004  7.193253E-0004  1.090358E-0004  0.000000E+0000  3.408939E-0003  2.001175E-0003  2.907224E-0004  1.397228E-0003  4.403329E-0004  6.609753E-0004  9.878962E-0004
  1.611071E-0003  1.532481E-0003  3.514310E-0004  3.408939E-0003  0.000000E+0000  3.482446E-0003  1.096999E-0003  2.095243E-0003  2.196491E-0003  3.872697E-0003  2.233703E-0003
  8.402671E-0004  9.745358E-0004  6.381923E-0005  2.001175E-0003  3.482446E-0003  0.000000E+0000  2.513904E-0003  2.297244E-0003  5.044416E-0004  3.878769E-0003  5.178250E-0003
  1.193932E-0004  3.558072E-0004  5.145249E-0005  2.907224E-0004  1.096999E-0003  2.513904E-0003  0.000000E+0000  3.101488E-0004  9.773870E-0005  1.797655E-0003  3.349201E-0004
  1.478384E-0003  9.485295E-0004  2.529030E-0004  1.397228E-0003  2.095243E-0003  2.297244E-0003  3.101488E-0004  0.000000E+0000  2.109590E-0003  1.724913E-0003  6.427605E-0004
  5.258950E-0004  2.983225E-0004  7.714393E-0005  4.403329E-0004  2.196491E-0003  5.044416E-0004  9.773870E-0005  2.109590E-0003  0.000000E+0000  3.911595E-0004  2.831519E-0004
  2.931719E-0004  7.026943E-0004  7.712212E-0005  6.609753E-0004  3.872697E-0003  3.878769E-0003  1.797655E-0003  1.724913E-0003  3.911595E-0004  0.000000E+0000  2.483294E-0003
  2.367758E-0004  8.934736E-0004  9.263494E-0005  9.878962E-0004  2.233703E-0003  5.178250E-0003  3.349201E-0004  6.427605E-0004  2.831519E-0004  2.483294E-0003  0.000000E+0000
