6661999 = Ignore first line (new format code)
File name: E:\Folders\PhD\ISAD\ISAD_Curry_data\ISAD_EEGs\eLORETA\EEGs_128Hz_200sec-window\Clinical_v_Healthy\T1_clinical_all\F70-ROIlinLagConn-crss.txt
1 = Number of time frames in Time X Frequency decomposition
3 = Number of EEG files
11 = Number Electrodes
25600 = Number of time frames in EEG files
32768 = Number of time frames in EEG files power of 2
7 = Number of matrices
5 = Band type (1=Classical1; 2=Classical2; 3=DiscreteFreqs; 4=AllDiscreteFreqs; 5=UserDefinedBands)
 1.280000E+0002 = Sampling rate Hz
-1.000000E+0002 = Freq1 Hz
-1.000000E+0002 = Freq2 Hz
 3.906250E-0003 = Frequency resolution Hz

  0.000000E+0000  1.093078E-0002  1.290840E-0002  4.587968E-0003  5.336590E-0002  1.239861E-0002  1.219425E-0002  2.767244E-0002  1.527570E-0002  1.633780E-0002  3.925615E-0002
  1.093078E-0002  0.000000E+0000  2.385576E-0003  2.057621E-0003  1.453215E-0002  8.094145E-0003  7.336466E-0003  6.000294E-0003  1.391784E-0002  4.102828E-0003  7.739631E-0003
  1.290840E-0002  2.385576E-0003  0.000000E+0000  3.778050E-0003  1.326904E-0002  8.176160E-0003  6.364717E-0003  1.996388E-0002  8.649623E-0003  1.075068E-0002  1.450729E-0002
  4.587968E-0003  2.057621E-0003  3.778050E-0003  0.000000E+0000  1.092983E-0002  3.981147E-0002  3.806116E-0002  9.021177E-0003  1.470285E-0002  2.802021E-0002  2.990741E-0002
  5.336590E-0002  1.453215E-0002  1.326904E-0002  1.092983E-0002  0.000000E+0000  2.375196E-0002  2.690929E-0002  4.500876E-0002  3.683782E-0002  2.549817E-0002  4.024601E-0002
  1.239861E-0002  8.094145E-0003  8.176160E-0003  3.981147E-0002  2.375196E-0002  0.000000E+0000  4.245781E-0002  3.702008E-0002  1.002987E-0002  5.487616E-0002  5.735858E-0002
  1.219425E-0002  7.336466E-0003  6.364717E-0003  3.806116E-0002  2.690929E-0002  4.245781E-0002  0.000000E+0000  1.710801E-0002  1.417790E-0002  3.091823E-0002  1.278588E-0002
  2.767244E-0002  6.000294E-0003  1.996388E-0002  9.021177E-0003  4.500876E-0002  3.702008E-0002  1.710801E-0002  0.000000E+0000  9.652483E-0003  9.701704E-0003  2.614169E-0002
  1.527570E-0002  1.391784E-0002  8.649623E-0003  1.470285E-0002  3.683782E-0002  1.002987E-0002  1.417790E-0002  9.652483E-0003  0.000000E+0000  1.657443E-0002  3.401325E-0002
  1.633780E-0002  4.102828E-0003  1.075068E-0002  2.802021E-0002  2.549817E-0002  5.487616E-0002  3.091823E-0002  9.701704E-0003  1.657443E-0002  0.000000E+0000  4.350990E-0002
  3.925615E-0002  7.739631E-0003  1.450729E-0002  2.990741E-0002  4.024601E-0002  5.735858E-0002  1.278588E-0002  2.614169E-0002  3.401325E-0002  4.350990E-0002  0.000000E+0000

  0.000000E+0000  2.073226E-0004  7.479535E-0004  9.423552E-0004  2.508877E-0003  5.779932E-0003  2.483682E-0003  2.145289E-0003  5.047969E-0004  2.083805E-0003  1.926598E-0003
  2.073226E-0004  0.000000E+0000  3.736127E-0004  7.876357E-0004  1.099099E-0003  1.014856E-0003  1.148841E-0003  4.841573E-0004  4.102475E-0004  1.475462E-0003  1.045625E-0003
  7.479535E-0004  3.736127E-0004  0.000000E+0000  8.966149E-0004  2.554273E-0003  3.318258E-0003  2.212254E-0003  1.065887E-0003  8.829921E-0004  2.271201E-0003  1.860458E-0003
  9.423552E-0004  7.876357E-0004  8.966149E-0004  0.000000E+0000  2.043101E-0003  8.069788E-0004  5.852048E-0004  1.278984E-0003  9.713822E-0004  1.166429E-0003  2.125146E-0003
  2.508877E-0003  1.099099E-0003  2.554273E-0003  2.043101E-0003  0.000000E+0000  6.725462E-0003  2.560928E-0003  2.439189E-0003  1.538114E-0003  3.685463E-0003  1.604478E-0003
  5.779932E-0003  1.014856E-0003  3.318258E-0003  8.069788E-0004  6.725462E-0003  0.000000E+0000  1.288007E-0003  5.504280E-0003  5.062569E-0003  8.062718E-0004  1.783905E-0003
  2.483682E-0003  1.148841E-0003  2.212254E-0003  5.852048E-0004  2.560928E-0003  1.288007E-0003  0.000000E+0000  2.548622E-0003  1.790540E-0003  1.082515E-0003  1.299812E-0003
  2.145289E-0003  4.841573E-0004  1.065887E-0003  1.278984E-0003  2.439189E-0003  5.504280E-0003  2.548622E-0003  0.000000E+0000  8.652919E-0004  3.054309E-0003  1.958672E-0003
  5.047969E-0004  4.102475E-0004  8.829921E-0004  9.713822E-0004  1.538114E-0003  5.062569E-0003  1.790540E-0003  8.652919E-0004  0.000000E+0000  2.044687E-0003  1.520131E-0003
  2.083805E-0003  1.475462E-0003  2.271201E-0003  1.166429E-0003  3.685463E-0003  8.062718E-0004  1.082515E-0003  3.054309E-0003  2.044687E-0003  0.000000E+0000  2.314345E-0003
  1.926598E-0003  1.045625E-0003  1.860458E-0003  2.125146E-0003  1.604478E-0003  1.783905E-0003  1.299812E-0003  1.958672E-0003  1.520131E-0003  2.314345E-0003  0.000000E+0000

  0.000000E+0000  1.512674E-0003  2.316434E-0004  1.897115E-0003  3.957643E-0003  2.756586E-0003  1.420040E-0003  6.828040E-0004  1.426496E-0003  6.704353E-0005  2.901928E-0003
  1.512674E-0003  0.000000E+0000  1.245426E-0003  5.919086E-0004  3.143530E-0003  4.016533E-0003  1.819951E-0003  3.938390E-0004  1.492546E-0003  3.004371E-0004  1.565398E-0003
  2.316434E-0004  1.245426E-0003  0.000000E+0000  2.084364E-0003  3.761651E-0003  4.252379E-0003  2.244053E-0003  2.261175E-0004  1.648278E-0003  1.481543E-0004  3.471032E-0003
  1.897115E-0003  5.919086E-0004  2.084364E-0003  0.000000E+0000  3.136481E-0003  1.482930E-0003  1.186110E-0003  1.220578E-0003  1.126490E-0003  3.130861E-0004  1.156503E-0003
  3.957643E-0003  3.143530E-0003  3.761651E-0003  3.136481E-0003  0.000000E+0000  7.042839E-0003  2.397834E-0003  1.769090E-0003  2.967693E-0003  3.438632E-0004  5.146702E-0003
  2.756586E-0003  4.016533E-0003  4.252379E-0003  1.482930E-0003  7.042839E-0003  0.000000E+0000  1.155114E-0003  1.889391E-0003  4.651475E-0003  1.036212E-0003  6.875041E-0003
  1.420040E-0003  1.819951E-0003  2.244053E-0003  1.186110E-0003  2.397834E-0003  1.155114E-0003  0.000000E+0000  1.127460E-0003  1.977482E-0003  6.077127E-0004  2.167491E-0003
  6.828040E-0004  3.938390E-0004  2.261175E-0004  1.220578E-0003  1.769090E-0003  1.889391E-0003  1.127460E-0003  0.000000E+0000  1.115768E-0003  1.733590E-0004  2.072615E-0003
  1.426496E-0003  1.492546E-0003  1.648278E-0003  1.126490E-0003  2.967693E-0003  4.651475E-0003  1.977482E-0003  1.115768E-0003  0.000000E+0000  3.063162E-0004  2.890223E-0003
  6.704353E-0005  3.004371E-0004  1.481543E-0004  3.130861E-0004  3.438632E-0004  1.036212E-0003  6.077127E-0004  1.733590E-0004  3.063162E-0004  0.000000E+0000  8.795380E-0004
  2.901928E-0003  1.565398E-0003  3.471032E-0003  1.156503E-0003  5.146702E-0003  6.875041E-0003  2.167491E-0003  2.072615E-0003  2.890223E-0003  8.795380E-0004  0.000000E+0000

  0.000000E+0000  4.140323E-0003  3.016319E-0003  6.163575E-0004  3.955712E-0003  2.045074E-0003  3.799924E-0003  3.447916E-0003  4.931745E-0003  2.478463E-0003  8.759208E-0003
  4.140323E-0003  0.000000E+0000  9.903881E-0004  1.403708E-0003  3.909626E-0003  1.846666E-0003  8.734078E-0004  4.319910E-0003  3.786654E-0003  1.960569E-0003  2.084879E-0003
  3.016319E-0003  9.903881E-0004  0.000000E+0000  9.980240E-0004  4.344956E-0003  3.785728E-0004  1.422429E-0003  3.829984E-0003  3.392456E-0003  1.975317E-0003  3.977062E-0003
  6.163575E-0004  1.403708E-0003  9.980240E-0004  0.000000E+0000  1.886757E-0003  5.829199E-0003  2.425169E-0003  1.026124E-0003  1.588433E-0003  5.038824E-0003  3.396114E-0003
  3.955712E-0003  3.909626E-0003  4.344956E-0003  1.886757E-0003  0.000000E+0000  1.066558E-0003  1.201329E-0003  3.150275E-0003  5.631001E-0003  4.571835E-0004  7.269177E-0003
  2.045074E-0003  1.846666E-0003  3.785728E-0004  5.829199E-0003  1.066558E-0003  0.000000E+0000  3.521405E-0003  5.546301E-0003  1.303267E-0003  7.393350E-0003  1.023187E-0002
  3.799924E-0003  8.734078E-0004  1.422429E-0003  2.425169E-0003  1.201329E-0003  3.521405E-0003  0.000000E+0000  4.387284E-0003  2.706877E-0003  3.511470E-0003  2.283971E-0003
  3.447916E-0003  4.319910E-0003  3.829984E-0003  1.026124E-0003  3.150275E-0003  5.546301E-0003  4.387284E-0003  0.000000E+0000  5.356510E-0003  2.537693E-0003  8.019455E-0003
  4.931745E-0003  3.786654E-0003  3.392456E-0003  1.588433E-0003  5.631001E-0003  1.303267E-0003  2.706877E-0003  5.356510E-0003  0.000000E+0000  2.544132E-0003  9.708084E-0003
  2.478463E-0003  1.960569E-0003  1.975317E-0003  5.038824E-0003  4.571835E-0004  7.393350E-0003  3.511470E-0003  2.537693E-0003  2.544132E-0003  0.000000E+0000  9.695441E-0003
  8.759208E-0003  2.084879E-0003  3.977062E-0003  3.396114E-0003  7.269177E-0003  1.023187E-0002  2.283971E-0003  8.019455E-0003  9.708084E-0003  9.695441E-0003  0.000000E+0000

  0.000000E+0000  2.300632E-0003  6.522157E-0004  1.997783E-0003  3.575779E-0003  5.863588E-0003  2.271557E-0003  4.771932E-0004  2.325152E-0003  3.630820E-0004  2.992232E-0003
  2.300632E-0003  0.000000E+0000  1.210047E-0003  2.071320E-0003  1.774823E-0003  7.484803E-0003  5.343698E-0003  2.776374E-0003  1.842277E-0003  4.039230E-0003  7.859810E-0003
  6.522157E-0004  1.210047E-0003  0.000000E+0000  1.311612E-0003  3.890941E-0003  2.778936E-0003  3.753244E-0003  9.643635E-0004  2.175045E-0003  1.248467E-0003  5.658402E-0003
  1.997783E-0003  2.071320E-0003  1.311612E-0003  0.000000E+0000  4.039221E-0003  9.413399E-0003  5.511261E-0003  2.289657E-0003  2.011747E-0003  3.933148E-0003  6.949174E-0003
  3.575779E-0003  1.774823E-0003  3.890941E-0003  4.039221E-0003  0.000000E+0000  1.163130E-0002  5.842527E-0003  3.696042E-0003  2.055983E-0003  7.751752E-0003  5.332154E-0003
  5.863588E-0003  7.484803E-0003  2.778936E-0003  9.413399E-0003  1.163130E-0002  0.000000E+0000  2.072325E-0002  1.165493E-0002  7.093304E-0003  2.093551E-0002  2.609257E-0002
  2.271557E-0003  5.343698E-0003  3.753244E-0003  5.511261E-0003  5.842527E-0003  2.072325E-0002  0.000000E+0000  5.166291E-0003  5.122676E-0003  1.195717E-0002  7.543257E-0003
  4.771932E-0004  2.776374E-0003  9.643635E-0004  2.289657E-0003  3.696042E-0003  1.165493E-0002  5.166291E-0003  0.000000E+0000  2.678217E-0003  2.272658E-0003  6.967742E-0003
  2.325152E-0003  1.842277E-0003  2.175045E-0003  2.011747E-0003  2.055983E-0003  7.093304E-0003  5.122676E-0003  2.678217E-0003  0.000000E+0000  4.154013E-0003  7.812336E-0003
  3.630820E-0004  4.039230E-0003  1.248467E-0003  3.933148E-0003  7.751752E-0003  2.093551E-0002  1.195717E-0002  2.272658E-0003  4.154013E-0003  0.000000E+0000  1.952588E-0002
  2.992232E-0003  7.859810E-0003  5.658402E-0003  6.949174E-0003  5.332154E-0003  2.609257E-0002  7.543257E-0003  6.967742E-0003  7.812336E-0003  1.952588E-0002  0.000000E+0000

  0.000000E+0000  2.051048E-0003  1.307001E-0003  3.119174E-0004  4.855323E-0003  1.657659E-0003  6.274213E-0004  2.452048E-0003  2.289240E-0003  8.080023E-0004  2.473319E-0003
  2.051048E-0003  0.000000E+0000  1.345963E-0003  8.436899E-0004  3.435261E-0003  5.626208E-0003  5.802685E-0003  1.029769E-0003  7.894055E-0004  2.937613E-0003  4.359182E-0003
  1.307001E-0003  1.345963E-0003  0.000000E+0000  4.399631E-0004  2.486311E-0003  7.460308E-0003  4.110515E-0003  8.764246E-0004  2.344142E-0003  1.965253E-0003  3.568261E-0003
  3.119174E-0004  8.436899E-0004  4.399631E-0004  0.000000E+0000  1.143911E-0003  8.728427E-0003  4.843101E-0003  6.230446E-0004  8.849537E-0004  3.776595E-0003  3.602964E-0003
  4.855323E-0003  3.435261E-0003  2.486311E-0003  1.143911E-0003  0.000000E+0000  1.893713E-0002  9.882797E-0003  6.070078E-0003  6.525075E-0003  2.068945E-0003  6.398730E-0003
  1.657659E-0003  5.626208E-0003  7.460308E-0003  8.728427E-0003  1.893713E-0002  0.000000E+0000  1.517035E-0002  1.655847E-0002  6.343144E-0003  1.176245E-0002  1.466987E-0002
  6.274213E-0004  5.802685E-0003  4.110515E-0003  4.843101E-0003  9.882797E-0003  1.517035E-0002  0.000000E+0000  8.781957E-0003  4.861321E-0003  1.097360E-0002  3.263149E-0003
  2.452048E-0003  1.029769E-0003  8.764246E-0004  6.230446E-0004  6.070078E-0003  1.655847E-0002  8.781957E-0003  0.000000E+0000  1.253004E-0003  2.847739E-0003  3.873112E-0003
  2.289240E-0003  7.894055E-0004  2.344142E-0003  8.849537E-0004  6.525075E-0003  6.343144E-0003  4.861321E-0003  1.253004E-0003  0.000000E+0000  2.749261E-0003  4.388393E-0003
  8.080023E-0004  2.937613E-0003  1.965253E-0003  3.776595E-0003  2.068945E-0003  1.176245E-0002  1.097360E-0002  2.847739E-0003  2.749261E-0003  0.000000E+0000  1.000713E-0002
  2.473319E-0003  4.359182E-0003  3.568261E-0003  3.602964E-0003  6.398730E-0003  1.466987E-0002  3.263149E-0003  3.873112E-0003  4.388393E-0003  1.000713E-0002  0.000000E+0000

  0.000000E+0000  7.790069E-0004  5.829979E-0004  3.663011E-0004  1.919744E-0004  2.120998E-0003  9.978903E-0004  8.405453E-0004  8.199456E-0004  1.303181E-0003  1.395979E-0003
  7.790069E-0004  0.000000E+0000  4.069877E-0004  5.492295E-0004  3.540415E-0004  1.040571E-0003  4.079599E-0004  1.107449E-0003  5.670009E-0004  7.552311E-0004  3.839027E-0004
  5.829979E-0004  4.069877E-0004  0.000000E+0000  8.252806E-0004  3.108080E-0004  5.342267E-0004  3.814593E-0004  1.556882E-0003  4.616048E-0004  1.149138E-0003  7.879988E-0004
  3.663011E-0004  5.492295E-0004  8.252806E-0004  0.000000E+0000  1.886410E-0004  8.362259E-0003  1.940752E-0003  5.990235E-0004  6.467412E-0004  7.698034E-0003  6.452521E-0004
  1.919744E-0004  3.540415E-0004  3.108080E-0004  1.886410E-0004  0.000000E+0000  6.381860E-0004  7.928259E-0004  3.684092E-0004  5.108649E-0004  3.220917E-0004  9.377878E-0004
  2.120998E-0003  1.040571E-0003  5.342267E-0004  8.362259E-0003  6.381860E-0004  0.000000E+0000  4.718001E-0003  5.775807E-0003  1.012192E-0003  9.590760E-0003  8.305572E-0003
  9.978903E-0004  4.079599E-0004  3.814593E-0004  1.940752E-0003  7.928259E-0004  4.718001E-0003  0.000000E+0000  1.387192E-0003  6.053168E-0004  3.715144E-0003  3.874383E-0003
  8.405453E-0004  1.107449E-0003  1.556882E-0003  5.990235E-0004  3.684092E-0004  5.775807E-0003  1.387192E-0003  0.000000E+0000  1.426844E-0003  2.531729E-0003  1.845513E-0003
  8.199456E-0004  5.670009E-0004  4.616048E-0004  6.467412E-0004  5.108649E-0004  1.012192E-0003  6.053168E-0004  1.426844E-0003  0.000000E+0000  7.493712E-0004  1.118063E-0003
  1.303181E-0003  7.552311E-0004  1.149138E-0003  7.698034E-0003  3.220917E-0004  9.590760E-0003  3.715144E-0003  2.531729E-0003  7.493712E-0004  0.000000E+0000  4.829516E-0003
  1.395979E-0003  3.839027E-0004  7.879988E-0004  6.452521E-0004  9.377878E-0004  8.305572E-0003  3.874383E-0003  1.845513E-0003  1.118063E-0003  4.829516E-0003  0.000000E+0000
