6661999 = Ignore first line (new format code)
File name: E:\Folders\PhD\ISAD\ISAD_Curry_data\ISAD_EEGs\eLORETA\EEGs_128Hz_200sec-window\Clinical_v_Healthy\T1_clinical_all\F71-ROIlinLagConn-crss.txt
1 = Number of time frames in Time X Frequency decomposition
3 = Number of EEG files
11 = Number Electrodes
25600 = Number of time frames in EEG files
32768 = Number of time frames in EEG files power of 2
7 = Number of matrices
5 = Band type (1=Classical1; 2=Classical2; 3=DiscreteFreqs; 4=AllDiscreteFreqs; 5=UserDefinedBands)
 1.280000E+0002 = Sampling rate Hz
-1.000000E+0002 = Freq1 Hz
-1.000000E+0002 = Freq2 Hz
 3.906250E-0003 = Frequency resolution Hz

  0.000000E+0000  3.111856E-0002  1.578346E-0002  9.303918E-0003  4.048637E-0002  3.070924E-0002  2.868425E-0002  3.480345E-0002  2.007423E-0002  2.324482E-0002  2.712140E-0002
  3.111856E-0002  0.000000E+0000  5.879497E-0002  2.024966E-0002  7.658533E-0002  5.542649E-0002  4.847987E-0002  6.596199E-0002  7.307295E-0002  6.237821E-0002  5.187722E-0002
  1.578346E-0002  5.879497E-0002  0.000000E+0000  2.079997E-0002  7.025023E-0002  5.708816E-0002  4.930395E-0002  5.880716E-0002  2.139870E-0002  4.196422E-0002  4.510176E-0002
  9.303918E-0003  2.024966E-0002  2.079997E-0002  0.000000E+0000  2.850260E-0002  8.273304E-0003  1.077258E-0002  3.782078E-0002  2.550621E-0002  1.847910E-0002  1.815032E-0002
  4.048637E-0002  7.658533E-0002  7.025023E-0002  2.850260E-0002  0.000000E+0000  7.430022E-0002  6.342623E-0002  7.983020E-0002  8.605063E-0002  7.217661E-0002  6.363702E-0002
  3.070924E-0002  5.542649E-0002  5.708816E-0002  8.273304E-0003  7.430022E-0002  0.000000E+0000  3.607970E-0002  5.409267E-0002  7.092842E-0002  3.690346E-0002  3.911191E-0002
  2.868425E-0002  4.847987E-0002  4.930395E-0002  1.077258E-0002  6.342623E-0002  3.607970E-0002  0.000000E+0000  4.719003E-0002  6.167926E-0002  4.308338E-0002  3.189583E-0002
  3.480345E-0002  6.596199E-0002  5.880716E-0002  3.782078E-0002  7.983020E-0002  5.409267E-0002  4.719003E-0002  0.000000E+0000  7.981175E-0002  6.731325E-0002  5.224324E-0002
  2.007423E-0002  7.307295E-0002  2.139870E-0002  2.550621E-0002  8.605063E-0002  7.092842E-0002  6.167926E-0002  7.981175E-0002  0.000000E+0000  6.221908E-0002  6.977991E-0002
  2.324482E-0002  6.237821E-0002  4.196422E-0002  1.847910E-0002  7.217661E-0002  3.690346E-0002  4.308338E-0002  6.731325E-0002  6.221908E-0002  0.000000E+0000  5.261451E-0002
  2.712140E-0002  5.187722E-0002  4.510176E-0002  1.815032E-0002  6.363702E-0002  3.911191E-0002  3.189583E-0002  5.224324E-0002  6.977991E-0002  5.261451E-0002  0.000000E+0000

  0.000000E+0000  2.550648E-0002  8.960281E-0003  8.847381E-0003  3.283533E-0002  2.397973E-0002  2.854169E-0002  3.306319E-0002  1.330921E-0002  8.688639E-0003  3.605091E-0002
  2.550648E-0002  0.000000E+0000  3.978515E-0002  1.167298E-0002  5.780393E-0002  3.771802E-0002  4.283991E-0002  5.256863E-0002  5.482231E-0002  5.379857E-0002  5.157731E-0002
  8.960281E-0003  3.978515E-0002  0.000000E+0000  1.157705E-0002  5.026468E-0002  3.603941E-0002  3.977824E-0002  4.489718E-0002  4.678257E-0003  1.750583E-0002  4.868321E-0002
  8.847381E-0003  1.167298E-0002  1.157705E-0002  0.000000E+0000  1.592625E-0002  2.683211E-0002  7.210289E-0003  7.033864E-0003  1.329649E-0002  2.053912E-0002  2.056031E-0002
  3.283533E-0002  5.780393E-0002  5.026468E-0002  1.592625E-0002  0.000000E+0000  4.709237E-0002  5.483527E-0002  6.833589E-0002  7.133825E-0002  7.209475E-0002  6.702740E-0002
  2.397973E-0002  3.771802E-0002  3.603941E-0002  2.683211E-0002  4.709237E-0002  0.000000E+0000  4.452962E-0002  6.022236E-0002  4.594063E-0002  4.573394E-0002  7.131905E-0002
  2.854169E-0002  4.283991E-0002  3.977824E-0002  7.210289E-0003  5.483527E-0002  4.452962E-0002  0.000000E+0000  3.116632E-0002  5.601197E-0002  5.774167E-0002  4.405540E-0002
  3.306319E-0002  5.256863E-0002  4.489718E-0002  7.033864E-0003  6.833589E-0002  6.022236E-0002  3.116632E-0002  0.000000E+0000  6.980666E-0002  7.323319E-0002  5.137029E-0002
  1.330921E-0002  5.482231E-0002  4.678257E-0003  1.329649E-0002  7.133825E-0002  4.594063E-0002  5.601197E-0002  6.980666E-0002  0.000000E+0000  5.277456E-0002  6.607322E-0002
  8.688639E-0003  5.379857E-0002  1.750583E-0002  2.053912E-0002  7.209475E-0002  4.573394E-0002  5.774167E-0002  7.323319E-0002  5.277456E-0002  0.000000E+0000  7.511377E-0002
  3.605091E-0002  5.157731E-0002  4.868321E-0002  2.056031E-0002  6.702740E-0002  7.131905E-0002  4.405540E-0002  5.137029E-0002  6.607322E-0002  7.511377E-0002  0.000000E+0000

  0.000000E+0000  2.474265E-0003  4.684364E-0004  3.132298E-0004  2.086308E-0003  2.869972E-0003  2.098203E-0003  1.913876E-0003  5.810810E-0004  4.302863E-0004  3.053439E-0003
  2.474265E-0003  0.000000E+0000  3.890087E-0003  5.604011E-0004  4.564151E-0003  3.227894E-0003  3.009784E-0003  3.674780E-0003  4.644938E-0003  3.259541E-0003  4.088272E-0003
  4.684364E-0004  3.890087E-0003  0.000000E+0000  4.777675E-0004  3.742460E-0003  4.541636E-0003  3.221712E-0003  3.425672E-0003  3.038858E-0004  8.550425E-0004  4.321707E-0003
  3.132298E-0004  5.604011E-0004  4.777675E-0004  0.000000E+0000  3.456957E-0004  1.916130E-0003  4.750911E-0004  1.924725E-0003  3.171128E-0004  7.167750E-0004  9.675390E-0004
  2.086308E-0003  4.564151E-0003  3.742460E-0003  3.456957E-0004  0.000000E+0000  4.730182E-0003  3.995216E-0003  5.018364E-0003  4.532613E-0003  3.905524E-0003  6.086834E-0003
  2.869972E-0003  3.227894E-0003  4.541636E-0003  1.916130E-0003  4.730182E-0003  0.000000E+0000  2.874645E-0003  4.038434E-0003  4.645754E-0003  4.438019E-0003  5.755034E-0003
  2.098203E-0003  3.009784E-0003  3.221712E-0003  4.750911E-0004  3.995216E-0003  2.874645E-0003  0.000000E+0000  2.776504E-0003  4.055158E-0003  3.499601E-0003  2.146860E-0003
  1.913876E-0003  3.674780E-0003  3.425672E-0003  1.924725E-0003  5.018364E-0003  4.038434E-0003  2.776504E-0003  0.000000E+0000  5.168232E-0003  4.182980E-0003  3.095008E-0003
  5.810810E-0004  4.644938E-0003  3.038858E-0004  3.171128E-0004  4.532613E-0003  4.645754E-0003  4.055158E-0003  5.168232E-0003  0.000000E+0000  2.445139E-0003  6.461726E-0003
  4.302863E-0004  3.259541E-0003  8.550425E-0004  7.167750E-0004  3.905524E-0003  4.438019E-0003  3.499601E-0003  4.182980E-0003  2.445139E-0003  0.000000E+0000  5.245325E-0003
  3.053439E-0003  4.088272E-0003  4.321707E-0003  9.675390E-0004  6.086834E-0003  5.755034E-0003  2.146860E-0003  3.095008E-0003  6.461726E-0003  5.245325E-0003  0.000000E+0000

  0.000000E+0000  2.162907E-0003  5.814756E-0004  7.610102E-0004  3.639512E-0003  1.398654E-0003  2.983768E-0003  3.170278E-0003  6.307692E-0004  7.394290E-0004  3.474834E-0003
  2.162907E-0003  0.000000E+0000  3.240382E-0003  2.614586E-0003  4.216352E-0003  4.520527E-0003  2.957219E-0003  3.555110E-0003  4.769806E-0003  4.791832E-0003  2.960156E-0003
  5.814756E-0004  3.240382E-0003  0.000000E+0000  1.395586E-0003  5.382881E-0003  2.516586E-0003  4.136653E-0003  4.456544E-0003  4.323733E-0004  1.449328E-0003  5.536768E-0003
  7.610102E-0004  2.614586E-0003  1.395586E-0003  0.000000E+0000  1.043904E-0003  4.415798E-0003  1.203468E-0003  3.653482E-0003  1.141116E-0003  1.789111E-0003  3.657307E-0003
  3.639512E-0003  4.216352E-0003  5.382881E-0003  1.043904E-0003  0.000000E+0000  6.610000E-0003  4.375970E-0003  6.350481E-0003  6.097654E-0003  5.138541E-0003  5.660302E-0003
  1.398654E-0003  4.520527E-0003  2.516586E-0003  4.415798E-0003  6.610000E-0003  0.000000E+0000  6.168355E-0003  8.154004E-0003  5.317022E-0003  6.194890E-0003  9.662846E-0003
  2.983768E-0003  2.957219E-0003  4.136653E-0003  1.203468E-0003  4.375970E-0003  6.168355E-0003  0.000000E+0000  2.222676E-0003  4.494762E-0003  3.872248E-0003  1.474465E-0003
  3.170278E-0003  3.555110E-0003  4.456544E-0003  3.653482E-0003  6.350481E-0003  8.154004E-0003  2.222676E-0003  0.000000E+0000  7.013421E-0003  5.800491E-0003  2.281949E-0003
  6.307692E-0004  4.769806E-0003  4.323733E-0004  1.141116E-0003  6.097654E-0003  5.317022E-0003  4.494762E-0003  7.013421E-0003  0.000000E+0000  3.660750E-0003  6.262069E-0003
  7.394290E-0004  4.791832E-0003  1.449328E-0003  1.789111E-0003  5.138541E-0003  6.194890E-0003  3.872248E-0003  5.800491E-0003  3.660750E-0003  0.000000E+0000  6.512646E-0003
  3.474834E-0003  2.960156E-0003  5.536768E-0003  3.657307E-0003  5.660302E-0003  9.662846E-0003  1.474465E-0003  2.281949E-0003  6.262069E-0003  6.512646E-0003  0.000000E+0000

  0.000000E+0000  2.452871E-0002  1.943513E-0002  4.781344E-0002  2.793310E-0002  2.337147E-0002  4.797587E-0002  3.759647E-0002  2.255632E-0002  2.933017E-0002  3.682635E-0002
  2.452871E-0002  0.000000E+0000  4.796643E-0002  1.166340E-0001  7.097944E-0002  9.009627E-0002  9.725662E-0002  7.153711E-0002  7.949041E-0002  1.174294E-0001  7.983433E-0002
  1.943513E-0002  4.796643E-0002  0.000000E+0000  8.547760E-0002  4.670851E-0002  5.069464E-0002  8.074175E-0002  7.191518E-0002  4.771506E-0002  7.574242E-0002  7.752547E-0002
  4.781344E-0002  1.166340E-0001  8.547760E-0002  0.000000E+0000  1.156730E-0001  9.259372E-0002  7.614436E-0002  1.331268E-0001  1.212323E-0001  1.102672E-0001  1.349622E-0001
  2.793310E-0002  7.097944E-0002  4.670851E-0002  1.156730E-0001  0.000000E+0000  9.836919E-0002  1.154358E-0001  8.963481E-0002  7.369862E-0002  1.112737E-0001  1.154746E-0001
  2.337147E-0002  9.009627E-0002  5.069464E-0002  9.259372E-0002  9.836919E-0002  0.000000E+0000  9.195605E-0002  9.532083E-0002  9.858828E-0002  9.079225E-0002  1.136403E-0001
  4.797587E-0002  9.725662E-0002  8.074175E-0002  7.614436E-0002  1.154358E-0001  9.195605E-0002  0.000000E+0000  1.200243E-0001  1.011491E-0001  9.180056E-0002  1.247621E-0001
  3.759647E-0002  7.153711E-0002  7.191518E-0002  1.331268E-0001  8.963481E-0002  9.532083E-0002  1.200243E-0001  0.000000E+0000  9.505697E-0002  1.159370E-0001  1.103312E-0001
  2.255632E-0002  7.949041E-0002  4.771506E-0002  1.212323E-0001  7.369862E-0002  9.858828E-0002  1.011491E-0001  9.505697E-0002  0.000000E+0000  1.265189E-0001  8.796594E-0002
  2.933017E-0002  1.174294E-0001  7.574242E-0002  1.102672E-0001  1.112737E-0001  9.079225E-0002  9.180056E-0002  1.159370E-0001  1.265189E-0001  0.000000E+0000  1.167687E-0001
  3.682635E-0002  7.983433E-0002  7.752547E-0002  1.349622E-0001  1.154746E-0001  1.136403E-0001  1.247621E-0001  1.103312E-0001  8.796594E-0002  1.167687E-0001  0.000000E+0000

  0.000000E+0000  3.730169E-0003  8.442387E-0004  9.626709E-0004  5.993797E-0003  2.960283E-0003  2.829064E-0003  2.764954E-0003  1.022782E-0003  1.947868E-0003  1.927465E-0003
  3.730169E-0003  0.000000E+0000  5.497829E-0003  4.221178E-0003  4.601705E-0003  8.904343E-0003  2.038416E-0003  3.888909E-0003  5.574527E-0003  8.156542E-0003  2.256174E-0003
  8.442387E-0004  5.497829E-0003  0.000000E+0000  1.007842E-0003  8.424274E-0003  4.301148E-0003  4.026925E-0003  3.819458E-0003  1.057301E-0003  2.170747E-0003  2.843267E-0003
  9.626709E-0004  4.221178E-0003  1.007842E-0003  0.000000E+0000  2.601410E-0003  4.126166E-0003  1.700486E-0003  2.226637E-0003  1.411982E-0003  2.410858E-0003  2.021989E-0003
  5.993797E-0003  4.601705E-0003  8.424274E-0003  2.601410E-0003  0.000000E+0000  1.187970E-0002  3.159382E-0003  6.491353E-0003  7.856037E-0003  8.312065E-0003  3.993955E-0003
  2.960283E-0003  8.904343E-0003  4.301148E-0003  4.126166E-0003  1.187970E-0002  0.000000E+0000  6.009448E-0003  4.910901E-0003  4.329500E-0003  7.990566E-0003  4.677074E-0003
  2.829064E-0003  2.038416E-0003  4.026925E-0003  1.700486E-0003  3.159382E-0003  6.009448E-0003  0.000000E+0000  1.539513E-0003  3.443978E-0003  4.121955E-0003  1.010732E-0003
  2.764954E-0003  3.888909E-0003  3.819458E-0003  2.226637E-0003  6.491353E-0003  4.910901E-0003  1.539513E-0003  0.000000E+0000  6.735595E-0003  6.537556E-0003  2.342746E-0003
  1.022782E-0003  5.574527E-0003  1.057301E-0003  1.411982E-0003  7.856037E-0003  4.329500E-0003  3.443978E-0003  6.735595E-0003  0.000000E+0000  4.240289E-0003  3.740137E-0003
  1.947868E-0003  8.156542E-0003  2.170747E-0003  2.410858E-0003  8.312065E-0003  7.990566E-0003  4.121955E-0003  6.537556E-0003  4.240289E-0003  0.000000E+0000  4.944644E-0003
  1.927465E-0003  2.256174E-0003  2.843267E-0003  2.021989E-0003  3.993955E-0003  4.677074E-0003  1.010732E-0003  2.342746E-0003  3.740137E-0003  4.944644E-0003  0.000000E+0000

  0.000000E+0000  6.693820E-0004  4.425597E-0004  5.951169E-0004  1.061867E-0003  6.245218E-0004  9.815892E-0004  1.150791E-0003  1.490445E-0003  1.800132E-0003  1.933286E-0003
  6.693820E-0004  0.000000E+0000  9.091363E-0004  2.125405E-0003  1.219651E-0003  1.796248E-0003  1.228827E-0003  1.491774E-0003  2.328396E-0003  2.123957E-0003  7.014765E-0003
  4.425597E-0004  9.091363E-0004  0.000000E+0000  1.710047E-0003  1.809323E-0003  8.545116E-0004  1.475863E-0003  1.808677E-0003  1.111954E-0003  1.319187E-0003  5.524045E-0003
  5.951169E-0004  2.125405E-0003  1.710047E-0003  0.000000E+0000  3.272837E-0003  2.005154E-0003  1.926172E-0003  3.689066E-0003  4.313988E-0003  5.893665E-0003  1.038866E-0003
  1.061867E-0003  1.219651E-0003  1.809323E-0003  3.272837E-0003  0.000000E+0000  4.261557E-0003  2.153607E-0003  1.740837E-0003  3.657933E-0003  4.796681E-0003  7.790415E-0003
  6.245218E-0004  1.796248E-0003  8.545116E-0004  2.005154E-0003  4.261557E-0003  0.000000E+0000  2.008989E-0003  3.173285E-0003  2.204573E-0003  2.888289E-0003  2.384536E-0003
  9.815892E-0004  1.228827E-0003  1.475863E-0003  1.926172E-0003  2.153607E-0003  2.008989E-0003  0.000000E+0000  3.144223E-0003  3.432445E-0003  4.589758E-0003  7.403723E-0004
  1.150791E-0003  1.491774E-0003  1.808677E-0003  3.689066E-0003  1.740837E-0003  3.173285E-0003  3.144223E-0003  0.000000E+0000  4.124938E-0003  4.187413E-0003  5.202512E-0003
  1.490445E-0003  2.328396E-0003  1.111954E-0003  4.313988E-0003  3.657933E-0003  2.204573E-0003  3.432445E-0003  4.124938E-0003  0.000000E+0000  3.215507E-0003  8.556313E-0003
  1.800132E-0003  2.123957E-0003  1.319187E-0003  5.893665E-0003  4.796681E-0003  2.888289E-0003  4.589758E-0003  4.187413E-0003  3.215507E-0003  0.000000E+0000  4.164999E-0003
  1.933286E-0003  7.014765E-0003  5.524045E-0003  1.038866E-0003  7.790415E-0003  2.384536E-0003  7.403723E-0004  5.202512E-0003  8.556313E-0003  4.164999E-0003  0.000000E+0000
