6661999 = Ignore first line (new format code)
File name: E:\Folders\PhD\ISAD\ISAD_Curry_data\ISAD_EEGs\eLORETA\EEGs_128Hz_200sec-window\Clinical_v_Healthy\T1_clinical_all\F74-ROIlinLagConn-crss.txt
1 = Number of time frames in Time X Frequency decomposition
2 = Number of EEG files
11 = Number Electrodes
25600 = Number of time frames in EEG files
32768 = Number of time frames in EEG files power of 2
7 = Number of matrices
5 = Band type (1=Classical1; 2=Classical2; 3=DiscreteFreqs; 4=AllDiscreteFreqs; 5=UserDefinedBands)
 1.280000E+0002 = Sampling rate Hz
-1.000000E+0002 = Freq1 Hz
-1.000000E+0002 = Freq2 Hz
 3.906250E-0003 = Frequency resolution Hz

  0.000000E+0000  1.021405E-0014  4.407585E-0014  6.356027E-0013  3.597123E-0012  1.073808E-0012  4.507505E-0014  3.792522E-0013  1.641909E-0012  1.138978E-0012  8.066880E-0013
  1.021405E-0014  0.000000E+0000  4.662937E-0015  2.964295E-0014  1.452172E-0013  3.541611E-0014  1.054712E-0014  2.531308E-0014  1.020295E-0013  4.063416E-0014  3.208545E-0014
  4.407585E-0014  4.662937E-0015  0.000000E+0000  1.010303E-0013  6.646905E-0013  1.394440E-0013  3.808065E-0014  8.315570E-0014  4.879430E-0013  1.865175E-0013  1.163514E-0013
  6.356027E-0013  2.964295E-0014  1.010303E-0013  0.000000E+0000  1.447786E-0011  2.776446E-0012  4.356515E-0013  2.775558E-0013  1.709077E-0012  4.007128E-0012  9.576784E-0013
  3.597123E-0012  1.452172E-0013  6.646905E-0013  1.447786E-0011  0.000000E+0000  2.356382E-0011  3.187228E-0012  9.052648E-0012  6.381673E-0012  1.398825E-0011  1.597422E-0011
  1.073808E-0012  3.541611E-0014  1.394440E-0013  2.776446E-0012  2.356382E-0011  0.000000E+0000  6.870060E-0013  1.311284E-0012  2.697176E-0012  1.486689E-0011  4.035994E-0012
  4.507505E-0014  1.054712E-0014  3.808065E-0014  4.356515E-0013  3.187228E-0012  6.870060E-0013  0.000000E+0000  2.847722E-0013  1.347589E-0012  7.889245E-0013  5.355716E-0013
  3.792522E-0013  2.531308E-0014  8.315570E-0014  2.775558E-0013  9.052648E-0012  1.311284E-0012  2.847722E-0013  0.000000E+0000  1.185718E-0012  1.886935E-0012  3.127498E-0013
  1.641909E-0012  1.020295E-0013  4.879430E-0013  1.709077E-0012  6.381673E-0012  2.697176E-0012  1.347589E-0012  1.185718E-0012  0.000000E+0000  3.002376E-0012  1.401657E-0012
  1.138978E-0012  4.063416E-0014  1.865175E-0013  4.007128E-0012  1.398825E-0011  1.486689E-0011  7.889245E-0013  1.886935E-0012  3.002376E-0012  0.000000E+0000  5.514145E-0012
  8.066880E-0013  3.208545E-0014  1.163514E-0013  9.576784E-0013  1.597422E-0011  4.035994E-0012  5.355716E-0013  3.127498E-0013  1.401657E-0012  5.514145E-0012  0.000000E+0000

  0.000000E+0000  8.040346E-0012  2.248868E-0012  1.377842E-0011  3.414768E-0011  2.411771E-0011  7.083556E-0012  6.353207E-0011  1.469813E-0011  2.061951E-0011  3.018330E-0011
  8.040346E-0012  0.000000E+0000  3.864575E-0012  9.511947E-0012  9.163004E-0012  9.620860E-0012  7.796208E-0012  9.059309E-0012  8.623102E-0012  9.658496E-0012  9.508061E-0012
  2.248868E-0012  3.864575E-0012  0.000000E+0000  1.679101E-0012  5.482059E-0012  3.575584E-0012  4.763967E-0013  3.745448E-0012  4.768297E-0012  7.153167E-0013  9.710011E-0013
  1.377842E-0011  9.511947E-0012  1.679101E-0012  0.000000E+0000  6.917000E-0011  8.751433E-0011  6.054934E-0012  1.376483E-0010  2.292444E-0011  6.872813E-0011  6.363099E-0011
  3.414768E-0011  9.163004E-0012  5.482059E-0012  6.917000E-0011  0.000000E+0000  9.033341E-0011  1.446843E-0011  5.390410E-0011  8.085366E-0011  2.626277E-0011  3.288536E-0011
  2.411771E-0011  9.620860E-0012  3.575584E-0012  8.751433E-0011  9.033341E-0011  0.000000E+0000  1.502076E-0011  1.504360E-0010  7.381840E-0011  7.866530E-0011  8.477508E-0011
  7.083556E-0012  7.796208E-0012  4.763967E-0013  6.054934E-0012  1.446843E-0011  1.502076E-0011  0.000000E+0000  2.738876E-0011  1.669387E-0011  4.798384E-0012  8.783085E-0012
  6.353207E-0011  9.059309E-0012  3.745448E-0012  1.376483E-0010  5.390410E-0011  1.504360E-0010  2.738876E-0011  0.000000E+0000  1.325299E-0010  7.103107E-0011  7.474255E-0011
  1.469813E-0011  8.623102E-0012  4.768297E-0012  2.292444E-0011  8.085366E-0011  7.381840E-0011  1.669387E-0011  1.325299E-0010  0.000000E+0000  6.519929E-0011  7.531276E-0011
  2.061951E-0011  9.658496E-0012  7.153167E-0013  6.872813E-0011  2.626277E-0011  7.866530E-0011  4.798384E-0012  7.103107E-0011  6.519929E-0011  0.000000E+0000  1.419342E-0011
  3.018330E-0011  9.508061E-0012  9.710011E-0013  6.363099E-0011  3.288536E-0011  8.477508E-0011  8.783085E-0012  7.474255E-0011  7.531276E-0011  1.419342E-0011  0.000000E+0000

  0.000000E+0000  5.384782E-0011  4.287348E-0012  6.262857E-0011  2.950771E-0010  3.230016E-0011  2.995288E-0010  2.805144E-0010  6.888745E-0011  6.647183E-0011  1.233531E-0010
  5.384782E-0011  0.000000E+0000  2.572420E-0011  6.370726E-0011  6.092282E-0011  6.378253E-0011  5.067968E-0011  6.016942E-0011  5.815459E-0011  6.459255E-0011  6.272649E-0011
  4.287348E-0012  2.572420E-0011  0.000000E+0000  1.900102E-0011  9.541523E-0011  6.787015E-0012  7.169965E-0011  9.620393E-0011  2.106382E-0011  1.223022E-0011  1.899114E-0011
  6.262857E-0011  6.370726E-0011  1.900102E-0011  0.000000E+0000  4.313738E-0010  1.786611E-0010  5.744775E-0010  3.438644E-0010  1.050072E-0010  3.279319E-0010  7.992759E-0010
  2.950771E-0010  6.092282E-0011  9.541523E-0011  4.313738E-0010  0.000000E+0000  3.724073E-0010  6.682459E-0010  6.332476E-0010  3.394348E-0010  5.626303E-0010  7.022730E-0010
  3.230016E-0011  6.378253E-0011  6.787015E-0012  1.786611E-0010  3.724073E-0010  0.000000E+0000  4.663627E-0010  5.898076E-0010  7.176004E-0011  1.026471E-0009  5.093511E-0010
  2.995288E-0010  5.067968E-0011  7.169965E-0011  5.744775E-0010  6.682459E-0010  4.663627E-0010  0.000000E+0000  8.942062E-0010  3.760338E-0010  8.432203E-0010  2.846313E-0010
  2.805144E-0010  6.016942E-0011  9.620393E-0011  3.438644E-0010  6.332476E-0010  5.898076E-0010  8.942062E-0010  0.000000E+0000  3.194592E-0010  7.185664E-0010  1.081179E-0009
  6.888745E-0011  5.815459E-0011  2.106382E-0011  1.050072E-0010  3.394348E-0010  7.176004E-0011  3.760338E-0010  3.194592E-0010  0.000000E+0000  1.693554E-0010  1.942699E-0010
  6.647183E-0011  6.459255E-0011  1.223022E-0011  3.279319E-0010  5.626303E-0010  1.026471E-0009  8.432203E-0010  7.185664E-0010  1.693554E-0010  0.000000E+0000  2.170054E-0009
  1.233531E-0010  6.272649E-0011  1.899114E-0011  7.992759E-0010  7.022730E-0010  5.093511E-0010  2.846313E-0010  1.081179E-0009  1.942699E-0010  2.170054E-0009  0.000000E+0000

  0.000000E+0000  2.724543E-0011  7.945955E-0011  6.916934E-0011  5.447783E-0010  1.011761E-0010  5.861800E-0011  2.421953E-0010  1.348409E-0010  4.420555E-0010  1.674179E-0010
  2.724543E-0011  0.000000E+0000  1.345446E-0011  3.226053E-0011  3.171663E-0011  3.271439E-0011  2.602507E-0011  3.083067E-0011  2.947220E-0011  3.298239E-0011  3.239387E-0011
  7.945955E-0011  1.345446E-0011  0.000000E+0000  9.689904E-0011  1.826844E-0010  4.363232E-0011  1.240129E-0010  9.491508E-0011  1.376628E-0010  3.739431E-0011  2.069951E-0010
  6.916934E-0011  3.226053E-0011  9.689904E-0011  0.000000E+0000  1.712384E-0009  6.147457E-0010  1.332676E-0010  6.473357E-0010  1.690095E-0010  1.211387E-0009  3.339716E-0010
  5.447783E-0010  3.171663E-0011  1.826844E-0010  1.712384E-0009  0.000000E+0000  7.846147E-0010  7.756928E-0010  4.969162E-0010  7.877448E-0010  7.049636E-0010  1.384867E-0009
  1.011761E-0010  3.271439E-0011  4.363232E-0011  6.147457E-0010  7.846147E-0010  0.000000E+0000  2.610144E-0010  1.711578E-0010  2.412205E-0010  5.121641E-0010  6.842940E-0010
  5.861800E-0011  2.602507E-0011  1.240129E-0010  1.332676E-0010  7.756928E-0010  2.610144E-0010  0.000000E+0000  4.199778E-0010  1.431840E-0010  6.539720E-0010  2.072604E-0010
  2.421953E-0010  3.083067E-0011  9.491508E-0011  6.473357E-0010  4.969162E-0010  1.711578E-0010  4.199778E-0010  0.000000E+0000  3.333067E-0010  4.212407E-0010  8.494261E-0010
  1.348409E-0010  2.947220E-0011  1.376628E-0010  1.690095E-0010  7.877448E-0010  2.412205E-0010  1.431840E-0010  3.333067E-0010  0.000000E+0000  6.179215E-0010  2.241000E-0010
  4.420555E-0010  3.298239E-0011  3.739431E-0011  1.211387E-0009  7.049636E-0010  5.121641E-0010  6.539720E-0010  4.212407E-0010  6.179215E-0010  0.000000E+0000  1.187443E-0009
  1.674179E-0010  3.239387E-0011  2.069951E-0010  3.339716E-0010  1.384867E-0009  6.842940E-0010  2.072604E-0010  8.494261E-0010  2.241000E-0010  1.187443E-0009  0.000000E+0000

  0.000000E+0000  7.120959E-0011  4.570644E-0011  1.047555E-0010  1.214333E-0009  6.863216E-0010  2.371769E-0010  1.729872E-0011  4.019617E-0010  5.342907E-0010  2.066103E-0009
  7.120959E-0011  0.000000E+0000  2.309464E-0011  8.735501E-0011  1.482792E-0010  9.410983E-0011  9.425927E-0011  7.117651E-0011  8.123580E-0011  7.884249E-0011  1.871172E-0010
  4.570644E-0011  2.309464E-0011  0.000000E+0000  6.173539E-0011  5.091595E-0010  6.631695E-0011  1.140730E-0010  4.200296E-0011  1.014387E-0010  4.881417E-0011  6.504592E-0010
  1.047555E-0010  8.735501E-0011  6.173539E-0011  0.000000E+0000  1.593598E-0009  1.982404E-0009  2.870405E-0010  1.274908E-0010  5.220145E-0010  3.520966E-0009  3.730953E-0009
  1.214333E-0009  1.482792E-0010  5.091595E-0010  1.593598E-0009  0.000000E+0000  2.724799E-0009  1.072702E-0009  1.487748E-0009  1.307076E-0009  2.685411E-0009  3.681031E-0009
  6.863216E-0010  9.410983E-0011  6.631695E-0011  1.982404E-0009  2.724799E-0009  0.000000E+0000  1.436286E-0009  8.399653E-0010  1.212490E-0009  6.636019E-0009  6.056611E-0009
  2.371769E-0010  9.425927E-0011  1.140730E-0010  2.870405E-0010  1.072702E-0009  1.436286E-0009  0.000000E+0000  2.932671E-0010  5.703157E-0010  1.329610E-0009  1.695685E-0009
  1.729872E-0011  7.117651E-0011  4.200296E-0011  1.274908E-0010  1.487748E-0009  8.399653E-0010  2.932671E-0010  0.000000E+0000  4.023147E-0010  7.133500E-0010  3.008448E-0009
  4.019617E-0010  8.123580E-0011  1.014387E-0010  5.220145E-0010  1.307076E-0009  1.212490E-0009  5.703157E-0010  4.023147E-0010  0.000000E+0000  1.135187E-0009  2.166698E-0009
  5.342907E-0010  7.884249E-0011  4.881417E-0011  3.520966E-0009  2.685411E-0009  6.636019E-0009  1.329610E-0009  7.133500E-0010  1.135187E-0009  0.000000E+0000  6.754278E-0009
  2.066103E-0009  1.871172E-0010  6.504592E-0010  3.730953E-0009  3.681031E-0009  6.056611E-0009  1.695685E-0009  3.008448E-0009  2.166698E-0009  6.754278E-0009  0.000000E+0000

  0.000000E+0000  2.357772E-0010  1.050755E-0010  1.245520E-0010  1.652342E-0010  1.265932E-0010  3.043563E-0010  2.175124E-0009  1.197231E-0009  1.170942E-0010  5.827694E-0011
  2.357772E-0010  0.000000E+0000  1.123460E-0010  2.796267E-0010  2.665138E-0010  2.798451E-0010  2.248489E-0010  3.706540E-0010  2.531151E-0010  2.821313E-0010  2.772224E-0010
  1.050755E-0010  1.123460E-0010  0.000000E+0000  1.433578E-0010  1.470746E-0010  1.252295E-0010  8.069390E-0011  8.285842E-0010  3.118694E-0010  1.426806E-0010  1.278156E-0010
  1.245520E-0010  2.796267E-0010  1.433578E-0010  0.000000E+0000  1.577710E-0010  8.348697E-0010  8.277480E-0010  3.765209E-0009  2.031560E-0009  9.080853E-0010  4.100749E-0010
  1.652342E-0010  2.665138E-0010  1.470746E-0010  1.577710E-0010  0.000000E+0000  7.252025E-0010  8.204560E-0010  2.165240E-0009  1.964423E-0009  5.530554E-0010  3.401704E-0010
  1.265932E-0010  2.798451E-0010  1.252295E-0010  8.348697E-0010  7.252025E-0010  0.000000E+0000  5.620606E-0010  5.284364E-0009  1.753425E-0009  8.780582E-0010  3.898223E-0010
  3.043563E-0010  2.248489E-0010  8.069390E-0011  8.277480E-0010  8.204560E-0010  5.620606E-0010  0.000000E+0000  3.383668E-0009  8.155925E-0010  8.310304E-0010  5.693469E-0010
  2.175124E-0009  3.706540E-0010  8.285842E-0010  3.765209E-0009  2.165240E-0009  5.284364E-0009  3.383668E-0009  0.000000E+0000  4.130341E-0009  6.172469E-0009  5.117427E-0009
  1.197231E-0009  2.531151E-0010  3.118694E-0010  2.031560E-0009  1.964423E-0009  1.753425E-0009  8.155925E-0010  4.130341E-0009  0.000000E+0000  2.045970E-0009  1.702508E-0009
  1.170942E-0010  2.821313E-0010  1.426806E-0010  9.080853E-0010  5.530554E-0010  8.780582E-0010  8.310304E-0010  6.172469E-0009  2.045970E-0009  0.000000E+0000  4.716141E-0010
  5.827694E-0011  2.772224E-0010  1.278156E-0010  4.100749E-0010  3.401704E-0010  3.898223E-0010  5.693469E-0010  5.117427E-0009  1.702508E-0009  4.716141E-0010  0.000000E+0000

  0.000000E+0000  1.531856E-0010  5.758927E-0011  4.519959E-0010  7.854613E-0010  6.983883E-0010  1.634215E-0009  6.144171E-0010  1.933339E-0009  7.495287E-0010  6.523295E-0010
  1.531856E-0010  0.000000E+0000  7.404022E-0011  1.829942E-0010  1.747195E-0010  2.024881E-0010  2.516176E-0010  1.707413E-0010  2.592994E-0010  1.846437E-0010  1.947419E-0010
  5.758927E-0011  7.404022E-0011  0.000000E+0000  1.363011E-0010  9.041023E-0011  1.728319E-0010  5.232630E-0010  1.397353E-0010  7.392059E-0010  4.685619E-0011  2.316546E-0010
  4.519959E-0010  1.829942E-0010  1.363011E-0010  0.000000E+0000  8.153169E-0010  8.036970E-0009  3.998449E-0009  8.225680E-0010  3.416625E-0009  1.364572E-0009  3.411113E-0009
  7.854613E-0010  1.747195E-0010  9.041023E-0011  8.153169E-0010  0.000000E+0000  5.091327E-0009  4.267273E-0009  1.136054E-0009  3.680042E-0009  1.465848E-0009  2.912604E-0009
  6.983883E-0010  2.024881E-0010  1.728319E-0010  8.036970E-0009  5.091327E-0009  0.000000E+0000  4.492139E-0009  1.426556E-0009  3.688286E-0009  1.280980E-0008  4.989170E-0009
  1.634215E-0009  2.516176E-0010  5.232630E-0010  3.998449E-0009  4.267273E-0009  4.492139E-0009  0.000000E+0000  2.396970E-0009  1.169521E-0009  4.784714E-0009  1.677503E-0009
  6.144171E-0010  1.707413E-0010  1.397353E-0010  8.225680E-0010  1.136054E-0009  1.426556E-0009  2.396970E-0009  0.000000E+0000  2.490191E-0009  1.118220E-0009  1.072535E-0009
  1.933339E-0009  2.592994E-0010  7.392059E-0010  3.416625E-0009  3.680042E-0009  3.688286E-0009  1.169521E-0009  2.490191E-0009  0.000000E+0000  3.855330E-0009  1.944089E-0009
  7.495287E-0010  1.846437E-0010  4.685619E-0011  1.364572E-0009  1.465848E-0009  1.280980E-0008  4.784714E-0009  1.118220E-0009  3.855330E-0009  0.000000E+0000  5.919650E-0009
  6.523295E-0010  1.947419E-0010  2.316546E-0010  3.411113E-0009  2.912604E-0009  4.989170E-0009  1.677503E-0009  1.072535E-0009  1.944089E-0009  5.919650E-0009  0.000000E+0000
