6661999 = Ignore first line (new format code)
File name: E:\Folders\PhD\ISAD\ISAD_Curry_data\ISAD_EEGs\eLORETA\EEGs_128Hz_200sec-window\Clinical_v_Healthy\T1_clinical_all\F75-ROIlinLagConn-crss.txt
1 = Number of time frames in Time X Frequency decomposition
3 = Number of EEG files
11 = Number Electrodes
25600 = Number of time frames in EEG files
32768 = Number of time frames in EEG files power of 2
7 = Number of matrices
5 = Band type (1=Classical1; 2=Classical2; 3=DiscreteFreqs; 4=AllDiscreteFreqs; 5=UserDefinedBands)
 1.280000E+0002 = Sampling rate Hz
-1.000000E+0002 = Freq1 Hz
-1.000000E+0002 = Freq2 Hz
 3.906250E-0003 = Frequency resolution Hz

  0.000000E+0000  1.832182E-0002  2.653414E-0003  2.123394E-0002  3.180313E-0002  3.630799E-0002  3.114099E-0003  3.130788E-0002  1.727289E-0002  3.962616E-0002  1.135902E-0002
  1.832182E-0002  0.000000E+0000  7.937809E-0003  1.113254E-0001  1.557126E-0002  2.635150E-0002  3.348421E-0003  1.674327E-0002  3.785741E-0002  1.117023E-0002  2.002572E-0002
  2.653414E-0003  7.937809E-0003  0.000000E+0000  1.299743E-0002  7.394301E-0003  1.169474E-0002  7.112316E-0004  8.938479E-0003  6.890949E-0003  1.153020E-0002  3.464877E-0003
  2.123394E-0002  1.113254E-0001  1.299743E-0002  0.000000E+0000  7.729605E-0002  1.498916E-0001  8.653030E-0003  1.144026E-0001  4.929043E-0002  1.303942E-0001  3.644634E-0002
  3.180313E-0002  1.557126E-0002  7.394301E-0003  7.729605E-0002  0.000000E+0000  2.768041E-0002  3.452620E-0003  1.036316E-0002  3.305158E-0002  3.433959E-0002  1.705821E-0002
  3.630799E-0002  2.635150E-0002  1.169474E-0002  1.498916E-0001  2.768041E-0002  0.000000E+0000  1.126228E-0002  2.413185E-0002  4.868407E-0002  6.218001E-0002  3.481527E-0002
  3.114099E-0003  3.348421E-0003  7.112316E-0004  8.653030E-0003  3.452620E-0003  1.126228E-0002  0.000000E+0000  3.948690E-0003  3.039278E-0003  4.194964E-0003  3.145424E-0003
  3.130788E-0002  1.674327E-0002  8.938479E-0003  1.144026E-0001  1.036316E-0002  2.413185E-0002  3.948690E-0003  0.000000E+0000  4.661938E-0002  3.667585E-0002  2.847436E-0002
  1.727289E-0002  3.785741E-0002  6.890949E-0003  4.929043E-0002  3.305158E-0002  4.868407E-0002  3.039278E-0003  4.661938E-0002  0.000000E+0000  4.918538E-0002  1.679832E-0002
  3.962616E-0002  1.117023E-0002  1.153020E-0002  1.303942E-0001  3.433959E-0002  6.218001E-0002  4.194964E-0003  3.667585E-0002  4.918538E-0002  0.000000E+0000  3.879789E-0002
  1.135902E-0002  2.002572E-0002  3.464877E-0003  3.644634E-0002  1.705821E-0002  3.481527E-0002  3.145424E-0003  2.847436E-0002  1.679832E-0002  3.879789E-0002  0.000000E+0000

  0.000000E+0000  4.827782E-0003  3.959803E-0003  1.334707E-0002  5.905303E-0003  7.072662E-0003  4.515195E-0003  6.087706E-0003  6.561763E-0003  5.145911E-0003  4.649405E-0003
  4.827782E-0003  0.000000E+0000  5.216778E-0004  8.106128E-0003  3.916767E-0003  3.012030E-0003  1.668427E-0003  6.560734E-0003  3.356609E-0003  5.500364E-0003  4.687299E-0003
  3.959803E-0003  5.216778E-0004  0.000000E+0000  8.863447E-0003  5.611605E-0003  1.088205E-0002  8.804622E-0004  2.590008E-0003  1.550594E-0003  8.627991E-0003  7.097451E-0003
  1.334707E-0002  8.106128E-0003  8.863447E-0003  0.000000E+0000  2.401577E-0002  2.938143E-0002  1.588808E-0002  2.568067E-0002  1.766527E-0002  3.687341E-0002  2.127557E-0002
  5.905303E-0003  3.916767E-0003  5.611605E-0003  2.401577E-0002  0.000000E+0000  3.057777E-0002  6.172716E-0003  1.147931E-0002  2.053220E-0002  9.229565E-0003  9.731345E-0003
  7.072662E-0003  3.012030E-0003  1.088205E-0002  2.938143E-0002  3.057777E-0002  0.000000E+0000  1.454873E-0002  2.419553E-0002  3.136451E-0002  2.274402E-0002  1.468746E-0002
  4.515195E-0003  1.668427E-0003  8.804622E-0004  1.588808E-0002  6.172716E-0003  1.454873E-0002  0.000000E+0000  4.677783E-0003  2.498636E-0003  8.081088E-0003  8.149846E-0003
  6.087706E-0003  6.560734E-0003  2.590008E-0003  2.568067E-0002  1.147931E-0002  2.419553E-0002  4.677783E-0003  0.000000E+0000  8.967292E-0003  1.237965E-0002  1.141956E-0002
  6.561763E-0003  3.356609E-0003  1.550594E-0003  1.766527E-0002  2.053220E-0002  3.136451E-0002  2.498636E-0003  8.967292E-0003  0.000000E+0000  2.074442E-0002  9.535442E-0003
  5.145911E-0003  5.500364E-0003  8.627991E-0003  3.687341E-0002  9.229565E-0003  2.274402E-0002  8.081088E-0003  1.237965E-0002  2.074442E-0002  0.000000E+0000  1.134545E-0002
  4.649405E-0003  4.687299E-0003  7.097451E-0003  2.127557E-0002  9.731345E-0003  1.468746E-0002  8.149846E-0003  1.141956E-0002  9.535442E-0003  1.134545E-0002  0.000000E+0000

  0.000000E+0000  2.318853E-0003  3.778357E-0005  1.568870E-0003  1.210477E-0003  5.154791E-0004  9.792025E-0005  1.179350E-0003  5.191274E-0004  3.446545E-0004  2.953322E-0004
  2.318853E-0003  0.000000E+0000  1.349759E-0003  2.203213E-0003  3.634586E-0003  2.678776E-0003  3.178472E-0003  4.438793E-0003  4.003729E-0003  3.734110E-0003  3.934803E-0003
  3.778357E-0005  1.349759E-0003  0.000000E+0000  5.560827E-0004  5.667310E-0004  4.198624E-0004  6.832252E-0005  9.378325E-0004  2.100029E-0004  2.767569E-0004  2.802539E-0004
  1.568870E-0003  2.203213E-0003  5.560827E-0004  0.000000E+0000  3.349837E-0003  2.248796E-0003  1.117336E-0003  2.838247E-0003  2.379955E-0003  3.308351E-0003  2.267001E-0003
  1.210477E-0003  3.634586E-0003  5.667310E-0004  3.349837E-0003  0.000000E+0000  1.488104E-0003  1.316464E-0003  3.834792E-0003  4.721993E-0003  3.493777E-0003  1.635429E-0003
  5.154791E-0004  2.678776E-0003  4.198624E-0004  2.248796E-0003  1.488104E-0003  0.000000E+0000  4.798114E-0004  1.827939E-0003  6.926332E-0004  1.094159E-0003  5.791031E-0004
  9.792025E-0005  3.178472E-0003  6.832252E-0005  1.117336E-0003  1.316464E-0003  4.798114E-0004  0.000000E+0000  2.424996E-0003  1.643032E-0003  2.735805E-0004  2.081257E-0004
  1.179350E-0003  4.438793E-0003  9.378325E-0004  2.838247E-0003  3.834792E-0003  1.827939E-0003  2.424996E-0003  0.000000E+0000  1.942953E-0003  2.281409E-0003  2.910084E-0003
  5.191274E-0004  4.003729E-0003  2.100029E-0004  2.379955E-0003  4.721993E-0003  6.926332E-0004  1.643032E-0003  1.942953E-0003  0.000000E+0000  1.488964E-0003  2.683483E-0003
  3.446545E-0004  3.734110E-0003  2.767569E-0004  3.308351E-0003  3.493777E-0003  1.094159E-0003  2.735805E-0004  2.281409E-0003  1.488964E-0003  0.000000E+0000  1.055993E-0003
  2.953322E-0004  3.934803E-0003  2.802539E-0004  2.267001E-0003  1.635429E-0003  5.791031E-0004  2.081257E-0004  2.910084E-0003  2.683483E-0003  1.055993E-0003  0.000000E+0000

  0.000000E+0000  2.614222E-0003  5.685032E-0004  1.766831E-0003  2.315903E-0003  2.455519E-0003  5.233518E-0004  3.674125E-0003  1.536042E-0004  2.965809E-0003  1.048759E-0003
  2.614222E-0003  0.000000E+0000  6.046737E-0004  4.150743E-0003  4.780550E-0003  2.693396E-0003  2.241174E-0003  5.290443E-0003  3.013443E-0003  4.069018E-0003  3.462089E-0003
  5.685032E-0004  6.046737E-0004  0.000000E+0000  7.387049E-0004  8.875204E-0004  3.229327E-0004  5.132854E-0004  1.137244E-0003  4.212282E-0004  8.728497E-0004  8.195633E-0004
  1.766831E-0003  4.150743E-0003  7.387049E-0004  0.000000E+0000  3.788580E-0003  2.465161E-0003  5.603954E-0004  3.979412E-0003  1.251046E-0003  3.218200E-0003  1.874270E-0003
  2.315903E-0003  4.780550E-0003  8.875204E-0004  3.788580E-0003  0.000000E+0000  2.170049E-0003  1.455409E-0003  9.516109E-0003  4.285966E-0003  4.221664E-0003  2.637562E-0003
  2.455519E-0003  2.693396E-0003  3.229327E-0004  2.465161E-0003  2.170049E-0003  0.000000E+0000  7.593044E-0004  4.833004E-0003  1.583783E-0003  1.558097E-0003  1.423581E-0003
  5.233518E-0004  2.241174E-0003  5.132854E-0004  5.603954E-0004  1.455409E-0003  7.593044E-0004  0.000000E+0000  3.248436E-0003  4.224037E-0004  1.887162E-0003  3.390666E-0004
  3.674125E-0003  5.290443E-0003  1.137244E-0003  3.979412E-0003  9.516109E-0003  4.833004E-0003  3.248436E-0003  0.000000E+0000  1.815516E-0003  9.441042E-0003  7.493925E-0003
  1.536042E-0004  3.013443E-0003  4.212282E-0004  1.251046E-0003  4.285966E-0003  1.583783E-0003  4.224037E-0004  1.815516E-0003  0.000000E+0000  2.282629E-0003  1.626650E-0003
  2.965809E-0003  4.069018E-0003  8.728497E-0004  3.218200E-0003  4.221664E-0003  1.558097E-0003  1.887162E-0003  9.441042E-0003  2.282629E-0003  0.000000E+0000  2.677752E-0003
  1.048759E-0003  3.462089E-0003  8.195633E-0004  1.874270E-0003  2.637562E-0003  1.423581E-0003  3.390666E-0004  7.493925E-0003  1.626650E-0003  2.677752E-0003  0.000000E+0000

  0.000000E+0000  3.901129E-0003  1.339572E-0003  1.438797E-0003  7.356324E-0003  1.168820E-0003  2.902745E-0003  5.431187E-0003  2.193403E-0003  5.528949E-0003  4.907356E-0003
  3.901129E-0003  0.000000E+0000  9.484125E-0004  4.349163E-0003  2.039547E-0003  2.099449E-0003  1.278091E-0003  7.723605E-0003  3.020309E-0003  3.916529E-0003  2.322807E-0003
  1.339572E-0003  9.484125E-0004  0.000000E+0000  9.004328E-0004  2.546716E-0003  1.364168E-0003  1.451605E-0003  2.689352E-0003  1.798415E-0003  2.568761E-0003  2.365325E-0003
  1.438797E-0003  4.349163E-0003  9.004328E-0004  0.000000E+0000  6.683635E-0003  1.893248E-0003  2.019723E-0003  4.659491E-0003  2.523558E-0003  4.335220E-0003  3.951571E-0003
  7.356324E-0003  2.039547E-0003  2.546716E-0003  6.683635E-0003  0.000000E+0000  6.755407E-0003  1.629826E-0003  1.462838E-0002  4.267593E-0003  1.182921E-0002  2.466004E-0003
  1.168820E-0003  2.099449E-0003  1.364168E-0003  1.893248E-0003  6.755407E-0003  0.000000E+0000  2.998745E-0003  4.596778E-0003  3.176836E-0003  8.613060E-0003  3.958287E-0003
  2.902745E-0003  1.278091E-0003  1.451605E-0003  2.019723E-0003  1.629826E-0003  2.998745E-0003  0.000000E+0000  5.417331E-0003  1.166865E-0003  6.188377E-0003  8.570814E-0004
  5.431187E-0003  7.723605E-0003  2.689352E-0003  4.659491E-0003  1.462838E-0002  4.596778E-0003  5.417331E-0003  0.000000E+0000  3.368943E-0003  1.354852E-0002  1.089821E-0002
  2.193403E-0003  3.020309E-0003  1.798415E-0003  2.523558E-0003  4.267593E-0003  3.176836E-0003  1.166865E-0003  3.368943E-0003  0.000000E+0000  6.456860E-0003  2.137257E-0003
  5.528949E-0003  3.916529E-0003  2.568761E-0003  4.335220E-0003  1.182921E-0002  8.613060E-0003  6.188377E-0003  1.354852E-0002  6.456860E-0003  0.000000E+0000  1.009999E-0002
  4.907356E-0003  2.322807E-0003  2.365325E-0003  3.951571E-0003  2.466004E-0003  3.958287E-0003  8.570814E-0004  1.089821E-0002  2.137257E-0003  1.009999E-0002  0.000000E+0000

  0.000000E+0000  1.546511E-0004  2.320563E-0005  1.739580E-0005  1.579928E-0004  3.153369E-0005  6.527650E-0005  8.690971E-0005  1.608737E-0005  3.335840E-0005  5.274097E-0005
  1.546511E-0004  0.000000E+0000  2.881128E-0004  4.240616E-0004  5.239792E-0004  3.995118E-0004  4.820031E-0004  8.139717E-0004  1.297871E-0003  8.335056E-0004  5.206517E-0004
  2.320563E-0005  2.881128E-0004  0.000000E+0000  5.780038E-0005  2.163708E-0004  5.873292E-0005  6.855043E-0005  4.150069E-0004  1.320533E-0004  1.284124E-0004  4.338740E-0005
  1.739580E-0005  4.240616E-0004  5.780038E-0005  0.000000E+0000  4.566845E-0004  3.191723E-0004  9.365398E-0005  3.605273E-0004  1.062815E-0004  2.102804E-0004  1.855942E-0004
  1.579928E-0004  5.239792E-0004  2.163708E-0004  4.566845E-0004  0.000000E+0000  4.993016E-0004  3.586620E-0004  1.169386E-0003  1.681249E-0003  8.613254E-0004  3.455087E-0004
  3.153369E-0005  3.995118E-0004  5.873292E-0005  3.191723E-0004  4.993016E-0004  0.000000E+0000  7.716790E-0005  3.367799E-0004  1.046226E-0004  7.503718E-0004  2.188523E-0004
  6.527650E-0005  4.820031E-0004  6.855043E-0005  9.365398E-0005  3.586620E-0004  7.716790E-0005  0.000000E+0000  7.618554E-0004  1.835982E-0004  2.320222E-0004  6.522316E-0005
  8.690971E-0005  8.139717E-0004  4.150069E-0004  3.605273E-0004  1.169386E-0003  3.367799E-0004  7.618554E-0004  0.000000E+0000  8.099184E-0004  9.836536E-0004  9.015420E-0004
  1.608737E-0005  1.297871E-0003  1.320533E-0004  1.062815E-0004  1.681249E-0003  1.046226E-0004  1.835982E-0004  8.099184E-0004  0.000000E+0000  5.441533E-0004  5.365063E-0004
  3.335840E-0005  8.335056E-0004  1.284124E-0004  2.102804E-0004  8.613254E-0004  7.503718E-0004  2.320222E-0004  9.836536E-0004  5.441533E-0004  0.000000E+0000  2.513211E-0004
  5.274097E-0005  5.206517E-0004  4.338740E-0005  1.855942E-0004  3.455087E-0004  2.188523E-0004  6.522316E-0005  9.015420E-0004  5.365063E-0004  2.513211E-0004  0.000000E+0000

  0.000000E+0000  6.196566E-0004  1.889983E-0004  6.334360E-0004  9.946240E-0004  1.715614E-0004  4.586637E-0004  6.803463E-0004  1.722657E-0004  5.466583E-0004  7.268097E-0004
  6.196566E-0004  0.000000E+0000  2.020679E-0004  7.879972E-0004  9.224728E-0004  6.115391E-0004  2.337548E-0004  6.332712E-0004  4.682580E-0004  1.062572E-0003  5.079022E-0004
  1.889983E-0004  2.020679E-0004  0.000000E+0000  6.566733E-0004  6.237776E-0004  3.069920E-0004  2.683215E-0004  7.725736E-0004  3.001354E-0004  7.742783E-0004  6.615442E-0004
  6.334360E-0004  7.879972E-0004  6.566733E-0004  0.000000E+0000  2.255423E-0003  1.634133E-0003  1.121091E-0003  3.263983E-0003  1.113296E-0003  3.071330E-0003  2.286580E-0003
  9.946240E-0004  9.224728E-0004  6.237776E-0004  2.255423E-0003  0.000000E+0000  1.404556E-0003  4.360900E-0004  1.005830E-0003  6.529004E-0004  9.509495E-0004  7.403003E-0004
  1.715614E-0004  6.115391E-0004  3.069920E-0004  1.634133E-0003  1.404556E-0003  0.000000E+0000  3.044770E-0004  1.388476E-0003  1.223533E-0003  2.094116E-0003  1.107669E-0003
  4.586637E-0004  2.337548E-0004  2.683215E-0004  1.121091E-0003  4.360900E-0004  3.044770E-0004  0.000000E+0000  3.783959E-0004  3.066713E-0004  4.147557E-0004  1.779786E-0004
  6.803463E-0004  6.332712E-0004  7.725736E-0004  3.263983E-0003  1.005830E-0003  1.388476E-0003  3.783959E-0004  0.000000E+0000  6.150241E-0004  1.049159E-0003  7.257074E-0004
  1.722657E-0004  4.682580E-0004  3.001354E-0004  1.113296E-0003  6.529004E-0004  1.223533E-0003  3.066713E-0004  6.150241E-0004  0.000000E+0000  4.596111E-0004  4.251428E-0004
  5.466583E-0004  1.062572E-0003  7.742783E-0004  3.071330E-0003  9.509495E-0004  2.094116E-0003  4.147557E-0004  1.049159E-0003  4.596111E-0004  0.000000E+0000  6.436380E-0004
  7.268097E-0004  5.079022E-0004  6.615442E-0004  2.286580E-0003  7.403003E-0004  1.107669E-0003  1.779786E-0004  7.257074E-0004  4.251428E-0004  6.436380E-0004  0.000000E+0000
