6661999 = Ignore first line (new format code)
File name: E:\Folders\PhD\ISAD\ISAD_Curry_data\ISAD_EEGs\eLORETA\EEGs_128Hz_200sec-window\Clinical_v_Healthy\T1_clinical_all\F76-ROIlinLagConn-crss.txt
1 = Number of time frames in Time X Frequency decomposition
3 = Number of EEG files
11 = Number Electrodes
25600 = Number of time frames in EEG files
32768 = Number of time frames in EEG files power of 2
7 = Number of matrices
5 = Band type (1=Classical1; 2=Classical2; 3=DiscreteFreqs; 4=AllDiscreteFreqs; 5=UserDefinedBands)
 1.280000E+0002 = Sampling rate Hz
-1.000000E+0002 = Freq1 Hz
-1.000000E+0002 = Freq2 Hz
 3.906250E-0003 = Frequency resolution Hz

  0.000000E+0000  5.394305E-0002  1.219227E-0002  3.317042E-0002  2.970894E-0002  2.603755E-0002  1.919111E-0002  3.467843E-0002  1.947058E-0002  3.106907E-0002  1.784233E-0002
  5.394305E-0002  0.000000E+0000  1.034889E-0002  5.469181E-0002  1.770072E-0002  3.878321E-0002  2.401058E-0002  3.845410E-0002  1.557612E-0002  4.381622E-0002  5.416132E-0002
  1.219227E-0002  1.034889E-0002  0.000000E+0000  1.521450E-0002  1.223451E-0002  4.216258E-0002  2.230609E-0002  3.928750E-0002  7.455096E-0002  5.547158E-0002  2.575100E-0002
  3.317042E-0002  5.469181E-0002  1.521450E-0002  0.000000E+0000  1.952805E-0002  2.706551E-0002  4.740715E-0002  4.337226E-0002  1.908477E-0002  3.336769E-0002  6.569295E-0002
  2.970894E-0002  1.770072E-0002  1.223451E-0002  1.952805E-0002  0.000000E+0000  1.898194E-0002  8.157643E-0003  3.517547E-0002  3.483023E-0002  4.127900E-0002  1.338020E-0002
  2.603755E-0002  3.878321E-0002  4.216258E-0002  2.706551E-0002  1.898194E-0002  0.000000E+0000  3.497044E-0002  5.540234E-0002  3.201765E-0002  5.048218E-0002  3.842974E-0002
  1.919111E-0002  2.401058E-0002  2.230609E-0002  4.740715E-0002  8.157643E-0003  3.497044E-0002  0.000000E+0000  4.381258E-0002  1.627009E-0002  8.906277E-0003  1.019738E-0002
  3.467843E-0002  3.845410E-0002  3.928750E-0002  4.337226E-0002  3.517547E-0002  5.540234E-0002  4.381258E-0002  0.000000E+0000  1.059136E-0001  5.544504E-0002  9.351083E-0002
  1.947058E-0002  1.557612E-0002  7.455096E-0002  1.908477E-0002  3.483023E-0002  3.201765E-0002  1.627009E-0002  1.059136E-0001  0.000000E+0000  3.724582E-0002  7.971819E-0002
  3.106907E-0002  4.381622E-0002  5.547158E-0002  3.336769E-0002  4.127900E-0002  5.048218E-0002  8.906277E-0003  5.544504E-0002  3.724582E-0002  0.000000E+0000  3.775829E-0002
  1.784233E-0002  5.416132E-0002  2.575100E-0002  6.569295E-0002  1.338020E-0002  3.842974E-0002  1.019738E-0002  9.351083E-0002  7.971819E-0002  3.775829E-0002  0.000000E+0000

  0.000000E+0000  1.474227E-0002  1.067931E-0003  1.453339E-0002  2.453221E-0003  1.635783E-0002  6.490015E-0004  9.293688E-0003  3.210830E-0004  1.428788E-0002  1.590153E-0003
  1.474227E-0002  0.000000E+0000  2.678578E-0003  1.339558E-0002  2.694555E-0003  1.590655E-0002  7.933210E-0004  7.831462E-0003  7.003254E-0003  1.494647E-0002  1.541537E-0003
  1.067931E-0003  2.678578E-0003  0.000000E+0000  5.117550E-0003  2.247458E-0003  1.664283E-0003  4.618881E-0004  3.387165E-0003  2.511109E-0004  1.257788E-0003  2.261551E-0003
  1.453339E-0002  1.339558E-0002  5.117550E-0003  0.000000E+0000  3.922072E-0003  5.536140E-0003  4.606260E-0003  1.330656E-0002  2.218110E-0003  2.465248E-0002  4.209463E-0003
  2.453221E-0003  2.694555E-0003  2.247458E-0003  3.922072E-0003  0.000000E+0000  1.864874E-0003  2.886182E-0003  5.065603E-0003  4.003065E-0003  2.259199E-0003  9.332234E-0004
  1.635783E-0002  1.590655E-0002  1.664283E-0003  5.536140E-0003  1.864874E-0003  0.000000E+0000  6.103793E-0003  2.075447E-0002  9.311712E-0004  3.207782E-0002  2.975387E-0003
  6.490015E-0004  7.933210E-0004  4.618881E-0004  4.606260E-0003  2.886182E-0003  6.103793E-0003  0.000000E+0000  9.939594E-0004  3.316246E-0003  3.353758E-0003  2.217980E-0003
  9.293688E-0003  7.831462E-0003  3.387165E-0003  1.330656E-0002  5.065603E-0003  2.075447E-0002  9.939594E-0004  0.000000E+0000  1.308654E-0002  2.107469E-0002  2.864421E-0003
  3.210830E-0004  7.003254E-0003  2.511109E-0004  2.218110E-0003  4.003065E-0003  9.311712E-0004  3.316246E-0003  1.308654E-0002  0.000000E+0000  8.158000E-0004  1.567710E-0003
  1.428788E-0002  1.494647E-0002  1.257788E-0003  2.465248E-0002  2.259199E-0003  3.207782E-0002  3.353758E-0003  2.107469E-0002  8.158000E-0004  0.000000E+0000  4.652508E-0003
  1.590153E-0003  1.541537E-0003  2.261551E-0003  4.209463E-0003  9.332234E-0004  2.975387E-0003  2.217980E-0003  2.864421E-0003  1.567710E-0003  4.652508E-0003  0.000000E+0000

  0.000000E+0000  5.346097E-0004  9.077340E-0004  1.916963E-0002  9.106522E-0003  5.423757E-0003  3.559212E-0003  4.372248E-0003  5.641239E-0003  5.399386E-0003  1.128412E-0002
  5.346097E-0004  0.000000E+0000  1.260560E-0003  7.401692E-0003  5.307056E-0003  5.051025E-0003  6.258804E-0003  5.274935E-0003  4.197925E-0003  5.054066E-0003  9.623983E-0003
  9.077340E-0004  1.260560E-0003  0.000000E+0000  4.374999E-0003  1.178915E-0003  1.537941E-0003  1.678309E-0003  2.851207E-0003  1.833922E-0003  2.786568E-0003  2.973455E-0003
  1.916963E-0002  7.401692E-0003  4.374999E-0003  0.000000E+0000  6.643592E-0003  9.073482E-0003  5.637304E-0003  6.832192E-0003  1.112136E-0002  8.615120E-0003  9.755774E-0003
  9.106522E-0003  5.307056E-0003  1.178915E-0003  6.643592E-0003  0.000000E+0000  3.112274E-0003  3.775795E-0003  4.942021E-0003  1.586002E-0003  2.031117E-0003  1.048519E-0002
  5.423757E-0003  5.051025E-0003  1.537941E-0003  9.073482E-0003  3.112274E-0003  0.000000E+0000  6.129534E-0003  9.859746E-0003  7.531913E-0003  5.449406E-0003  7.340026E-0003
  3.559212E-0003  6.258804E-0003  1.678309E-0003  5.637304E-0003  3.775795E-0003  6.129534E-0003  0.000000E+0000  5.230035E-0003  4.242042E-0003  5.520963E-0003  6.375310E-0003
  4.372248E-0003  5.274935E-0003  2.851207E-0003  6.832192E-0003  4.942021E-0003  9.859746E-0003  5.230035E-0003  0.000000E+0000  2.503179E-0003  9.547712E-0003  7.876880E-0003
  5.641239E-0003  4.197925E-0003  1.833922E-0003  1.112136E-0002  1.586002E-0003  7.531913E-0003  4.242042E-0003  2.503179E-0003  0.000000E+0000  5.942003E-0003  8.836951E-0003
  5.399386E-0003  5.054066E-0003  2.786568E-0003  8.615120E-0003  2.031117E-0003  5.449406E-0003  5.520963E-0003  9.547712E-0003  5.942003E-0003  0.000000E+0000  8.832718E-0003
  1.128412E-0002  9.623983E-0003  2.973455E-0003  9.755774E-0003  1.048519E-0002  7.340026E-0003  6.375310E-0003  7.876880E-0003  8.836951E-0003  8.832718E-0003  0.000000E+0000

  0.000000E+0000  1.948286E-0002  4.602083E-0003  2.119846E-0002  1.730522E-0003  6.685019E-0003  4.544884E-0003  9.510780E-0003  3.174175E-0003  8.475055E-0003  2.379702E-0003
  1.948286E-0002  0.000000E+0000  2.059012E-0002  7.561982E-0003  5.633007E-0002  2.725641E-0002  1.810597E-0002  2.128688E-0002  7.025657E-0002  2.800016E-0002  5.252914E-0002
  4.602083E-0003  2.059012E-0002  0.000000E+0000  1.974362E-0002  5.062321E-0003  1.299204E-0002  9.712681E-0003  1.430614E-0002  4.393505E-0003  1.264099E-0002  5.232507E-0003
  2.119846E-0002  7.561982E-0003  1.974362E-0002  0.000000E+0000  4.626072E-0002  2.499788E-0002  1.394606E-0002  1.844167E-0002  6.408599E-0002  2.621395E-0002  4.983782E-0002
  1.730522E-0003  5.633007E-0002  5.062321E-0003  4.626072E-0002  0.000000E+0000  1.765394E-0002  1.539849E-0002  9.637554E-0003  2.483817E-0002  1.503028E-0002  6.498788E-0003
  6.685019E-0003  2.725641E-0002  1.299204E-0002  2.499788E-0002  1.765394E-0002  0.000000E+0000  5.728380E-0003  6.809285E-0003  5.480859E-0002  1.691058E-0002  1.816314E-0002
  4.544884E-0003  1.810597E-0002  9.712681E-0003  1.394606E-0002  1.539849E-0002  5.728380E-0003  0.000000E+0000  5.844255E-0003  3.069557E-0002  5.218802E-0003  1.442341E-0002
  9.510780E-0003  2.128688E-0002  1.430614E-0002  1.844167E-0002  9.637554E-0003  6.809285E-0003  5.844255E-0003  0.000000E+0000  3.169437E-0002  6.737514E-0003  5.895908E-0003
  3.174175E-0003  7.025657E-0002  4.393505E-0003  6.408599E-0002  2.483817E-0002  5.480859E-0002  3.069557E-0002  3.169437E-0002  0.000000E+0000  5.089191E-0002  3.122086E-0002
  8.475055E-0003  2.800016E-0002  1.264099E-0002  2.621395E-0002  1.503028E-0002  1.691058E-0002  5.218802E-0003  6.737514E-0003  5.089191E-0002  0.000000E+0000  1.641329E-0002
  2.379702E-0003  5.252914E-0002  5.232507E-0003  4.983782E-0002  6.498788E-0003  1.816314E-0002  1.442341E-0002  5.895908E-0003  3.122086E-0002  1.641329E-0002  0.000000E+0000

  0.000000E+0000  3.323786E-0003  5.633732E-0004  8.876775E-0003  7.543730E-0004  3.826428E-0003  9.274630E-0003  3.888966E-0003  1.271180E-0003  5.914732E-0003  3.844644E-0003
  3.323786E-0003  0.000000E+0000  8.517848E-0003  2.840182E-0002  6.198907E-0003  4.675401E-0002  3.056536E-0002  2.042733E-0003  8.662067E-0003  6.769484E-0002  4.593791E-0002
  5.633732E-0004  8.517848E-0003  0.000000E+0000  8.253522E-0003  1.754499E-0003  1.257842E-0002  1.125569E-0002  8.442587E-0003  2.425093E-0003  1.238656E-0002  7.550616E-0003
  8.876775E-0003  2.840182E-0002  8.253522E-0003  0.000000E+0000  8.181722E-0003  1.133612E-0001  2.931439E-0002  5.260912E-0002  8.720170E-0003  1.734959E-0001  5.148847E-0002
  7.543730E-0004  6.198907E-0003  1.754499E-0003  8.181722E-0003  0.000000E+0000  3.126719E-0002  4.202904E-0002  1.265392E-0002  5.979419E-0003  2.014703E-0002  4.145797E-0002
  3.826428E-0003  4.675401E-0002  1.257842E-0002  1.133612E-0001  3.126719E-0002  0.000000E+0000  9.070558E-0002  5.037623E-0002  2.623740E-0002  1.540437E-0001  8.741906E-0002
  9.274630E-0003  3.056536E-0002  1.125569E-0002  2.931439E-0002  4.202904E-0002  9.070558E-0002  0.000000E+0000  6.694140E-0002  3.164695E-0002  7.956471E-0002  3.110203E-0002
  3.888966E-0003  2.042733E-0003  8.442587E-0003  5.260912E-0002  1.265392E-0002  5.037623E-0002  6.694140E-0002  0.000000E+0000  1.828824E-0002  8.898801E-0002  3.549850E-0002
  1.271180E-0003  8.662067E-0003  2.425093E-0003  8.720170E-0003  5.979419E-0003  2.623740E-0002  3.164695E-0002  1.828824E-0002  0.000000E+0000  2.208826E-0002  2.674614E-0002
  5.914732E-0003  6.769484E-0002  1.238656E-0002  1.734959E-0001  2.014703E-0002  1.540437E-0001  7.956471E-0002  8.898801E-0002  2.208826E-0002  0.000000E+0000  1.236830E-0001
  3.844644E-0003  4.593791E-0002  7.550616E-0003  5.148847E-0002  4.145797E-0002  8.741906E-0002  3.110203E-0002  3.549850E-0002  2.674614E-0002  1.236830E-0001  0.000000E+0000

  0.000000E+0000  1.332604E-0003  1.662550E-0003  7.721967E-0004  1.073040E-0003  7.396578E-0004  2.073041E-0003  2.345899E-0004  2.754272E-0003  6.717446E-0004  4.257536E-0003
  1.332604E-0003  0.000000E+0000  5.925687E-0003  5.388347E-0003  1.811382E-0002  1.180079E-0002  7.798028E-0003  4.338326E-0003  1.068197E-0002  1.279606E-0002  1.289767E-0002
  1.662550E-0003  5.925687E-0003  0.000000E+0000  7.954404E-0003  3.808293E-0003  1.318014E-0002  4.324762E-0003  1.671971E-0003  4.437423E-0003  1.318677E-0002  7.357342E-0003
  7.721967E-0004  5.388347E-0003  7.954404E-0003  0.000000E+0000  8.746222E-0003  1.095930E-0002  9.727866E-0003  5.286510E-0003  6.915754E-0003  1.285067E-0002  1.786092E-0002
  1.073040E-0003  1.811382E-0002  3.808293E-0003  8.746222E-0003  0.000000E+0000  1.948868E-0002  2.940474E-0003  4.100041E-0003  3.077976E-0003  1.831103E-0002  1.578861E-0002
  7.396578E-0004  1.180079E-0002  1.318014E-0002  1.095930E-0002  1.948868E-0002  0.000000E+0000  1.606027E-0002  1.003876E-0002  1.083742E-0002  2.651260E-0002  3.219336E-0002
  2.073041E-0003  7.798028E-0003  4.324762E-0003  9.727866E-0003  2.940474E-0003  1.606027E-0002  0.000000E+0000  4.077253E-0003  4.513824E-0003  1.660210E-0002  1.885983E-0002
  2.345899E-0004  4.338326E-0003  1.671971E-0003  5.286510E-0003  4.100041E-0003  1.003876E-0002  4.077253E-0003  0.000000E+0000  2.141468E-0003  1.106342E-0002  1.053879E-0002
  2.754272E-0003  1.068197E-0002  4.437423E-0003  6.915754E-0003  3.077976E-0003  1.083742E-0002  4.513824E-0003  2.141468E-0003  0.000000E+0000  1.199307E-0002  1.168211E-0002
  6.717446E-0004  1.279606E-0002  1.318677E-0002  1.285067E-0002  1.831103E-0002  2.651260E-0002  1.660210E-0002  1.106342E-0002  1.199307E-0002  0.000000E+0000  3.450855E-0002
  4.257536E-0003  1.289767E-0002  7.357342E-0003  1.786092E-0002  1.578861E-0002  3.219336E-0002  1.885983E-0002  1.053879E-0002  1.168211E-0002  3.450855E-0002  0.000000E+0000

  0.000000E+0000  3.069491E-0004  8.497048E-0004  1.633041E-0003  2.074215E-0004  5.164549E-0004  8.217932E-0004  1.692291E-0003  1.653408E-0003  4.553809E-0004  6.699387E-0004
  3.069491E-0004  0.000000E+0000  1.498623E-0003  1.644086E-0003  1.184118E-0003  2.516738E-0003  3.740829E-0004  9.545907E-0004  9.783198E-0004  2.293451E-0003  9.441185E-0004
  8.497048E-0004  1.498623E-0003  0.000000E+0000  3.354736E-0004  5.160120E-0004  5.390613E-0004  1.560070E-0004  9.374454E-0004  1.935270E-0003  5.865841E-0004  7.906487E-0004
  1.633041E-0003  1.644086E-0003  3.354736E-0004  0.000000E+0000  8.760914E-0004  2.655112E-0003  2.661443E-0004  9.825618E-0004  2.630112E-0003  2.662194E-0003  4.701459E-0004
  2.074215E-0004  1.184118E-0003  5.160120E-0004  8.760914E-0004  0.000000E+0000  2.903820E-0003  2.082691E-0004  9.805265E-0005  7.491253E-0004  3.727557E-0003  3.023946E-0004
  5.164549E-0004  2.516738E-0003  5.390613E-0004  2.655112E-0003  2.903820E-0003  0.000000E+0000  3.443511E-0004  5.443753E-0004  1.056001E-0003  4.237271E-0003  7.423697E-0004
  8.217932E-0004  3.740829E-0004  1.560070E-0004  2.661443E-0004  2.082691E-0004  3.443511E-0004  0.000000E+0000  5.072491E-0004  6.416911E-0004  3.784828E-0004  2.180481E-0004
  1.692291E-0003  9.545907E-0004  9.374454E-0004  9.825618E-0004  9.805265E-0005  5.443753E-0004  5.072491E-0004  0.000000E+0000  1.024840E-0003  6.517514E-0004  1.516009E-0003
  1.653408E-0003  9.783198E-0004  1.935270E-0003  2.630112E-0003  7.491253E-0004  1.056001E-0003  6.416911E-0004  1.024840E-0003  0.000000E+0000  1.405553E-0003  2.937019E-0003
  4.553809E-0004  2.293451E-0003  5.865841E-0004  2.662194E-0003  3.727557E-0003  4.237271E-0003  3.784828E-0004  6.517514E-0004  1.405553E-0003  0.000000E+0000  1.394853E-0003
  6.699387E-0004  9.441185E-0004  7.906487E-0004  4.701459E-0004  3.023946E-0004  7.423697E-0004  2.180481E-0004  1.516009E-0003  2.937019E-0003  1.394853E-0003  0.000000E+0000
