6661999 = Ignore first line (new format code)
File name: E:\Folders\PhD\ISAD\ISAD_Curry_data\ISAD_EEGs\eLORETA\EEGs_128Hz_200sec-window\Clinical_v_Healthy\T1_clinical_all\F77-ROIlinLagConn-crss.txt
1 = Number of time frames in Time X Frequency decomposition
3 = Number of EEG files
11 = Number Electrodes
25600 = Number of time frames in EEG files
32768 = Number of time frames in EEG files power of 2
7 = Number of matrices
5 = Band type (1=Classical1; 2=Classical2; 3=DiscreteFreqs; 4=AllDiscreteFreqs; 5=UserDefinedBands)
 1.280000E+0002 = Sampling rate Hz
-1.000000E+0002 = Freq1 Hz
-1.000000E+0002 = Freq2 Hz
 3.906250E-0003 = Frequency resolution Hz

  0.000000E+0000  1.108441E-0002  1.241812E-0002  1.869342E-0002  3.004019E-0002  4.916500E-0002  1.024739E-0002  7.483316E-0002  1.457219E-0002  6.710329E-0002  3.597457E-0002
  1.108441E-0002  0.000000E+0000  2.442578E-0003  1.508120E-0002  1.138118E-0002  1.348306E-0002  7.691195E-0003  3.289832E-0003  3.042430E-0003  1.357166E-0002  4.648346E-0003
  1.241812E-0002  2.442578E-0003  0.000000E+0000  2.929678E-0003  3.188507E-0002  1.998286E-0002  4.014014E-0002  1.674382E-0002  2.663389E-0002  4.102053E-0002  3.908632E-0002
  1.869342E-0002  1.508120E-0002  2.929678E-0003  0.000000E+0000  6.537755E-0002  7.701153E-0002  3.069688E-0002  1.616994E-0002  1.007300E-0002  1.854868E-0002  3.218799E-0002
  3.004019E-0002  1.138118E-0002  3.188507E-0002  6.537755E-0002  0.000000E+0000  5.094315E-0002  1.822314E-0002  3.393098E-0002  2.102707E-0002  7.769264E-0002  3.576256E-0002
  4.916500E-0002  1.348306E-0002  1.998286E-0002  7.701153E-0002  5.094315E-0002  0.000000E+0000  5.130645E-0002  2.639627E-0002  1.471343E-0002  7.635015E-0002  1.117615E-0001
  1.024739E-0002  7.691195E-0003  4.014014E-0002  3.069688E-0002  1.822314E-0002  5.130645E-0002  0.000000E+0000  1.979880E-0002  1.161948E-0002  4.142519E-0002  4.977973E-0002
  7.483316E-0002  3.289832E-0003  1.674382E-0002  1.616994E-0002  3.393098E-0002  2.639627E-0002  1.979880E-0002  0.000000E+0000  3.122539E-0002  4.891144E-0002  4.291536E-0002
  1.457219E-0002  3.042430E-0003  2.663389E-0002  1.007300E-0002  2.102707E-0002  1.471343E-0002  1.161948E-0002  3.122539E-0002  0.000000E+0000  3.585242E-0002  4.384765E-0002
  6.710329E-0002  1.357166E-0002  4.102053E-0002  1.854868E-0002  7.769264E-0002  7.635015E-0002  4.142519E-0002  4.891144E-0002  3.585242E-0002  0.000000E+0000  1.411213E-0001
  3.597457E-0002  4.648346E-0003  3.908632E-0002  3.218799E-0002  3.576256E-0002  1.117615E-0001  4.977973E-0002  4.291536E-0002  4.384765E-0002  1.411213E-0001  0.000000E+0000

  0.000000E+0000  1.045696E-0003  2.301225E-0003  5.522546E-0003  3.384557E-0003  4.077164E-0003  1.102212E-0003  2.873259E-0003  8.049269E-0003  2.057096E-0003  7.825823E-0004
  1.045696E-0003  0.000000E+0000  1.289320E-0003  9.281421E-0004  5.757121E-0004  9.503335E-0004  7.151269E-0004  7.705636E-0004  7.386673E-0004  2.523552E-0004  9.062289E-0004
  2.301225E-0003  1.289320E-0003  0.000000E+0000  4.716973E-0003  9.139810E-0003  1.584044E-0002  3.116943E-0003  1.050096E-0002  8.961267E-0003  5.531365E-0003  3.491343E-0003
  5.522546E-0003  9.281421E-0004  4.716973E-0003  0.000000E+0000  5.274155E-0003  4.275767E-0003  1.700900E-0003  4.827586E-0003  6.705449E-0003  6.373574E-0003  2.286530E-0003
  3.384557E-0003  5.757121E-0004  9.139810E-0003  5.274155E-0003  0.000000E+0000  8.202640E-0003  3.459862E-0003  2.931822E-0003  1.967225E-0003  2.457877E-0003  1.282625E-0003
  4.077164E-0003  9.503335E-0004  1.584044E-0002  4.275767E-0003  8.202640E-0003  0.000000E+0000  1.225330E-0002  8.713795E-0003  1.140640E-0002  1.157158E-0002  7.554450E-0003
  1.102212E-0003  7.151269E-0004  3.116943E-0003  1.700900E-0003  3.459862E-0003  1.225330E-0002  0.000000E+0000  8.505538E-0003  7.669733E-0003  7.167165E-0003  3.337720E-0003
  2.873259E-0003  7.705636E-0004  1.050096E-0002  4.827586E-0003  2.931822E-0003  8.713795E-0003  8.505538E-0003  0.000000E+0000  9.490740E-0003  4.474205E-0003  6.572636E-0003
  8.049269E-0003  7.386673E-0004  8.961267E-0003  6.705449E-0003  1.967225E-0003  1.140640E-0002  7.669733E-0003  9.490740E-0003  0.000000E+0000  5.950265E-0003  4.225859E-0003
  2.057096E-0003  2.523552E-0004  5.531365E-0003  6.373574E-0003  2.457877E-0003  1.157158E-0002  7.167165E-0003  4.474205E-0003  5.950265E-0003  0.000000E+0000  4.244554E-0003
  7.825823E-0004  9.062289E-0004  3.491343E-0003  2.286530E-0003  1.282625E-0003  7.554450E-0003  3.337720E-0003  6.572636E-0003  4.225859E-0003  4.244554E-0003  0.000000E+0000

  0.000000E+0000  2.648838E-0004  7.051231E-0004  1.876081E-0003  8.317276E-0003  3.837227E-0003  7.776835E-0003  4.586767E-0003  8.292613E-0003  4.860289E-0003  7.306649E-0003
  2.648838E-0004  0.000000E+0000  4.093542E-0005  2.515936E-0004  1.244056E-0003  2.408157E-0004  3.001973E-0004  4.513525E-0004  2.822935E-0004  4.399856E-0004  1.214603E-0004
  7.051231E-0004  4.093542E-0005  0.000000E+0000  4.831493E-0004  2.245053E-0003  7.128416E-0004  1.129554E-0003  1.831882E-0003  1.779967E-0003  1.037869E-0003  2.404862E-0003
  1.876081E-0003  2.515936E-0004  4.831493E-0004  0.000000E+0000  1.420371E-0003  2.379685E-0003  1.243263E-0003  9.666368E-0004  1.406932E-0003  1.516867E-0003  1.173985E-0003
  8.317276E-0003  1.244056E-0003  2.245053E-0003  1.420371E-0003  0.000000E+0000  5.064240E-0003  4.486797E-0003  7.728776E-0003  6.626851E-0003  7.913813E-0003  6.033978E-0003
  3.837227E-0003  2.408157E-0004  7.128416E-0004  2.379685E-0003  5.064240E-0003  0.000000E+0000  2.911648E-0003  4.736098E-0003  2.527672E-0003  4.603559E-0003  1.793481E-0003
  7.776835E-0003  3.001973E-0004  1.129554E-0003  1.243263E-0003  4.486797E-0003  2.911648E-0003  0.000000E+0000  8.201855E-0003  7.790464E-0003  7.317275E-0003  7.617862E-0003
  4.586767E-0003  4.513525E-0004  1.831882E-0003  9.666368E-0004  7.728776E-0003  4.736098E-0003  8.201855E-0003  0.000000E+0000  8.794327E-0003  3.533210E-0003  7.104748E-0003
  8.292613E-0003  2.822935E-0004  1.779967E-0003  1.406932E-0003  6.626851E-0003  2.527672E-0003  7.790464E-0003  8.794327E-0003  0.000000E+0000  7.153052E-0003  8.206545E-0003
  4.860289E-0003  4.399856E-0004  1.037869E-0003  1.516867E-0003  7.913813E-0003  4.603559E-0003  7.317275E-0003  3.533210E-0003  7.153052E-0003  0.000000E+0000  4.075643E-0003
  7.306649E-0003  1.214603E-0004  2.404862E-0003  1.173985E-0003  6.033978E-0003  1.793481E-0003  7.617862E-0003  7.104748E-0003  8.206545E-0003  4.075643E-0003  0.000000E+0000

  0.000000E+0000  4.978415E-0004  2.700834E-0003  6.000630E-0003  2.260141E-0003  1.146369E-0002  2.056282E-0003  1.522536E-0002  3.980089E-0003  1.880579E-0002  5.146621E-0003
  4.978415E-0004  0.000000E+0000  1.150405E-0003  1.728266E-0003  2.431443E-0003  1.909913E-0003  1.239612E-0003  5.026401E-0003  2.084213E-0003  5.225996E-0003  2.804722E-0003
  2.700834E-0003  1.150405E-0003  0.000000E+0000  6.208048E-0003  1.889348E-0003  5.440696E-0003  4.327871E-0003  1.372401E-0002  1.385604E-0003  1.335499E-0002  3.083643E-0003
  6.000630E-0003  1.728266E-0003  6.208048E-0003  0.000000E+0000  5.876614E-0003  3.461469E-0003  1.090510E-0002  1.842063E-0003  8.330152E-0003  6.143136E-0003  1.280106E-0002
  2.260141E-0003  2.431443E-0003  1.889348E-0003  5.876614E-0003  0.000000E+0000  7.951377E-0004  2.763717E-0003  6.167951E-0003  2.159588E-0003  3.943994E-0003  7.134680E-0004
  1.146369E-0002  1.909913E-0003  5.440696E-0003  3.461469E-0003  7.951377E-0004  0.000000E+0000  8.893200E-0003  4.879924E-0003  9.513494E-0003  5.040475E-0003  1.440941E-0002
  2.056282E-0003  1.239612E-0003  4.327871E-0003  1.090510E-0002  2.763717E-0003  8.893200E-0003  0.000000E+0000  1.104466E-0002  2.439454E-0003  1.325508E-0002  4.773694E-0003
  1.522536E-0002  5.026401E-0003  1.372401E-0002  1.842063E-0003  6.167951E-0003  4.879924E-0003  1.104466E-0002  0.000000E+0000  1.478417E-0002  1.561623E-0002  1.023208E-0002
  3.980089E-0003  2.084213E-0003  1.385604E-0003  8.330152E-0003  2.159588E-0003  9.513494E-0003  2.439454E-0003  1.478417E-0002  0.000000E+0000  1.591128E-0002  4.204371E-0003
  1.880579E-0002  5.225996E-0003  1.335499E-0002  6.143136E-0003  3.943994E-0003  5.040475E-0003  1.325508E-0002  1.561623E-0002  1.591128E-0002  0.000000E+0000  1.354262E-0002
  5.146621E-0003  2.804722E-0003  3.083643E-0003  1.280106E-0002  7.134680E-0004  1.440941E-0002  4.773694E-0003  1.023208E-0002  4.204371E-0003  1.354262E-0002  0.000000E+0000

  0.000000E+0000  2.769590E-0002  5.033075E-0002  1.207181E-0001  5.208630E-0002  6.940431E-0002  7.306699E-0002  1.377347E-0001  5.289113E-0002  1.839823E-0001  1.208586E-0001
  2.769590E-0002  0.000000E+0000  3.489552E-0002  3.409595E-0002  2.225827E-0002  3.382991E-0002  2.597325E-0002  5.212981E-0002  2.650956E-0002  5.344112E-0002  4.297113E-0002
  5.033075E-0002  3.489552E-0002  0.000000E+0000  1.004004E-0001  3.585234E-0002  1.239477E-0001  1.308769E-0001  1.066566E-0001  6.675404E-0002  1.407272E-0001  1.220943E-0001
  1.207181E-0001  3.409595E-0002  1.004004E-0001  0.000000E+0000  2.325168E-0002  1.608494E-0001  1.324464E-0001  1.593175E-0001  9.842203E-0002  1.884530E-0001  1.667420E-0001
  5.208630E-0002  2.225827E-0002  3.585234E-0002  2.325168E-0002  0.000000E+0000  8.816452E-0002  8.785560E-0002  3.163508E-0002  5.593707E-0002  1.059778E-0001  8.373652E-0002
  6.940431E-0002  3.382991E-0002  1.239477E-0001  1.608494E-0001  8.816452E-0002  0.000000E+0000  1.306482E-0001  1.849603E-0001  8.566687E-0002  2.641738E-0001  1.480568E-0001
  7.306699E-0002  2.597325E-0002  1.308769E-0001  1.324464E-0001  8.785560E-0002  1.306482E-0001  0.000000E+0000  1.890364E-0001  9.109575E-0002  2.416860E-0001  1.193081E-0001
  1.377347E-0001  5.212981E-0002  1.066566E-0001  1.593175E-0001  3.163508E-0002  1.849603E-0001  1.890364E-0001  0.000000E+0000  1.127792E-0001  2.235266E-0001  1.644519E-0001
  5.289113E-0002  2.650956E-0002  6.675404E-0002  9.842203E-0002  5.593707E-0002  8.566687E-0002  9.109575E-0002  1.127792E-0001  0.000000E+0000  1.660579E-0001  1.077390E-0001
  1.839823E-0001  5.344112E-0002  1.407272E-0001  1.884530E-0001  1.059778E-0001  2.641738E-0001  2.416860E-0001  2.235266E-0001  1.660579E-0001  0.000000E+0000  2.736443E-0001
  1.208586E-0001  4.297113E-0002  1.220943E-0001  1.667420E-0001  8.373652E-0002  1.480568E-0001  1.193081E-0001  1.644519E-0001  1.077390E-0001  2.736443E-0001  0.000000E+0000

  0.000000E+0000  1.850563E-0004  1.238010E-0003  2.041630E-0003  2.977769E-0003  6.967434E-0004  7.830123E-0004  4.564919E-0003  1.502752E-0003  2.910879E-0003  1.685398E-0003
  1.850563E-0004  0.000000E+0000  1.065521E-0004  1.550318E-0003  6.962022E-0004  7.972872E-0004  5.165910E-0004  1.669191E-0004  3.519939E-0004  5.588732E-0004  4.202425E-0004
  1.238010E-0003  1.065521E-0004  0.000000E+0000  3.281939E-0003  2.221719E-0003  1.557088E-0003  7.690315E-0004  1.076208E-0003  3.101362E-0003  1.063227E-0003  1.123850E-0003
  2.041630E-0003  1.550318E-0003  3.281939E-0003  0.000000E+0000  4.474447E-0003  2.409457E-0002  3.056718E-0003  3.125251E-0003  3.097141E-0003  1.654313E-0003  5.077419E-0003
  2.977769E-0003  6.962022E-0004  2.221719E-0003  4.474447E-0003  0.000000E+0000  3.971581E-0003  4.148723E-0003  1.131240E-0003  3.137340E-0003  2.237731E-0003  3.730285E-0003
  6.967434E-0004  7.972872E-0004  1.557088E-0003  2.409457E-0002  3.971581E-0003  0.000000E+0000  2.146471E-0003  2.097792E-0003  4.777559E-0003  1.911104E-0002  2.703920E-0003
  7.830123E-0004  5.165910E-0004  7.690315E-0004  3.056718E-0003  4.148723E-0003  2.146471E-0003  0.000000E+0000  6.908296E-0003  3.923505E-0003  3.659696E-0003  2.587465E-0003
  4.564919E-0003  1.669191E-0004  1.076208E-0003  3.125251E-0003  1.131240E-0003  2.097792E-0003  6.908296E-0003  0.000000E+0000  4.726698E-0003  6.412377E-0003  3.965376E-0003
  1.502752E-0003  3.519939E-0004  3.101362E-0003  3.097141E-0003  3.137340E-0003  4.777559E-0003  3.923505E-0003  4.726698E-0003  0.000000E+0000  3.506748E-0003  2.449650E-0003
  2.910879E-0003  5.588732E-0004  1.063227E-0003  1.654313E-0003  2.237731E-0003  1.911104E-0002  3.659696E-0003  6.412377E-0003  3.506748E-0003  0.000000E+0000  1.995763E-0003
  1.685398E-0003  4.202425E-0004  1.123850E-0003  5.077419E-0003  3.730285E-0003  2.703920E-0003  2.587465E-0003  3.965376E-0003  2.449650E-0003  1.995763E-0003  0.000000E+0000

  0.000000E+0000  1.859758E-0004  7.237828E-0004  1.335165E-0003  1.786022E-0003  1.646140E-0003  4.508148E-0004  4.266901E-0003  3.629950E-0004  2.820920E-0003  1.084739E-0003
  1.859758E-0004  0.000000E+0000  2.126606E-0004  9.695976E-0005  2.430958E-0004  2.341379E-0004  2.192750E-0004  3.129118E-0004  1.268963E-0004  2.252025E-0004  1.435286E-0004
  7.237828E-0004  2.126606E-0004  0.000000E+0000  6.108113E-0004  5.286223E-0004  8.600301E-0004  3.646858E-0004  2.208466E-0003  4.890685E-0004  3.607734E-0004  6.436139E-0004
  1.335165E-0003  9.695976E-0005  6.108113E-0004  0.000000E+0000  2.794926E-0003  4.480063E-0003  4.834508E-0003  1.842832E-0003  1.299889E-0003  2.475557E-0003  4.358581E-0003
  1.786022E-0003  2.430958E-0004  5.286223E-0004  2.794926E-0003  0.000000E+0000  1.838985E-0003  2.373788E-0003  1.687264E-0003  9.088772E-0004  1.713611E-0003  2.618330E-0003
  1.646140E-0003  2.341379E-0004  8.600301E-0004  4.480063E-0003  1.838985E-0003  0.000000E+0000  3.872549E-0003  9.160393E-0004  2.146606E-0003  3.308407E-0003  2.495226E-0003
  4.508148E-0004  2.192750E-0004  3.646858E-0004  4.834508E-0003  2.373788E-0003  3.872549E-0003  0.000000E+0000  2.502361E-0003  3.753693E-0003  5.087838E-0003  2.998262E-0003
  4.266901E-0003  3.129118E-0004  2.208466E-0003  1.842832E-0003  1.687264E-0003  9.160393E-0004  2.502361E-0003  0.000000E+0000  4.038563E-0003  4.761415E-0003  2.551110E-0003
  3.629950E-0004  1.268963E-0004  4.890685E-0004  1.299889E-0003  9.088772E-0004  2.146606E-0003  3.753693E-0003  4.038563E-0003  0.000000E+0000  3.184711E-0003  2.756212E-0003
  2.820920E-0003  2.252025E-0004  3.607734E-0004  2.475557E-0003  1.713611E-0003  3.308407E-0003  5.087838E-0003  4.761415E-0003  3.184711E-0003  0.000000E+0000  4.723173E-0003
  1.084739E-0003  1.435286E-0004  6.436139E-0004  4.358581E-0003  2.618330E-0003  2.495226E-0003  2.998262E-0003  2.551110E-0003  2.756212E-0003  4.723173E-0003  0.000000E+0000
