6661999 = Ignore first line (new format code)
File name: E:\Folders\PhD\ISAD\ISAD_Curry_data\ISAD_EEGs\eLORETA\EEGs_128Hz_200sec-window\Clinical_v_Healthy\T1_clinical_all\F78-ROIlinLagConn-crss.txt
1 = Number of time frames in Time X Frequency decomposition
3 = Number of EEG files
11 = Number Electrodes
25600 = Number of time frames in EEG files
32768 = Number of time frames in EEG files power of 2
7 = Number of matrices
5 = Band type (1=Classical1; 2=Classical2; 3=DiscreteFreqs; 4=AllDiscreteFreqs; 5=UserDefinedBands)
 1.280000E+0002 = Sampling rate Hz
-1.000000E+0002 = Freq1 Hz
-1.000000E+0002 = Freq2 Hz
 3.906250E-0003 = Frequency resolution Hz

  0.000000E+0000  8.558711E-0004  3.618185E-0003  3.779757E-0003  2.146718E-0003  5.568372E-0003  4.279361E-0003  1.061218E-0002  4.200850E-0003  1.013464E-0002  7.488180E-0003
  8.558711E-0004  0.000000E+0000  7.415049E-0004  9.966512E-0003  8.630771E-0003  5.537067E-0003  5.089474E-0003  9.539684E-0004  1.768344E-0002  2.202883E-0002  1.979737E-0002
  3.618185E-0003  7.415049E-0004  0.000000E+0000  6.824760E-0003  4.983199E-0003  4.360657E-0003  4.412304E-0003  2.069283E-0003  5.896224E-0003  1.485249E-0002  1.108375E-0002
  3.779757E-0003  9.966512E-0003  6.824760E-0003  0.000000E+0000  3.621870E-0003  5.551237E-0002  9.386091E-0003  2.467577E-0002  1.408193E-0002  5.271560E-0002  4.205630E-0002
  2.146718E-0003  8.630771E-0003  4.983199E-0003  3.621870E-0003  0.000000E+0000  5.799441E-0002  6.474637E-0003  1.898232E-0002  1.074288E-0002  2.986702E-0002  2.597718E-0002
  5.568372E-0003  5.537067E-0003  4.360657E-0003  5.551237E-0002  5.799441E-0002  0.000000E+0000  1.414679E-0002  1.403319E-0002  4.529317E-0002  7.323571E-0002  7.883392E-0002
  4.279361E-0003  5.089474E-0003  4.412304E-0003  9.386091E-0003  6.474637E-0003  1.414679E-0002  0.000000E+0000  9.740991E-0003  1.253532E-0002  9.656223E-0003  5.494016E-0003
  1.061218E-0002  9.539684E-0004  2.069283E-0003  2.467577E-0002  1.898232E-0002  1.403319E-0002  9.740991E-0003  0.000000E+0000  2.933233E-0002  3.880632E-0002  4.307663E-0002
  4.200850E-0003  1.768344E-0002  5.896224E-0003  1.408193E-0002  1.074288E-0002  4.529317E-0002  1.253532E-0002  2.933233E-0002  0.000000E+0000  2.951120E-0002  2.418882E-0002
  1.013464E-0002  2.202883E-0002  1.485249E-0002  5.271560E-0002  2.986702E-0002  7.323571E-0002  9.656223E-0003  3.880632E-0002  2.951120E-0002  0.000000E+0000  4.820710E-0002
  7.488180E-0003  1.979737E-0002  1.108375E-0002  4.205630E-0002  2.597718E-0002  7.883392E-0002  5.494016E-0003  4.307663E-0002  2.418882E-0002  4.820710E-0002  0.000000E+0000

  0.000000E+0000  4.910278E-0002  6.881042E-0003  4.703021E-0003  6.097543E-0003  4.309959E-0002  8.871199E-0003  7.753129E-0002  2.273200E-0002  1.794081E-0002  2.685414E-0002
  4.910278E-0002  0.000000E+0000  7.017990E-0002  5.486832E-0002  1.064198E-0001  8.760033E-0002  1.158082E-0001  4.481544E-0002  1.214940E-0001  4.073873E-0002  1.147883E-0001
  6.881042E-0003  7.017990E-0002  0.000000E+0000  7.116461E-0003  2.127777E-0003  7.391150E-0002  1.591160E-0002  1.091397E-0001  3.289759E-0002  2.793471E-0002  3.410631E-0002
  4.703021E-0003  5.486832E-0002  7.116461E-0003  0.000000E+0000  1.809248E-0002  6.989649E-0002  2.537557E-0002  1.306286E-0001  6.194964E-0002  4.209308E-0002  8.927318E-0002
  6.097543E-0003  1.064198E-0001  2.127777E-0003  1.809248E-0002  0.000000E+0000  8.201467E-0002  1.811287E-0002  1.985857E-0001  6.854612E-0002  8.341097E-0002  1.062839E-0001
  4.309959E-0002  8.760033E-0002  7.391150E-0002  6.989649E-0002  8.201467E-0002  0.000000E+0000  1.567229E-0001  1.979741E-0001  1.651971E-0001  3.197865E-0002  1.445355E-0001
  8.871199E-0003  1.158082E-0001  1.591160E-0002  2.537557E-0002  1.811287E-0002  1.567229E-0001  0.000000E+0000  1.655121E-0001  3.960190E-0002  6.471238E-0002  3.744953E-0002
  7.753129E-0002  4.481544E-0002  1.091397E-0001  1.306286E-0001  1.985857E-0001  1.979741E-0001  1.655121E-0001  0.000000E+0000  1.599500E-0001  1.426045E-0001  1.428703E-0001
  2.273200E-0002  1.214940E-0001  3.289759E-0002  6.194964E-0002  6.854612E-0002  1.651971E-0001  3.960190E-0002  1.599500E-0001  0.000000E+0000  1.005547E-0001  5.864261E-0002
  1.794081E-0002  4.073873E-0002  2.793471E-0002  4.209308E-0002  8.341097E-0002  3.197865E-0002  6.471238E-0002  1.426045E-0001  1.005547E-0001  0.000000E+0000  1.165249E-0001
  2.685414E-0002  1.147883E-0001  3.410631E-0002  8.927318E-0002  1.062839E-0001  1.445355E-0001  3.744953E-0002  1.428703E-0001  5.864261E-0002  1.165249E-0001  0.000000E+0000

  0.000000E+0000  2.716951E-0002  4.350386E-0003  3.912443E-0003  6.302433E-0003  2.331236E-0002  1.300152E-0002  3.693943E-0002  2.796214E-0002  1.980447E-0002  3.772561E-0002
  2.716951E-0002  0.000000E+0000  4.583905E-0002  2.678538E-0002  7.095402E-0002  5.058610E-0002  9.298160E-0002  1.272180E-0002  7.636064E-0002  2.266594E-0002  5.876704E-0002
  4.350386E-0003  4.583905E-0002  0.000000E+0000  1.671289E-0003  1.800491E-0003  4.619648E-0002  2.506601E-0002  6.274877E-0002  4.056907E-0002  3.584222E-0002  6.079352E-0002
  3.912443E-0003  2.678538E-0002  1.671289E-0003  0.000000E+0000  1.916845E-0002  2.422117E-0002  1.326509E-0002  4.535154E-0002  4.477905E-0002  2.456277E-0002  4.559150E-0002
  6.302433E-0003  7.095402E-0002  1.800491E-0003  1.916845E-0002  0.000000E+0000  5.293187E-0002  9.442158E-0003  1.154513E-0001  5.416240E-0002  4.540332E-0002  6.318913E-0002
  2.331236E-0002  5.058610E-0002  4.619648E-0002  2.422117E-0002  5.293187E-0002  0.000000E+0000  1.221631E-0001  1.145316E-0001  1.290458E-0001  3.841903E-0002  9.879560E-0002
  1.300152E-0002  9.298160E-0002  2.506601E-0002  1.326509E-0002  9.442158E-0003  1.221631E-0001  0.000000E+0000  1.157722E-0001  4.357325E-0002  6.469599E-0002  6.401722E-0002
  3.693943E-0002  1.272180E-0002  6.274877E-0002  4.535154E-0002  1.154513E-0001  1.145316E-0001  1.157722E-0001  0.000000E+0000  1.007099E-0001  6.163059E-0002  6.652359E-0002
  2.796214E-0002  7.636064E-0002  4.056907E-0002  4.477905E-0002  5.416240E-0002  1.290458E-0001  4.357325E-0002  1.007099E-0001  0.000000E+0000  7.090598E-0002  5.772607E-0002
  1.980447E-0002  2.266594E-0002  3.584222E-0002  2.456277E-0002  4.540332E-0002  3.841903E-0002  6.469599E-0002  6.163059E-0002  7.090598E-0002  0.000000E+0000  1.214774E-0001
  3.772561E-0002  5.876704E-0002  6.079352E-0002  4.559150E-0002  6.318913E-0002  9.879560E-0002  6.401722E-0002  6.652359E-0002  5.772607E-0002  1.214774E-0001  0.000000E+0000

  0.000000E+0000  1.215293E-0002  3.929537E-0003  5.236896E-0003  6.291645E-0003  1.602498E-0002  1.139343E-0002  2.050973E-0002  1.426695E-0002  1.425829E-0002  2.604171E-0002
  1.215293E-0002  0.000000E+0000  2.196998E-0002  9.814504E-0003  3.251315E-0002  1.632306E-0002  5.407475E-0002  4.394609E-0003  3.378257E-0002  6.945736E-0003  3.215199E-0002
  3.929537E-0003  2.196998E-0002  0.000000E+0000  2.099463E-0003  1.323421E-0003  3.424625E-0002  2.152028E-0002  3.743338E-0002  1.997980E-0002  2.683069E-0002  4.222706E-0002
  5.236896E-0003  9.814504E-0003  2.099463E-0003  0.000000E+0000  1.388251E-0002  1.539134E-0002  1.344387E-0002  1.803779E-0002  3.028744E-0002  2.379936E-0002  3.558759E-0002
  6.291645E-0003  3.251315E-0002  1.323421E-0003  1.388251E-0002  0.000000E+0000  3.057401E-0002  6.384645E-0003  6.146545E-0002  3.140051E-0002  2.490290E-0002  3.793356E-0002
  1.602498E-0002  1.632306E-0002  3.424625E-0002  1.539134E-0002  3.057401E-0002  0.000000E+0000  8.445125E-0002  3.704277E-0002  6.163104E-0002  3.183059E-0002  7.339929E-0002
  1.139343E-0002  5.407475E-0002  2.152028E-0002  1.344387E-0002  6.384645E-0003  8.445125E-0002  0.000000E+0000  6.915474E-0002  2.712656E-0002  5.112484E-0002  4.465554E-0002
  2.050973E-0002  4.394609E-0003  3.743338E-0002  1.803779E-0002  6.146545E-0002  3.704277E-0002  6.915474E-0002  0.000000E+0000  3.890499E-0002  2.164105E-0002  2.769299E-0002
  1.426695E-0002  3.378257E-0002  1.997980E-0002  3.028744E-0002  3.140051E-0002  6.163104E-0002  2.712656E-0002  3.890499E-0002  0.000000E+0000  4.642234E-0002  3.602785E-0002
  1.425829E-0002  6.945736E-0003  2.683069E-0002  2.379936E-0002  2.490290E-0002  3.183059E-0002  5.112484E-0002  2.164105E-0002  4.642234E-0002  0.000000E+0000  9.909304E-0002
  2.604171E-0002  3.215199E-0002  4.222706E-0002  3.558759E-0002  3.793356E-0002  7.339929E-0002  4.465554E-0002  2.769299E-0002  3.602785E-0002  9.909304E-0002  0.000000E+0000

  0.000000E+0000  5.813763E-0003  2.525999E-0004  1.547175E-0002  1.375576E-0002  1.770108E-0002  5.190245E-0003  1.210561E-0002  6.796247E-0003  1.965653E-0002  1.076542E-0002
  5.813763E-0003  0.000000E+0000  6.156983E-0003  1.679844E-0003  6.364842E-0003  1.650536E-0003  7.507427E-0003  2.988994E-0003  2.066982E-0002  2.115815E-0003  5.476192E-0003
  2.525999E-0004  6.156983E-0003  0.000000E+0000  1.248403E-0003  1.006035E-0003  1.533811E-0003  2.582606E-0003  6.025972E-0003  5.335334E-0003  1.188861E-0002  6.227513E-0003
  1.547175E-0002  1.679844E-0003  1.248403E-0003  0.000000E+0000  1.692612E-0002  1.413393E-0002  6.010907E-0003  1.547258E-0002  2.695640E-0002  1.515569E-0002  1.709889E-0002
  1.375576E-0002  6.364842E-0003  1.006035E-0003  1.692612E-0002  0.000000E+0000  1.737227E-0002  1.030529E-0003  8.724809E-0003  2.034718E-0002  9.249458E-0003  4.318092E-0003
  1.770108E-0002  1.650536E-0003  1.533811E-0003  1.413393E-0002  1.737227E-0002  0.000000E+0000  7.919786E-0003  1.333843E-0002  2.744104E-0002  1.871477E-0002  1.764781E-0002
  5.190245E-0003  7.507427E-0003  2.582606E-0003  6.010907E-0003  1.030529E-0003  7.919786E-0003  0.000000E+0000  9.325874E-0003  9.806255E-0003  1.766399E-0002  8.580036E-0003
  1.210561E-0002  2.988994E-0003  6.025972E-0003  1.547258E-0002  8.724809E-0003  1.333843E-0002  9.325874E-0003  0.000000E+0000  3.023209E-0002  2.477851E-0002  1.887302E-0002
  6.796247E-0003  2.066982E-0002  5.335334E-0003  2.695640E-0002  2.034718E-0002  2.744104E-0002  9.806255E-0003  3.023209E-0002  0.000000E+0000  2.805154E-0002  1.896928E-0002
  1.965653E-0002  2.115815E-0003  1.188861E-0002  1.515569E-0002  9.249458E-0003  1.871477E-0002  1.766399E-0002  2.477851E-0002  2.805154E-0002  0.000000E+0000  1.927121E-0002
  1.076542E-0002  5.476192E-0003  6.227513E-0003  1.709889E-0002  4.318092E-0003  1.764781E-0002  8.580036E-0003  1.887302E-0002  1.896928E-0002  1.927121E-0002  0.000000E+0000

  0.000000E+0000  8.777320E-0003  1.062915E-0003  1.792093E-0002  1.607687E-0002  2.192146E-0002  7.394529E-0003  1.279282E-0002  1.540667E-0002  2.580408E-0002  2.383618E-0002
  8.777320E-0003  0.000000E+0000  1.228827E-0002  1.825874E-0002  4.742983E-0002  2.144817E-0002  2.555100E-0002  2.714233E-0003  3.438854E-0002  2.568824E-0002  1.749303E-0002
  1.062915E-0003  1.228827E-0002  0.000000E+0000  5.069137E-0003  4.332168E-0003  1.394351E-0002  1.537935E-0002  1.677131E-0002  2.154861E-0002  3.534408E-0002  3.767347E-0002
  1.792093E-0002  1.825874E-0002  5.069137E-0003  0.000000E+0000  7.298835E-0002  1.045219E-0001  3.204288E-0002  1.737643E-0002  6.130448E-0002  9.755498E-0002  1.156218E-0001
  1.607687E-0002  4.742983E-0002  4.332168E-0003  7.298835E-0002  0.000000E+0000  1.098607E-0001  6.086022E-0003  3.482201E-0002  4.950542E-0002  5.265779E-0002  7.125604E-0002
  2.192146E-0002  2.144817E-0002  1.394351E-0002  1.045219E-0001  1.098607E-0001  0.000000E+0000  2.629872E-0002  4.953315E-0002  8.955231E-0002  8.359612E-0002  8.875079E-0002
  7.394529E-0003  2.555100E-0002  1.537935E-0002  3.204288E-0002  6.086022E-0003  2.629872E-0002  0.000000E+0000  3.473519E-0002  2.639783E-0002  9.142192E-0002  7.896563E-0002
  1.279282E-0002  2.714233E-0003  1.677131E-0002  1.737643E-0002  3.482201E-0002  4.953315E-0002  3.473519E-0002  0.000000E+0000  4.227674E-0002  2.718373E-0002  2.123182E-0002
  1.540667E-0002  3.438854E-0002  2.154861E-0002  6.130448E-0002  4.950542E-0002  8.955231E-0002  2.639783E-0002  4.227674E-0002  0.000000E+0000  6.038501E-0002  6.126039E-0002
  2.580408E-0002  2.568824E-0002  3.534408E-0002  9.755498E-0002  5.265779E-0002  8.359612E-0002  9.142192E-0002  2.718373E-0002  6.038501E-0002  0.000000E+0000  1.966319E-0001
  2.383618E-0002  1.749303E-0002  3.767347E-0002  1.156218E-0001  7.125604E-0002  8.875079E-0002  7.896563E-0002  2.123182E-0002  6.126039E-0002  1.966319E-0001  0.000000E+0000

  0.000000E+0000  1.153917E-0002  2.658241E-0003  4.608848E-0002  4.220777E-0002  5.195722E-0002  2.499340E-0002  3.103849E-0002  1.849942E-0002  6.479584E-0002  6.929096E-0002
  1.153917E-0002  0.000000E+0000  1.096143E-0002  2.612155E-0002  6.562457E-0002  3.686411E-0002  3.780306E-0002  7.420961E-0003  4.991873E-0002  4.529900E-0002  2.257669E-0002
  2.658241E-0003  1.096143E-0002  0.000000E+0000  1.572669E-0002  8.346409E-0003  2.176817E-0002  2.183976E-0002  1.647227E-0002  2.245019E-0002  5.068957E-0002  4.787907E-0002
  4.608848E-0002  2.612155E-0002  1.572669E-0002  0.000000E+0000  1.794956E-0001  2.704621E-0001  8.959077E-0002  5.428321E-0002  1.358925E-0001  2.821128E-0001  3.581480E-0001
  4.220777E-0002  6.562457E-0002  8.346409E-0003  1.794956E-0001  0.000000E+0000  2.430288E-0001  1.690767E-0002  3.674465E-0002  1.151344E-0001  1.382691E-0001  2.084723E-0001
  5.195722E-0002  3.686411E-0002  2.176817E-0002  2.704621E-0001  2.430288E-0001  0.000000E+0000  6.748797E-0002  8.384053E-0002  1.538772E-0001  2.541132E-0001  1.867004E-0001
  2.499340E-0002  3.780306E-0002  2.183976E-0002  8.959077E-0002  1.690767E-0002  6.748797E-0002  0.000000E+0000  5.134511E-0002  5.663114E-0002  1.429906E-0001  2.112567E-0001
  3.103849E-0002  7.420961E-0003  1.647227E-0002  5.428321E-0002  3.674465E-0002  8.384053E-0002  5.134511E-0002  0.000000E+0000  5.492552E-0002  6.167392E-0002  5.410960E-0002
  1.849942E-0002  4.991873E-0002  2.245019E-0002  1.358925E-0001  1.151344E-0001  1.538772E-0001  5.663114E-0002  5.492552E-0002  0.000000E+0000  1.308049E-0001  1.455360E-0001
  6.479584E-0002  4.529900E-0002  5.068957E-0002  2.821128E-0001  1.382691E-0001  2.541132E-0001  1.429906E-0001  6.167392E-0002  1.308049E-0001  0.000000E+0000  4.749877E-0001
  6.929096E-0002  2.257669E-0002  4.787907E-0002  3.581480E-0001  2.084723E-0001  1.867004E-0001  2.112567E-0001  5.410960E-0002  1.455360E-0001  4.749877E-0001  0.000000E+0000
