6661999 = Ignore first line (new format code)
File name: E:\Folders\PhD\ISAD\ISAD_Curry_data\ISAD_EEGs\eLORETA\EEGs_128Hz_200sec-window\Clinical_v_Healthy\T1_clinical_all\F79-ROIlinLagConn-crss.txt
1 = Number of time frames in Time X Frequency decomposition
3 = Number of EEG files
11 = Number Electrodes
25600 = Number of time frames in EEG files
32768 = Number of time frames in EEG files power of 2
7 = Number of matrices
5 = Band type (1=Classical1; 2=Classical2; 3=DiscreteFreqs; 4=AllDiscreteFreqs; 5=UserDefinedBands)
 1.280000E+0002 = Sampling rate Hz
-1.000000E+0002 = Freq1 Hz
-1.000000E+0002 = Freq2 Hz
 3.906250E-0003 = Frequency resolution Hz

  0.000000E+0000  1.152524E-0002  8.338223E-0003  9.832980E-0003  1.436854E-0002  7.611243E-0003  5.770004E-0003  1.084865E-0002  1.973072E-0002  1.182066E-0002  3.888879E-0003
  1.152524E-0002  0.000000E+0000  3.374808E-0003  5.499335E-0003  7.734347E-0003  4.791438E-0003  3.751816E-0003  1.482429E-0002  6.291168E-0003  5.769930E-0003  4.916155E-0003
  8.338223E-0003  3.374808E-0003  0.000000E+0000  5.185411E-0003  3.128005E-0003  2.305186E-0003  2.576887E-0003  4.078766E-0003  5.685737E-0003  3.420013E-0003  1.265763E-0003
  9.832980E-0003  5.499335E-0003  5.185411E-0003  0.000000E+0000  1.730853E-0002  1.997722E-0002  1.561232E-0002  3.825822E-0002  1.585826E-0002  1.476325E-0002  3.955754E-0002
  1.436854E-0002  7.734347E-0003  3.128005E-0003  1.730853E-0002  0.000000E+0000  1.631157E-0002  7.149145E-0003  1.123098E-0002  1.387623E-0002  1.097376E-0002  1.437124E-0002
  7.611243E-0003  4.791438E-0003  2.305186E-0003  1.997722E-0002  1.631157E-0002  0.000000E+0000  1.412843E-0002  1.740607E-0002  6.667172E-0003  1.919867E-0002  3.268130E-0002
  5.770004E-0003  3.751816E-0003  2.576887E-0003  1.561232E-0002  7.149145E-0003  1.412843E-0002  0.000000E+0000  2.229044E-0002  2.885089E-0002  8.619105E-0003  1.797029E-0002
  1.084865E-0002  1.482429E-0002  4.078766E-0003  3.825822E-0002  1.123098E-0002  1.740607E-0002  2.229044E-0002  0.000000E+0000  1.211309E-0002  3.366819E-0002  4.234358E-0002
  1.973072E-0002  6.291168E-0003  5.685737E-0003  1.585826E-0002  1.387623E-0002  6.667172E-0003  2.885089E-0002  1.211309E-0002  0.000000E+0000  1.856744E-0002  1.237038E-0002
  1.182066E-0002  5.769930E-0003  3.420013E-0003  1.476325E-0002  1.097376E-0002  1.919867E-0002  8.619105E-0003  3.366819E-0002  1.856744E-0002  0.000000E+0000  1.924085E-0002
  3.888879E-0003  4.916155E-0003  1.265763E-0003  3.955754E-0002  1.437124E-0002  3.268130E-0002  1.797029E-0002  4.234358E-0002  1.237038E-0002  1.924085E-0002  0.000000E+0000

  0.000000E+0000  8.630758E-0004  9.113380E-0004  1.418572E-0002  1.174772E-0003  8.700252E-0003  5.057414E-0003  4.121497E-0003  1.548072E-0003  3.130840E-0003  1.349634E-0003
  8.630758E-0004  0.000000E+0000  7.336224E-0004  7.015165E-0003  2.294127E-0003  3.747581E-0003  5.478309E-0003  2.961853E-0003  4.026281E-0003  1.391200E-0003  1.355109E-0003
  9.113380E-0004  7.336224E-0004  0.000000E+0000  2.365549E-0003  8.131886E-0004  1.601379E-0003  2.445182E-0003  6.428903E-0004  1.506765E-0003  1.206737E-0003  1.645660E-0003
  1.418572E-0002  7.015165E-0003  2.365549E-0003  0.000000E+0000  9.119131E-0003  7.268939E-0003  1.631473E-0003  1.581500E-0002  1.318636E-0002  8.394478E-0003  3.015885E-0003
  1.174772E-0003  2.294127E-0003  8.131886E-0004  9.119131E-0003  0.000000E+0000  4.196734E-0003  3.881759E-0003  3.568276E-0003  9.635066E-0004  3.229083E-0003  1.258131E-0003
  8.700252E-0003  3.747581E-0003  1.601379E-0003  7.268939E-0003  4.196734E-0003  0.000000E+0000  5.760427E-0003  7.012430E-0003  9.957263E-0003  4.146587E-0003  4.831456E-0003
  5.057414E-0003  5.478309E-0003  2.445182E-0003  1.631473E-0003  3.881759E-0003  5.760427E-0003  0.000000E+0000  5.651544E-0003  4.733795E-0003  3.678895E-0003  1.977517E-0003
  4.121497E-0003  2.961853E-0003  6.428903E-0004  1.581500E-0002  3.568276E-0003  7.012430E-0003  5.651544E-0003  0.000000E+0000  4.762392E-0003  5.003470E-0003  2.464580E-0003
  1.548072E-0003  4.026281E-0003  1.506765E-0003  1.318636E-0002  9.635066E-0004  9.957263E-0003  4.733795E-0003  4.762392E-0003  0.000000E+0000  1.659212E-0003  4.815615E-0004
  3.130840E-0003  1.391200E-0003  1.206737E-0003  8.394478E-0003  3.229083E-0003  4.146587E-0003  3.678895E-0003  5.003470E-0003  1.659212E-0003  0.000000E+0000  1.948612E-0003
  1.349634E-0003  1.355109E-0003  1.645660E-0003  3.015885E-0003  1.258131E-0003  4.831456E-0003  1.977517E-0003  2.464580E-0003  4.815615E-0004  1.948612E-0003  0.000000E+0000

  0.000000E+0000  2.042880E-0003  8.592159E-0004  7.631030E-0003  1.899509E-0003  3.793319E-0003  9.925268E-0003  6.278906E-0003  6.624265E-0003  7.453355E-0003  1.235489E-0002
  2.042880E-0003  0.000000E+0000  4.839593E-0004  3.328631E-0003  1.045672E-0003  1.165090E-0003  5.432095E-0003  2.190516E-0003  2.144024E-0003  5.063769E-0003  7.262882E-0003
  8.592159E-0004  4.839593E-0004  0.000000E+0000  1.105024E-0003  7.926783E-0004  5.886116E-0004  1.467348E-0003  1.318955E-0003  9.012481E-0004  8.071096E-0004  1.789087E-0003
  7.631030E-0003  3.328631E-0003  1.105024E-0003  0.000000E+0000  5.169085E-0003  4.331240E-0003  2.847485E-0003  6.343499E-0003  5.654020E-0003  3.513473E-0003  3.162913E-0003
  1.899509E-0003  1.045672E-0003  7.926783E-0004  5.169085E-0003  0.000000E+0000  1.877131E-0003  6.674394E-0003  2.979357E-0003  2.204064E-0003  6.574019E-0003  9.385675E-0003
  3.793319E-0003  1.165090E-0003  5.886116E-0004  4.331240E-0003  1.877131E-0003  0.000000E+0000  8.992694E-0003  6.917899E-0003  5.313593E-0003  5.395913E-0003  1.180668E-0002
  9.925268E-0003  5.432095E-0003  1.467348E-0003  2.847485E-0003  6.674394E-0003  8.992694E-0003  0.000000E+0000  7.937916E-0003  4.213531E-0003  1.863020E-0003  2.633453E-0004
  6.278906E-0003  2.190516E-0003  1.318955E-0003  6.343499E-0003  2.979357E-0003  6.917899E-0003  7.937916E-0003  0.000000E+0000  5.520611E-0003  6.924838E-0003  1.056377E-0002
  6.624265E-0003  2.144024E-0003  9.012481E-0004  5.654020E-0003  2.204064E-0003  5.313593E-0003  4.213531E-0003  5.520611E-0003  0.000000E+0000  2.266080E-0003  5.300416E-0003
  7.453355E-0003  5.063769E-0003  8.071096E-0004  3.513473E-0003  6.574019E-0003  5.395913E-0003  1.863020E-0003  6.924838E-0003  2.266080E-0003  0.000000E+0000  4.881117E-0003
  1.235489E-0002  7.262882E-0003  1.789087E-0003  3.162913E-0003  9.385675E-0003  1.180668E-0002  2.633453E-0004  1.056377E-0002  5.300416E-0003  4.881117E-0003  0.000000E+0000

  0.000000E+0000  7.373127E-0003  1.303582E-0003  1.106444E-0002  4.681972E-0003  5.952685E-0003  1.093857E-0002  2.258361E-0002  1.582404E-0002  2.002526E-0002  2.608565E-0002
  7.373127E-0003  0.000000E+0000  1.068597E-0003  8.807219E-0003  9.449231E-0003  3.473333E-0003  7.498515E-0003  1.527054E-0002  6.848255E-0003  1.299783E-0002  1.879999E-0002
  1.303582E-0003  1.068597E-0003  0.000000E+0000  3.670711E-0003  2.502928E-0003  8.597648E-0004  1.765090E-0003  3.094242E-0003  1.314040E-0003  4.661483E-0003  4.249984E-0003
  1.106444E-0002  8.807219E-0003  3.670711E-0003  0.000000E+0000  9.220675E-0003  7.059803E-0003  9.125436E-0003  1.419755E-0002  1.405192E-0002  1.002612E-0002  1.505266E-0002
  4.681972E-0003  9.449231E-0003  2.502928E-0003  9.220675E-0003  0.000000E+0000  2.906630E-0003  4.701443E-0003  1.063791E-0002  9.851385E-0003  1.150301E-0002  1.121067E-0002
  5.952685E-0003  3.473333E-0003  8.597648E-0004  7.059803E-0003  2.906630E-0003  0.000000E+0000  4.384777E-0003  4.838873E-0003  1.902659E-0003  7.188032E-0003  1.563568E-0002
  1.093857E-0002  7.498515E-0003  1.765090E-0003  9.125436E-0003  4.701443E-0003  4.384777E-0003  0.000000E+0000  1.037415E-0002  1.200248E-0002  2.749964E-0003  9.456213E-0003
  2.258361E-0002  1.527054E-0002  3.094242E-0003  1.419755E-0002  1.063791E-0002  4.838873E-0003  1.037415E-0002  0.000000E+0000  2.659523E-0002  2.010055E-0002  2.396948E-0002
  1.582404E-0002  6.848255E-0003  1.314040E-0003  1.405192E-0002  9.851385E-0003  1.902659E-0003  1.200248E-0002  2.659523E-0002  0.000000E+0000  2.254087E-0002  3.216725E-0002
  2.002526E-0002  1.299783E-0002  4.661483E-0003  1.002612E-0002  1.150301E-0002  7.188032E-0003  2.749964E-0003  2.010055E-0002  2.254087E-0002  0.000000E+0000  9.686827E-0003
  2.608565E-0002  1.879999E-0002  4.249984E-0003  1.505266E-0002  1.121067E-0002  1.563568E-0002  9.456213E-0003  2.396948E-0002  3.216725E-0002  9.686827E-0003  0.000000E+0000

  0.000000E+0000  7.378004E-0003  6.125834E-0003  8.143027E-0002  2.965305E-0002  2.580540E-0002  7.149284E-0002  5.750925E-0002  9.070427E-0002  6.782077E-0002  1.113653E-0001
  7.378004E-0003  0.000000E+0000  2.810957E-0003  2.507576E-0002  6.440416E-0003  1.380627E-0002  1.937369E-0002  1.542512E-0002  1.349495E-0002  1.870330E-0002  2.892590E-0002
  6.125834E-0003  2.810957E-0003  0.000000E+0000  3.153747E-0002  6.234441E-0003  1.037881E-0002  2.516636E-0002  1.389441E-0002  1.082380E-0002  2.066649E-0002  3.359367E-0002
  8.143027E-0002  2.507576E-0002  3.153747E-0002  0.000000E+0000  1.798532E-0002  1.464180E-0001  1.111707E-0001  9.993349E-0002  1.089643E-0001  9.509953E-0002  1.252038E-0001
  2.965305E-0002  6.440416E-0003  6.234441E-0003  1.798532E-0002  0.000000E+0000  3.258491E-0002  9.903918E-0003  2.742410E-0002  1.996745E-0002  1.088255E-0002  1.330886E-0002
  2.580540E-0002  1.380627E-0002  1.037881E-0002  1.464180E-0001  3.258491E-0002  0.000000E+0000  1.509711E-0001  1.134243E-0001  8.901104E-0002  1.344068E-0001  2.408412E-0001
  7.149284E-0002  1.937369E-0002  2.516636E-0002  1.111707E-0001  9.903918E-0003  1.509711E-0001  0.000000E+0000  5.341070E-0002  5.758659E-0002  3.967447E-0002  4.986947E-0002
  5.750925E-0002  1.542512E-0002  1.389441E-0002  9.993349E-0002  2.742410E-0002  1.134243E-0001  5.341070E-0002  0.000000E+0000  6.501229E-0002  5.243598E-0002  8.089712E-0002
  9.070427E-0002  1.349495E-0002  1.082380E-0002  1.089643E-0001  1.996745E-0002  8.901104E-0002  5.758659E-0002  6.501229E-0002  0.000000E+0000  4.622894E-0002  8.428206E-0002
  6.782077E-0002  1.870330E-0002  2.066649E-0002  9.509953E-0002  1.088255E-0002  1.344068E-0001  3.967447E-0002  5.243598E-0002  4.622894E-0002  0.000000E+0000  4.118726E-0002
  1.113653E-0001  2.892590E-0002  3.359367E-0002  1.252038E-0001  1.330886E-0002  2.408412E-0001  4.986947E-0002  8.089712E-0002  8.428206E-0002  4.118726E-0002  0.000000E+0000

  0.000000E+0000  2.525014E-0003  1.434531E-0003  8.054614E-0003  2.720605E-0003  4.338474E-0003  7.576745E-0003  1.111425E-0002  1.310730E-0002  1.569695E-0002  2.387034E-0002
  2.525014E-0003  0.000000E+0000  6.691364E-0004  3.557915E-0003  9.003821E-0004  2.960655E-0003  2.819546E-0003  3.890530E-0003  3.062094E-0003  3.794631E-0003  5.815017E-0003
  1.434531E-0003  6.691364E-0004  0.000000E+0000  2.892412E-0003  6.626034E-0004  1.776982E-0003  1.998297E-0003  2.378524E-0003  2.236718E-0003  3.170497E-0003  7.220011E-0003
  8.054614E-0003  3.557915E-0003  2.892412E-0003  0.000000E+0000  3.556185E-0003  1.225439E-0002  1.284803E-0002  1.357260E-0002  1.145929E-0002  1.021403E-0002  1.543942E-0002
  2.720605E-0003  9.003821E-0004  6.626034E-0004  3.556185E-0003  0.000000E+0000  3.130808E-0003  1.543583E-0003  2.246047E-0003  1.902258E-0003  2.593938E-0003  3.605178E-0003
  4.338474E-0003  2.960655E-0003  1.776982E-0003  1.225439E-0002  3.130808E-0003  0.000000E+0000  1.481477E-0002  1.568244E-0002  7.265213E-0003  1.726735E-0002  4.075245E-0002
  7.576745E-0003  2.819546E-0003  1.998297E-0003  1.284803E-0002  1.543583E-0003  1.481477E-0002  0.000000E+0000  7.197770E-0003  6.784991E-0003  6.073614E-0003  1.183209E-0002
  1.111425E-0002  3.890530E-0003  2.378524E-0003  1.357260E-0002  2.246047E-0003  1.568244E-0002  7.197770E-0003  0.000000E+0000  1.182994E-0002  1.349798E-0002  1.975857E-0002
  1.310730E-0002  3.062094E-0003  2.236718E-0003  1.145929E-0002  1.902258E-0003  7.265213E-0003  6.784991E-0003  1.182994E-0002  0.000000E+0000  1.694637E-0002  2.483388E-0002
  1.569695E-0002  3.794631E-0003  3.170497E-0003  1.021403E-0002  2.593938E-0003  1.726735E-0002  6.073614E-0003  1.349798E-0002  1.694637E-0002  0.000000E+0000  1.083333E-0002
  2.387034E-0002  5.815017E-0003  7.220011E-0003  1.543942E-0002  3.605178E-0003  4.075245E-0002  1.183209E-0002  1.975857E-0002  2.483388E-0002  1.083333E-0002  0.000000E+0000

  0.000000E+0000  1.638515E-0003  9.639264E-0004  1.558015E-0003  2.477020E-0003  2.820629E-0003  1.223658E-0003  6.215490E-0003  7.142195E-0003  8.187250E-0004  5.698141E-0004
  1.638515E-0003  0.000000E+0000  3.338383E-0004  1.949286E-0003  1.016112E-0003  2.491866E-0003  1.470143E-0003  2.655012E-0003  3.024560E-0003  6.992514E-0004  4.921870E-0004
  9.639264E-0004  3.338383E-0004  0.000000E+0000  3.734915E-0004  3.401660E-0004  1.314628E-0003  7.498321E-0004  1.672609E-0003  1.424079E-0003  2.358612E-0004  7.459666E-0004
  1.558015E-0003  1.949286E-0003  3.734915E-0004  0.000000E+0000  2.407011E-0003  1.249907E-0003  9.354555E-0004  3.273448E-0003  1.295595E-0003  1.964637E-0004  1.947107E-0003
  2.477020E-0003  1.016112E-0003  3.401660E-0004  2.407011E-0003  0.000000E+0000  2.398970E-0003  1.330320E-0003  2.018399E-0003  2.439977E-0003  8.746246E-0004  4.888682E-0004
  2.820629E-0003  2.491866E-0003  1.314628E-0003  1.249907E-0003  2.398970E-0003  0.000000E+0000  4.457648E-0003  1.355600E-0002  9.446965E-0003  8.896182E-0004  6.146892E-0003
  1.223658E-0003  1.470143E-0003  7.498321E-0004  9.354555E-0004  1.330320E-0003  4.457648E-0003  0.000000E+0000  1.746421E-0003  7.199519E-0004  2.265258E-0004  9.230110E-0004
  6.215490E-0003  2.655012E-0003  1.672609E-0003  3.273448E-0003  2.018399E-0003  1.355600E-0002  1.746421E-0003  0.000000E+0000  5.975537E-0003  1.453891E-0003  8.073492E-0004
  7.142195E-0003  3.024560E-0003  1.424079E-0003  1.295595E-0003  2.439977E-0003  9.446965E-0003  7.199519E-0004  5.975537E-0003  0.000000E+0000  9.889929E-0004  2.134279E-0004
  8.187250E-0004  6.992514E-0004  2.358612E-0004  1.964637E-0004  8.746246E-0004  8.896182E-0004  2.265258E-0004  1.453891E-0003  9.889929E-0004  0.000000E+0000  3.738471E-0004
  5.698141E-0004  4.921870E-0004  7.459666E-0004  1.947107E-0003  4.888682E-0004  6.146892E-0003  9.230110E-0004  8.073492E-0004  2.134279E-0004  3.738471E-0004  0.000000E+0000
