6661999 = Ignore first line (new format code)
File name: E:\Folders\PhD\ISAD\ISAD_Curry_data\ISAD_EEGs\eLORETA\EEGs_128Hz_200sec-window\Clinical_v_Healthy\T1_clinical_all\F9-ROIlinLagConn-crss.txt
1 = Number of time frames in Time X Frequency decomposition
2 = Number of EEG files
11 = Number Electrodes
25600 = Number of time frames in EEG files
32768 = Number of time frames in EEG files power of 2
7 = Number of matrices
5 = Band type (1=Classical1; 2=Classical2; 3=DiscreteFreqs; 4=AllDiscreteFreqs; 5=UserDefinedBands)
 1.280000E+0002 = Sampling rate Hz
-1.000000E+0002 = Freq1 Hz
-1.000000E+0002 = Freq2 Hz
 3.906250E-0003 = Frequency resolution Hz

  0.000000E+0000  4.188964E-0003  2.477965E-0004  1.351018E-0003  2.019348E-0002  2.272328E-0002  1.885021E-0003  3.338496E-0002  2.295202E-0003  1.129402E-0002  1.779871E-0003
  4.188964E-0003  0.000000E+0000  4.031462E-0004  2.065463E-0003  2.571703E-0002  2.256334E-0002  2.294323E-0003  3.959296E-0002  4.079459E-0003  1.498844E-0002  3.852022E-0003
  2.477965E-0004  4.031462E-0004  0.000000E+0000  1.190110E-0004  3.329435E-0004  2.338615E-0004  1.667539E-0004  8.653647E-0004  1.100254E-0004  2.172145E-0004  1.516621E-0004
  1.351018E-0003  2.065463E-0003  1.190110E-0004  0.000000E+0000  4.351790E-0003  2.563475E-0002  1.416835E-0003  1.965766E-0002  3.583154E-0003  1.269983E-0002  1.252614E-0003
  2.019348E-0002  2.571703E-0002  3.329435E-0004  4.351790E-0003  0.000000E+0000  4.115887E-0002  4.358673E-0003  4.403128E-0002  1.062929E-0002  2.930989E-0002  1.582935E-0002
  2.272328E-0002  2.256334E-0002  2.338615E-0004  2.563475E-0002  4.115887E-0002  0.000000E+0000  5.932582E-0003  5.000547E-0002  2.936896E-0002  3.297744E-0002  5.368596E-0002
  1.885021E-0003  2.294323E-0003  1.667539E-0004  1.416835E-0003  4.358673E-0003  5.932582E-0003  0.000000E+0000  7.533229E-0003  2.649136E-0003  2.786315E-0003  1.698672E-0003
  3.338496E-0002  3.959296E-0002  8.653647E-0004  1.965766E-0002  4.403128E-0002  5.000547E-0002  7.533229E-0003  0.000000E+0000  3.135847E-0002  7.149796E-0002  6.189825E-0002
  2.295202E-0003  4.079459E-0003  1.100254E-0004  3.583154E-0003  1.062929E-0002  2.936896E-0002  2.649136E-0003  3.135847E-0002  0.000000E+0000  2.153292E-0002  4.232000E-0003
  1.129402E-0002  1.498844E-0002  2.172145E-0004  1.269983E-0002  2.930989E-0002  3.297744E-0002  2.786315E-0003  7.149796E-0002  2.153292E-0002  0.000000E+0000  4.316024E-0002
  1.779871E-0003  3.852022E-0003  1.516621E-0004  1.252614E-0003  1.582935E-0002  5.368596E-0002  1.698672E-0003  6.189825E-0002  4.232000E-0003  4.316024E-0002  0.000000E+0000

  0.000000E+0000  1.409005E-0003  1.442796E-0004  5.074854E-0003  1.634826E-0003  3.458240E-0003  2.761743E-0003  2.091992E-0003  1.194460E-0003  6.229751E-0003  3.588636E-0003
  1.409005E-0003  0.000000E+0000  1.582310E-0004  7.771061E-0004  4.806564E-0003  6.776812E-0003  1.283358E-0003  4.219911E-0003  2.468523E-0004  7.376840E-0003  1.474435E-0003
  1.442796E-0004  1.582310E-0004  0.000000E+0000  1.144273E-0003  4.947636E-0004  6.447954E-0004  5.900032E-0004  1.929363E-0004  8.662327E-0005  1.326852E-0003  9.239643E-0004
  5.074854E-0003  7.771061E-0004  1.144273E-0003  0.000000E+0000  1.125134E-0002  1.255942E-0002  4.891889E-0003  2.667529E-0003  3.595212E-0004  1.417930E-0002  7.073891E-0003
  1.634826E-0003  4.806564E-0003  4.947636E-0004  1.125134E-0002  0.000000E+0000  1.772399E-0002  4.892585E-0003  8.464050E-0003  6.822711E-0004  1.608271E-0002  1.030046E-0002
  3.458240E-0003  6.776812E-0003  6.447954E-0004  1.255942E-0002  1.772399E-0002  0.000000E+0000  1.493656E-0002  8.978772E-0003  8.078326E-0003  1.193595E-0002  1.182153E-0002
  2.761743E-0003  1.283358E-0003  5.900032E-0004  4.891889E-0003  4.892585E-0003  1.493656E-0002  0.000000E+0000  3.150093E-0003  3.435253E-0004  1.099243E-0002  2.318886E-0003
  2.091992E-0003  4.219911E-0003  1.929363E-0004  2.667529E-0003  8.464050E-0003  8.978772E-0003  3.150093E-0003  0.000000E+0000  3.452997E-0003  8.238091E-0003  5.338071E-0003
  1.194460E-0003  2.468523E-0004  8.662327E-0005  3.595212E-0004  6.822711E-0004  8.078326E-0003  3.435253E-0004  3.452997E-0003  0.000000E+0000  4.407995E-0003  1.225587E-0004
  6.229751E-0003  7.376840E-0003  1.326852E-0003  1.417930E-0002  1.608271E-0002  1.193595E-0002  1.099243E-0002  8.238091E-0003  4.407995E-0003  0.000000E+0000  1.247911E-0002
  3.588636E-0003  1.474435E-0003  9.239643E-0004  7.073891E-0003  1.030046E-0002  1.182153E-0002  2.318886E-0003  5.338071E-0003  1.225587E-0004  1.247911E-0002  0.000000E+0000

  0.000000E+0000  2.839340E-0004  1.443595E-0004  8.997011E-0005  1.143324E-0003  3.032271E-0004  4.425302E-0004  4.231052E-0004  3.462548E-0004  1.772776E-0004  4.144924E-0004
  2.839340E-0004  0.000000E+0000  1.020153E-0004  4.121636E-0005  7.374511E-0004  2.736161E-0004  3.446514E-0004  7.086003E-0005  2.600412E-0004  2.326012E-0004  2.756605E-0004
  1.443595E-0004  1.020153E-0004  0.000000E+0000  1.081309E-0005  1.737697E-0004  1.322199E-0004  3.854273E-0005  1.532119E-0004  1.078436E-0004  7.466380E-0005  4.201896E-0005
  8.997011E-0005  4.121636E-0005  1.081309E-0005  0.000000E+0000  1.799346E-0004  5.467710E-0004  4.656537E-0005  3.300119E-0005  1.224647E-0004  5.963157E-0004  1.421538E-0004
  1.143324E-0003  7.374511E-0004  1.737697E-0004  1.799346E-0004  0.000000E+0000  1.163007E-0003  6.398734E-0004  1.180605E-0003  1.194737E-0003  9.385820E-0004  4.753090E-0004
  3.032271E-0004  2.736161E-0004  1.322199E-0004  5.467710E-0004  1.163007E-0003  0.000000E+0000  7.471078E-0004  2.768851E-0004  9.952290E-0004  6.224519E-0004  5.580892E-0004
  4.425302E-0004  3.446514E-0004  3.854273E-0005  4.656537E-0005  6.398734E-0004  7.471078E-0004  0.000000E+0000  5.984479E-0004  3.907196E-0004  6.816882E-0004  1.896486E-0004
  4.231052E-0004  7.086003E-0005  1.532119E-0004  3.300119E-0005  1.180605E-0003  2.768851E-0004  5.984479E-0004  0.000000E+0000  5.315879E-0004  1.569431E-0004  4.322941E-0004
  3.462548E-0004  2.600412E-0004  1.078436E-0004  1.224647E-0004  1.194737E-0003  9.952290E-0004  3.907196E-0004  5.315879E-0004  0.000000E+0000  5.931893E-0004  3.559753E-0004
  1.772776E-0004  2.326012E-0004  7.466380E-0005  5.963157E-0004  9.385820E-0004  6.224519E-0004  6.816882E-0004  1.569431E-0004  5.931893E-0004  0.000000E+0000  3.432597E-0004
  4.144924E-0004  2.756605E-0004  4.201896E-0005  1.421538E-0004  4.753090E-0004  5.580892E-0004  1.896486E-0004  4.322941E-0004  3.559753E-0004  3.432597E-0004  0.000000E+0000

  0.000000E+0000  2.135252E-0004  2.365223E-0005  1.925414E-0003  3.975928E-0004  9.704392E-0004  6.226571E-0004  6.645909E-0004  5.132206E-0004  1.512880E-0003  2.115380E-0003
  2.135252E-0004  0.000000E+0000  5.313423E-0005  8.777145E-0004  7.090189E-0005  3.529386E-0004  3.165666E-0004  1.583295E-0004  1.488025E-0004  8.026994E-0004  1.009442E-0003
  2.365223E-0005  5.313423E-0005  0.000000E+0000  2.780291E-0004  3.989511E-0005  3.136161E-0004  1.145521E-0004  1.245574E-0004  3.955579E-0005  5.123270E-0004  2.911823E-0004
  1.925414E-0003  8.777145E-0004  2.780291E-0004  0.000000E+0000  2.543638E-0003  2.916907E-0003  1.132268E-0003  1.468109E-0003  2.469248E-0003  2.090758E-0003  9.670872E-0004
  3.975928E-0004  7.090189E-0005  3.989511E-0005  2.543638E-0003  0.000000E+0000  2.083925E-0003  4.927373E-0004  5.395901E-0004  3.354827E-0004  2.191815E-0003  2.869860E-0003
  9.704392E-0004  3.529386E-0004  3.136161E-0004  2.916907E-0003  2.083925E-0003  0.000000E+0000  1.789172E-0003  2.077313E-0003  1.517704E-0003  2.734441E-0003  1.940285E-0003
  6.226571E-0004  3.165666E-0004  1.145521E-0004  1.132268E-0003  4.927373E-0004  1.789172E-0003  0.000000E+0000  7.325663E-0004  8.717081E-0004  1.900845E-0003  1.256145E-0003
  6.645909E-0004  1.583295E-0004  1.245574E-0004  1.468109E-0003  5.395901E-0004  2.077313E-0003  7.325663E-0004  0.000000E+0000  1.955831E-0004  1.420402E-0003  2.239114E-0003
  5.132206E-0004  1.488025E-0004  3.955579E-0005  2.469248E-0003  3.354827E-0004  1.517704E-0003  8.717081E-0004  1.955831E-0004  0.000000E+0000  2.075596E-0003  2.816816E-0003
  1.512880E-0003  8.026994E-0004  5.123270E-0004  2.090758E-0003  2.191815E-0003  2.734441E-0003  1.900845E-0003  1.420402E-0003  2.075596E-0003  0.000000E+0000  1.620527E-0003
  2.115380E-0003  1.009442E-0003  2.911823E-0004  9.670872E-0004  2.869860E-0003  1.940285E-0003  1.256145E-0003  2.239114E-0003  2.816816E-0003  1.620527E-0003  0.000000E+0000

  0.000000E+0000  2.358102E-0003  1.707542E-0004  8.861507E-0003  6.292672E-0003  6.956285E-0003  1.574293E-0003  3.144069E-0002  3.864072E-0003  1.473701E-0002  5.915780E-0003
  2.358102E-0003  0.000000E+0000  2.620891E-0004  8.162949E-0003  1.182017E-0003  6.046080E-0003  1.238615E-0003  5.687026E-0003  6.455306E-0004  1.100877E-0002  7.116495E-0003
  1.707542E-0004  2.620891E-0004  0.000000E+0000  6.027470E-0004  4.346228E-0004  1.489118E-0004  2.486044E-0004  7.475664E-0004  4.480961E-0004  6.821835E-0004  6.174982E-0004
  8.861507E-0003  8.162949E-0003  6.027470E-0004  0.000000E+0000  2.161825E-0002  2.458649E-0002  2.690486E-0003  3.252178E-0002  1.389525E-0002  1.749500E-0002  3.808367E-0003
  6.292672E-0003  1.182017E-0003  4.346228E-0004  2.161825E-0002  0.000000E+0000  8.799870E-0003  3.290803E-0003  6.544560E-0003  2.306500E-0003  2.427327E-0002  2.188612E-0002
  6.956285E-0003  6.046080E-0003  1.489118E-0004  2.458649E-0002  8.799870E-0003  0.000000E+0000  4.357149E-0003  1.837040E-0002  9.689247E-0003  2.033590E-0002  3.457090E-0002
  1.574293E-0003  1.238615E-0003  2.486044E-0004  2.690486E-0003  3.290803E-0003  4.357149E-0003  0.000000E+0000  4.838513E-0003  2.188060E-0003  3.778538E-0003  2.552784E-0003
  3.144069E-0002  5.687026E-0003  7.475664E-0004  3.252178E-0002  6.544560E-0003  1.837040E-0002  4.838513E-0003  0.000000E+0000  8.224422E-0003  3.650114E-0002  4.248943E-0002
  3.864072E-0003  6.455306E-0004  4.480961E-0004  1.389525E-0002  2.306500E-0003  9.689247E-0003  2.188060E-0003  8.224422E-0003  0.000000E+0000  1.721346E-0002  1.171180E-0002
  1.473701E-0002  1.100877E-0002  6.821835E-0004  1.749500E-0002  2.427327E-0002  2.033590E-0002  3.778538E-0003  3.650114E-0002  1.721346E-0002  0.000000E+0000  2.120581E-0002
  5.915780E-0003  7.116495E-0003  6.174982E-0004  3.808367E-0003  2.188612E-0002  3.457090E-0002  2.552784E-0003  4.248943E-0002  1.171180E-0002  2.120581E-0002  0.000000E+0000

  0.000000E+0000  1.123193E-0003  1.234462E-0005  5.316812E-0003  2.962175E-0004  2.506886E-0003  1.326020E-0003  9.332075E-0004  8.101574E-0004  3.364619E-0003  5.548978E-0003
  1.123193E-0003  0.000000E+0000  1.244802E-0004  3.517535E-0003  5.297440E-0004  2.215351E-0003  8.233254E-0004  7.429622E-0004  7.167829E-0004  2.193049E-0003  3.383598E-0003
  1.234462E-0005  1.244802E-0004  0.000000E+0000  6.235917E-0004  8.710163E-0005  6.441563E-0005  2.454770E-0004  1.857092E-0004  1.310468E-0004  4.874720E-0004  4.902487E-0004
  5.316812E-0003  3.517535E-0003  6.235917E-0004  0.000000E+0000  6.490762E-0003  7.648856E-0003  2.538855E-0003  7.838880E-0003  7.244932E-0003  1.636525E-0003  2.740416E-0003
  2.962175E-0004  5.297440E-0004  8.710163E-0005  6.490762E-0003  0.000000E+0000  3.182762E-0003  1.318114E-0003  1.096316E-0003  2.437200E-0004  4.834409E-0003  5.733022E-0003
  2.506886E-0003  2.215351E-0003  6.441563E-0005  7.648856E-0003  3.182762E-0003  0.000000E+0000  2.150303E-0003  7.054592E-0003  4.330993E-0003  4.185950E-0003  3.809329E-0003
  1.326020E-0003  8.233254E-0004  2.454770E-0004  2.538855E-0003  1.318114E-0003  2.150303E-0003  0.000000E+0000  1.641871E-0003  1.443748E-0003  2.413045E-0003  2.398078E-0003
  9.332075E-0004  7.429622E-0004  1.857092E-0004  7.838880E-0003  1.096316E-0003  7.054592E-0003  1.641871E-0003  0.000000E+0000  1.182640E-0003  5.993779E-0003  7.230895E-0003
  8.101574E-0004  7.167829E-0004  1.310468E-0004  7.244932E-0003  2.437200E-0004  4.330993E-0003  1.443748E-0003  1.182640E-0003  0.000000E+0000  5.288018E-0003  6.994350E-0003
  3.364619E-0003  2.193049E-0003  4.874720E-0004  1.636525E-0003  4.834409E-0003  4.185950E-0003  2.413045E-0003  5.993779E-0003  5.288018E-0003  0.000000E+0000  2.863690E-0003
  5.548978E-0003  3.383598E-0003  4.902487E-0004  2.740416E-0003  5.733022E-0003  3.809329E-0003  2.398078E-0003  7.230895E-0003  6.994350E-0003  2.863690E-0003  0.000000E+0000

  0.000000E+0000  5.064382E-0005  6.139889E-0005  3.742822E-0004  4.360549E-0004  2.761793E-0004  4.170914E-0004  4.555174E-0005  1.539618E-0004  5.508146E-0004  4.272412E-0004
  5.064382E-0005  0.000000E+0000  1.221745E-0005  3.928778E-0005  1.114007E-0004  1.188675E-0004  1.065437E-0004  5.357547E-0005  3.239551E-0005  1.369888E-0004  8.357724E-0005
  6.139889E-0005  1.221745E-0005  0.000000E+0000  2.648984E-0004  8.295605E-0005  1.554301E-0004  9.371492E-0005  3.987696E-0006  8.495384E-0006  3.403044E-0004  2.539522E-0004
  3.742822E-0004  3.928778E-0005  2.648984E-0004  0.000000E+0000  9.625266E-0004  1.665186E-0003  1.060411E-0003  5.314559E-0004  1.120724E-0003  8.944315E-0004  1.312267E-0003
  4.360549E-0004  1.114007E-0004  8.295605E-0005  9.625266E-0004  0.000000E+0000  8.108411E-0004  3.058951E-0004  1.214413E-0004  2.387178E-0004  1.306377E-0003  7.237558E-0004
  2.761793E-0004  1.188675E-0004  1.554301E-0004  1.665186E-0003  8.108411E-0004  0.000000E+0000  9.513494E-0004  5.902436E-0004  3.440188E-0004  1.904099E-0003  1.180056E-0003
  4.170914E-0004  1.065437E-0004  9.371492E-0005  1.060411E-0003  3.058951E-0004  9.513494E-0004  0.000000E+0000  1.699743E-0004  3.251047E-0004  1.061894E-0003  8.807150E-0004
  4.555174E-0005  5.357547E-0005  3.987696E-0006  5.314559E-0004  1.214413E-0004  5.902436E-0004  1.699743E-0004  0.000000E+0000  5.902674E-0005  5.043476E-0004  5.744984E-0004
  1.539618E-0004  3.239551E-0005  8.495384E-0006  1.120724E-0003  2.387178E-0004  3.440188E-0004  3.251047E-0004  5.902674E-0005  0.000000E+0000  1.014537E-0003  1.131288E-0003
  5.508146E-0004  1.369888E-0004  3.403044E-0004  8.944315E-0004  1.306377E-0003  1.904099E-0003  1.061894E-0003  5.043476E-0004  1.014537E-0003  0.000000E+0000  1.404107E-0003
  4.272412E-0004  8.357724E-0005  2.539522E-0004  1.312267E-0003  7.237558E-0004  1.180056E-0003  8.807150E-0004  5.744984E-0004  1.131288E-0003  1.404107E-0003  0.000000E+0000
